1.532557
1.509678
1.601984
1.609295
1.589726
1.627642
1.669146
1.570649
1.639019
1.612837
1.631416
1.599814
1.825398
1.764898
1.665099
1.605353
1.654959
1.603502
1.672789
1.607782
1.605440
1.638573
1.622323
1.815109
1.662233
1.800594
1.674451
1.611141
1.646919
1.610841
1.613946
1.605104
1.625551
1.604325
1.653393
1.625959
1.650071
1.616840
1.671644
1.618066
1.621117
1.621876
1.689633
1.591482
1.664331
1.620133
1.640660
1.594481
1.653919
1.608919
1.600864
1.601752
1.657882
1.612944
1.712723
1.725640
1.658498
1.641789
1.653156
1.601868
1.611009
1.608281
1.621373
1.976957
1.667672
1.627258
1.727935
1.615066
1.685564
1.610198
1.627607
1.609769
1.624918
1.652088
1.636628
1.876277
1.651157
1.628915
1.652502
1.608178
1.604021
2.019873
1.666906
1.596282
1.664883
1.687995
1.657165
1.607031
1.652522
1.604999
1.614129
2.021673
1.664992
1.666097
1.663501
1.620424
2.688762
1.656866
1.630510
1.595876
1.595628
1.639240
1.656136
1.650103
1.653374
1.655912
1.610794
1.655632
1.620206
1.606199
1.626589
1.594710
1.644629
1.621273
1.653689
1.626709
1.654707
1.608481
1.658214
1.606892
1.603093
1.608125
1.630777
1.667382
1.651119
1.619515
1.669590
1.606030
1.658640
1.607649
1.613455
1.613153
1.624748
1.671917
1.694251
1.620474
1.654316
1.877379
1.661542
1.605937
1.612393
1.602042
1.630822
1.661418
1.669654
2.037698
1.650126
1.838386
1.657176
1.609825
1.609207
1.628722
1.702905
1.715318
1.652845
1.601809
1.652114
1.611176
1.656542
1.642953
1.590062
1.626170
1.697971
1.721180
1.646051
1.588999
1.665270
1.604185
1.679149
1.603887
1.726102
1.593764
1.666837
1.600616
1.674272
1.592785
1.691930
1.640333
1.649830
1.623338
1.603567
1.623463
1.617176
1.648834
1.672024
1.656149
1.644858
1.612977
1.679103
1.595303
1.607091
1.608142
1.633636
1.671986
1.647259
1.643990
1.652429
1.614046
1.691449
1.619021
1.602039
1.611345
1.638176
1.694280
1.643780
1.653495
1.704750
1.605758
1.680617
1.596508
1.631982
1.609195
1.599610
1.676876
1.644527
1.651196
1.943963
1.629267
1.656387
1.600799
1.610406
1.623477
1.608332
1.668602
1.648475
1.664153
1.635787
1.656408
1.620194
2.815455
1.603722
1.612691
1.663987
2.685127
1.650419
1.659393
1.599933
1.653320
1.599848
1.613620
1.623474
1.811058
1.677031
1.652347
1.650344
1.715955
1.597279
1.651884
1.619748
1.611414
1.613164
1.633105
1.642625
1.725366
1.852350
1.681617
1.632283
1.655039
1.628660
1.616681
1.632473
1.607083
1.669867
1.671129
1.682941
1.608442
1.663209
1.610185
1.805970
1.616353
1.601238
1.606131
1.670054
1.652777
1.700205
1.601359
1.650291
1.603272
1.658155
1.602354
1.601182
1.616555
1.689249
1.704604
1.645877
1.582721
1.643965
1.599660
1.625645
1.590823
1.594800
1.602007
1.796495
1.684082
1.658002
1.599467
1.661852
1.633737
1.738395
1.605755
1.602101
1.602005
1.614592
1.673571
1.689314
1.652224
1.655390
1.592134
1.709953
1.675339
1.662030
1.602294
1.697559
1.706777
1.770917
1.701501
1.650036
1.595971
1.934314
1.622342
1.605019
1.650314
1.654736
1.668540
1.668761
1.632702
1.672874
1.615390
1.692347
1.633615
1.612232
1.599009
1.653430
1.695289
1.665697
1.595616
1.667259
1.602168
1.682131
1.630658
1.597993
1.630918
1.689804
1.707939
1.684240
1.749979
1.736136
1.651892
1.680069
1.625396
1.613415
1.604044
1.599112
1.684312
1.724504
1.750136
1.664444
1.613543
1.662729
1.921437
1.628762
1.590413
1.676855
1.643935
1.643875
1.619423
1.658252
1.629743
1.676299
1.597438
1.609240
1.604619
1.627450
1.851279
1.656177
1.628854
1.673465
1.601714
1.671180
2.233665
1.605040
1.601063
1.688356
1.593603
1.679416
1.674221
1.651908
1.597624
1.689055
1.844569
2.460582
2.003413
1.754675
1.683749
1.632386
1.711036
1.606995
1.768600
1.632238
1.592860
1.590735
1.731872
1.941403
1.657062
1.737914
1.714828
1.597150
1.754803
1.606715
1.633470
1.610036
1.718529
1.825409
1.666769
1.693582
1.909850
1.786586
1.623469
1.593239
1.670918
1.601167
1.714201
1.684541
1.655385
1.732848
1.728462
1.698507
1.612665
1.601992
1.629899
1.619503
1.696126
1.672243
1.676622
1.714292
2.641644
1.644625
1.598055
1.617235
1.607082
1.681569
1.856845
1.852037
1.750902
1.651157
1.602705
1.649561
1.620154
1.613215
1.600855
1.694452
1.651672
1.655550
1.627073
1.813207
1.585753
1.661856
1.607228
1.614175
1.610161
1.697545
1.760500
1.779740
1.696412
1.904099
1.615605
1.631902
1.619216
1.604097
1.594151
1.730190
1.663970
1.669920
1.709004
1.762952
1.607498
1.644991
1.615285
1.629536
1.600085
1.692580
1.658959
1.662605
1.729890
1.918745
1.611127
1.651267
1.602929
1.627698
1.608895
1.721221
1.658029
1.658693
1.599844
1.673550
1.608544
1.639091
1.605887
1.613076
1.627621
1.686746
1.659529
1.647460
1.590409
1.678565
1.604025
1.678323
1.625048
1.603699
1.604146
1.726861
1.648917
1.662875
1.616349
1.654668
1.600642
1.662674
1.630607
1.594105
1.602307
1.607087
1.665534
1.676173
1.606878
1.659536
1.633451
1.646614
1.608994
1.609204
1.604291
1.597924
1.709804
1.728097
1.790810
1.677455
1.622067
1.655593
1.614159
1.616307
1.621738
1.633285
1.713924
1.722376
1.653551
1.653224
1.593472
1.701769
1.601611
1.598054
1.609819
1.673560
1.735517
1.673035
1.883591
1.642738
1.606060
1.645433
1.641489
1.607038
1.597029
1.643110
1.741340
1.684573
1.864763
1.679463
1.596639
1.669083
1.605705
1.615538
1.590780
1.664493
1.703793
1.990627
1.598438
1.670802
1.617004
1.651332
1.644625
1.599674
1.600358
1.611154
1.671793
1.754703
1.675377
1.665362
1.605836
1.668788
1.594570
1.641893
1.623349
1.598911
1.776852
1.660019
1.730432
1.771504
1.591623
1.677908
1.600599
1.610484
1.608329
1.599103
1.740589
1.655114
1.803251
1.695092
1.752583
1.682874
1.610864
2.733909
1.609020
1.647052
1.681383
1.646592
1.598679
1.662318
1.615797
1.642096
1.614893
1.597945
1.631909
1.640811
1.648269
1.655099
1.605013
1.647219
1.596596
1.657580
1.593624
1.615286
1.589782
1.787528
1.769340
1.683888
1.612125
1.654730
1.619326
1.629787
1.663765
1.581934
1.602659
1.665387
1.637837
1.674664
1.579793
1.689400
1.586268
1.633027
1.615904
1.589641
1.634859
1.624024
1.654195
1.667590
1.806664
1.651907
1.609981
1.663325
1.590169
1.592273
1.609180
1.598903
1.744512
1.678248
1.912108
1.642122
1.609400
1.654899
1.597401
1.607479
1.624410
1.654363
1.644471
1.684631
1.764498
1.652221
1.612102
1.645065
1.621479
1.631240
1.588644
1.639013
1.696034
1.660612
1.655139
1.591822
1.939125
1.633667
1.601649
1.592948
1.595973
1.610341
1.767571
1.671609
1.636842
1.575095
1.707883
1.636291
1.622010
1.589644
1.585417
1.616474
1.688136
1.668475
1.652015
1.586240
1.642448
1.584107
1.661410
1.595471
1.591863
1.598835
1.611167
1.688443
1.652834
1.584219
1.647504
1.642586
1.685912
1.597639
1.623588
1.628161
1.661679
1.674721
1.678341
1.577391
1.667349
1.587090
1.685119
1.614754
1.618237
1.572788
1.631944
1.608327
1.708697
1.668425
1.634145
1.604285
1.658010
1.631568
1.590814
1.691010
1.616932
1.714939
1.708886
1.632314
1.672616
1.659652
1.640360
1.611431
1.601862
1.593252
1.648841
1.673701
1.703287
1.774775
1.641319
1.592530
1.653653
1.585529
1.577776
1.581828
1.593464
1.784975
1.695725
1.659183
1.581237
1.624585
1.597093
1.764120
1.593813
1.630634
1.594907
1.695183
1.652158
1.696778
1.577759
1.647537
1.599668
1.627518
1.609364
1.599072
1.596792
1.944119
2.013768
1.648790
1.584573
1.632332
1.606512
1.646977
1.590535
1.609135
1.618584
1.897997
1.666016
1.635673
1.601182
1.643631
1.639522
1.632378
1.634014
1.596833
1.597786
1.718096
1.669270
1.633852
1.600154
1.640107
1.600602
1.649131
1.601682
1.593715
1.600471
1.709974
1.950921
1.647944
1.591674
1.635721
1.602819
1.641872
1.591487
1.604205
1.592752
1.673828
1.679440
1.664493
1.585482
1.651826
1.594959
1.658591
1.607505
1.598771
1.601373
1.607256
1.680425
1.647030
1.891970
1.637489
1.586544
1.844067
1.595651
1.596491
1.611031
1.709478
1.920572
1.689383
1.598701
1.674078
1.598542
1.666433
1.593523
1.626127
1.592672
1.670591
1.696791
1.672643
1.596036
1.655942
1.598829
1.641782
1.608841
1.596062
1.592464
1.631677
1.723368
1.645060
1.841506
1.649041
1.592217
1.658635
1.594566
1.594594
1.609186
1.656109
1.674915
1.672966
2.440737
1.636009
1.603717
1.642008
1.598662
1.613058
1.583607
1.628981
1.707931
1.696942
1.580637
1.639347
1.600404
1.640612
1.614762
1.585521
1.630434
1.579332
1.667823
1.672492
1.796893
1.703147
1.582233
1.623628
1.580602
1.587591
1.593391
1.650964
1.717829
1.637310
1.622917
1.695123
1.589658
1.658513
1.601533
1.591637
1.584491
1.752381
1.701987
1.635570
1.635676
1.598353
1.638461
1.589928
1.655613
1.589636
1.634821
1.595230
1.679971
1.650179
1.629686
1.586158
1.674870
1.591430
1.652305
1.601158
1.594734
1.935773
1.758414
1.963078
1.628349
1.600986
2.726999
1.676021
1.605082
1.612092
1.620327
1.616270
1.683417
1.647561
1.596258
1.661271
1.610016
1.658684
1.603597
1.614421
1.605854
1.606030
1.690728
1.648616
1.853387
1.657894
1.617602
1.652216
1.616671
1.613201
1.609100
1.673712
1.668708
1.647894
1.861140
1.654606
1.602711
1.666828
1.597555
1.610023
1.610073
1.605988
1.683046
1.714436
1.636823
1.654080
1.616172
1.655248
1.608015
1.958414
1.604793
1.603965
1.733650
1.646338
1.670885
1.664533
1.608656
1.646219
1.619949
1.597690
1.604956
1.760581
1.688327
1.701236
1.837453
1.646473
1.635487
1.652306
1.590296
1.593863
1.632537
1.874054
1.657988
1.699359
1.599766
1.647903
1.611616
1.675849
1.603115
1.626845
1.612205
1.606976
1.667034
1.636126
1.625946
1.692732
1.590281
1.650126
1.628107
1.578287
1.583662
1.592490
1.788616
1.747062
1.641066
1.587233
1.642462
1.622096
1.655871
1.598499
1.604954
1.591834
1.676574
1.737220
1.637075
1.582313
1.655816
1.612739
1.639925
1.622210
1.601007
1.602117
1.677685
1.692269
1.651873
1.580809
1.648044
1.596721
1.647922
1.598517
1.616172
1.605546
1.660976
1.922187
1.643979
1.587834
1.646324
1.598704
1.663350
1.595051
1.595975
1.591594
1.639321
1.667579
1.636916
1.647370
1.651125
1.656982
1.653431
1.633388
1.606730
1.934637
1.690092
1.946855
1.644932
1.662733
1.657103
1.615765
1.677025
1.601663
1.621522
1.613797
1.691462
1.930409
1.656578
1.600385
1.651678
1.624913
1.665756
1.607856
1.640499
1.606138
1.674596
1.678612
1.634006
1.597483
1.647240
1.630148
1.652223
1.584425
1.583524
1.588979
1.664620
1.679782
1.643147
1.629543
1.629349
1.586989
1.658661
1.594436
1.614974
1.602881
1.651253
1.688263
1.656678
1.645354
1.800011
1.610013
1.825241
1.589214
1.606049
1.595849
1.589592
2.117438
1.639137
1.845882
1.648943
1.597662
1.658002
1.600258
1.594837
1.606008
1.612152
1.698861
1.660709
1.660462
1.676604
1.607303
1.692553
1.606994
1.630557
1.613093
1.682764
1.669850
1.666151
1.948818
1.645640
1.597510
1.643265
1.595153
1.604077
1.589774
1.971588
1.659463
1.631899
1.574978
1.666718
1.594887
1.673228
1.598666
1.629997
1.594839
1.759137
1.766395
1.777162
1.586874
1.660558
1.597078
1.683010
1.614261
1.609478
1.615095
1.606159
1.689690
2.014414
1.643162
1.659066
1.607874
1.658228
1.602778
1.636671
1.589307
1.611061
1.719960
1.706456
1.806719
1.644592
1.590920
1.646096
1.608242
1.595548
1.591673
1.653948
1.669119
1.637823
1.648888
1.701352
1.600000
1.649269
1.595251
1.611489
1.600515
1.597817
1.758904
1.757225
1.646962
1.649086
1.629758
1.613634
1.769977
1.606839
1.595236
1.593946
1.676203
1.640208
1.648182
1.600353
1.642589
1.592346
1.670841
1.620888
1.590269
1.782133
1.618984
1.672794
1.643638
1.773843
1.632525
1.597659
1.644269
1.732836
1.630559
1.592694
1.670201
1.668837
1.632617
1.583974
1.643270
1.810469
1.657000
1.642815
1.578617
1.594362
1.680549
1.939586
1.649772
1.592015
1.647194
1.621697
1.650812
1.612460
1.586815
1.591920
1.610156
1.666251
1.630510
1.594559
1.641081
1.602176
1.641635
1.609903
1.597702
1.604531
1.702958
1.695175
1.727839
1.592161
1.650053
1.609752
1.659313
1.611744
1.630334
1.591635
1.672108
1.677667
1.667880
1.599856
1.647972
1.600714
1.656571
1.595288
1.613363
1.608993
1.596784
1.649190
1.659268
1.653320
1.601851
1.628510
1.580321
1.661892
1.593393
1.608289
1.586709
1.671703
1.645045
1.655293
1.604686
1.666149
1.589300
1.643132
1.596414
1.590515
1.598069
1.843656
1.735954
1.645826
1.612135
1.649087
1.599686
1.659465
1.591355
1.622716
1.595527
1.607109
1.651251
1.664344
1.649004
1.655214
1.614926
1.644445
1.598151
1.598926
1.590795
1.597762
1.652407
1.658151
1.693955
1.631407
1.605711
1.659992
1.601229
1.590705
1.595900
1.622342
1.614681
1.648547
1.931597
1.619763
1.589398
1.660735
1.588249
1.584539
1.595668
1.590628
1.660388
1.658122
1.662357
1.600802
1.661467
1.590298
1.640461
1.594601
1.584588
1.598043
1.657330
1.670296
1.667460
1.587653
1.636389
1.606355
1.660653
1.596185
1.620364
1.597856
1.597867
1.646107
1.695371
1.571006
1.631116
1.582380
1.634730
1.594271
1.584605
1.587491
1.586530
1.651325
1.645440
1.684792
1.623478
1.574999
1.693461
1.598461
1.625418
1.608670
1.591514
1.666027
1.644381
1.646219
1.577163
1.662175
1.592472
1.663785
1.610907
1.618666
1.596548
1.711591
1.636047
1.853465
1.603287
1.651778
1.592578
1.655441
1.591408
1.593650
1.607046
1.606897
1.616311
1.644280
1.618070
1.634913
1.601165
1.643121
1.829981
1.612622
1.601108
1.623068
1.639956
1.670309
1.584426
1.655444
1.611720
1.663549
1.612890
1.605005
1.629569
1.650136
1.704358
1.649065
1.600926
1.680850
1.604689
1.688553
1.605549
1.621902
1.621221
1.622367
1.644071
1.686546
1.830526
1.667739
1.597098
1.671848
1.593484
1.627016
1.583481
1.598415
1.682686
1.643765
1.653300
1.599522
1.650081
1.709631
1.600649
1.574150
1.594924
1.598220
1.644456
1.620564
1.658596
1.580506
1.619281
1.567940
1.612367
1.559015
1.569144
1.572473
1.566037
1.625645
1.632956
1.555338
1.629754
1.553475
1.607450
1.577943
1.562612
1.593816
1.568133
1.602918
1.728734
1.623320
1.564443
1.612640
1.582673
1.619412
1.582170
1.579424
1.570028
1.614374
1.641655
1.621103
1.579433
1.624147
1.581226
1.631903
1.587406
1.584474
1.583346
1.599888
1.632724
1.730097
1.581189
1.622338
1.599580
1.705791
1.556772
1.566102
1.566306
1.563149
1.624576
1.627273
1.616361
1.563918
1.632528
1.581401
1.640724
1.587096
1.579949
1.579409
1.672171
1.635204
1.626479
1.606313
1.632165
1.597181
1.672766
1.598543
1.632742
1.597695
1.581867
1.654014
1.657561
1.597299
1.653115
1.598597
1.668013
1.592402
1.617463
1.594790
1.591893
1.670964
1.632557
1.637187
1.602863
1.642887
1.747284
1.603036
1.622441
1.613421
1.596501
1.697274
1.648082
1.635677
1.592731
1.636296
1.615236
1.643989
1.587421
1.598316
1.586546
1.654484
1.639447
1.632371
1.586289
1.635890
1.607881
1.630462
1.579151
1.594982
1.584451
1.600910
1.635919
1.640834
1.601789
1.648951
1.595792
1.652395
1.590513
1.590545
1.594949
1.586434
1.646284
1.659676
1.636902
1.564904
1.627867
1.580178
1.651411
1.600783
1.584693
1.582511
1.595645
1.643226
1.616675
1.598320
1.638413
1.605357
1.643983
1.604643
1.584141
1.591747
1.592583
1.649211
1.736355
1.566858
1.624635
1.588409
1.655549
1.580145
1.590995
1.585456
1.582588
1.651472
1.753028
1.830301
1.659118
1.580316
1.638367
1.594315
1.569238
1.566195
1.599868
1.642070
1.619675
1.644681
1.589503
1.640928
1.604927
1.645158
1.628499
1.609010
1.579193
1.603889
1.630203
1.638930
1.615594
1.641404
1.581593
1.630888
1.599574
1.585290
1.588916
1.591850
1.650374
1.688868
1.587386
1.632310
1.586865
1.657333
1.582830
1.577438
2.641315
1.652103
1.640351
1.620500
1.585418
1.643524
1.584299
1.660429
1.596533
1.587718
1.589497
1.612143
1.807209
1.637883
1.624095
1.659428
1.604902
1.653285
1.598388
1.599862
1.597935
1.596288
1.651977
1.677469
1.613425
1.642129
1.591754
1.648281
1.997800
1.630543
1.597918
1.607112
1.668938
1.659195
1.596210
1.957220
1.623131
1.645358
1.624332
1.599036
1.872718
1.658730
1.587039
1.655381
1.609944
1.644588
1.594395
1.650863
1.599589
1.586374
1.594073
1.597705
1.653509
1.655283
1.624534
1.694654
1.606987
1.639048
1.600488
1.595286
1.586594
1.606620
1.657375
1.674383
1.636418
1.604967
1.646258
1.618875
1.640036
1.595435
1.592657
1.606053
1.598156
1.639770
1.628304
1.589873
1.678617
1.603817
1.644307
1.595515
1.610187
1.611176
1.589296
1.669175
1.645713
1.588719
1.634444
1.613030
1.635753
1.602630
1.597721
1.589611
1.593869
1.650252
1.647393
1.641023
1.587717
1.636297
1.739127
1.577880
1.594308
1.593862
1.626208
1.649512
1.668814
1.613506
1.663487
1.650397
1.591520
1.634984
1.599757
1.611581
1.620014
1.657419
1.636333
1.638600
1.591508
1.646871
1.594399
1.676860
1.593579
1.608148
1.612099
1.709564
1.708109
1.651416
1.603674
1.701733
1.615979
1.685091
1.605905
1.627565
1.613719
1.600806
1.743121
1.752362
1.604129
1.681715
1.600469
1.660279
1.614286
1.625568
1.595840
1.611323
1.647038
1.652048
1.706343
1.905021
1.589385
1.657770
1.586978
1.596820
1.598498
1.602583
1.904923
1.644177
1.589296
1.638620
1.609367
1.637761
1.585123
1.603055
1.615184
1.590979
1.654144
1.618545
1.779718
1.678325
1.615923
1.638212
1.616266
1.587409
1.581780
1.609485
1.669594
1.639729
1.670916
1.586959
1.672960
1.606752
1.662663
1.603040
1.645441
1.589540
1.669407
1.758679
1.659353
1.600889
1.674665
1.595498
1.650680
1.602877
1.593696
1.590703
1.618341
1.673776
1.629430
1.635070
1.636344
1.603639
1.660074
1.628071
1.585322
2.233467
2.484236
1.631423
1.661433
1.651138
1.746637
1.646251
1.594478
1.609084
1.590727
1.594705
1.642843
1.575486
1.646287
1.894395
1.649908
1.631172
1.621359
1.591545
1.589626
1.601855
1.644853
1.629728
1.651305
1.595945
1.897230
1.665569
1.609827
1.583573
1.596431
1.594423
1.649944
1.610944
1.659414
1.594471
1.701612
1.779683
1.672764
1.605924
1.630599
1.597319
1.648946
1.587140
1.640055
1.592440
1.642027
1.821119
1.645818
1.615173
1.585742
1.584391
1.640517
1.592277
1.641265
1.591466
1.633366
1.839219
1.652331
1.593736
1.604131
1.588743
1.605018
1.645669
1.631710
1.586129
1.660123
1.621579
1.632813
1.592378
1.583520
1.601215
1.637454
1.638523
1.584344
1.655893
1.649907
1.642613
1.645324
1.583848
1.604664
1.605794
1.598995
1.751466
1.597702
1.659626
1.601034
1.802269
1.595176
1.742446
1.604795
1.605177
1.603101
1.694067
1.592934
1.644316
1.614328
1.666960
1.832458
1.651210
1.613080
1.601033
1.612300
1.670680
1.590650
1.671763
1.608663
1.687111
2.906571
1.605019
1.615183
1.612220
1.595801
1.659277
1.670925
1.597790
1.643925
1.636759
1.628442
1.618456
1.585432
1.680845
1.605982
1.637977
1.618217
1.699144
1.645199
1.638091
1.661127
1.615477
1.587914
1.590558
1.602921
1.656598
1.589442
1.712418
1.582160
1.655744
1.652182
1.634954
1.619265
1.594592
1.616387
1.632695
1.618194
1.858318
1.750649
1.645788
1.588246
1.658479
1.599584
1.586783
1.602494
1.664426
1.652938
1.634939
1.584450
1.662975
1.600616
1.664780
1.592384
1.600869
1.622151
1.652270
1.689909
1.643566
1.601743
1.658367
1.593200
1.645453
1.623081
1.605732
2.018932
1.685951
1.640662
1.631989
1.598737
1.651631
1.598284
1.657329
1.617077
1.611049
1.594654
1.593693
1.647299
1.647079
1.595730
1.666439
1.606931
1.648375
1.588228
1.596902
1.587644
1.594009
1.655152
1.640187
1.636961
1.681623
1.806795
1.651100
1.618285
1.591634
1.591827
1.629005
1.647835
1.634809
1.635020
1.600453
1.636334
1.601760
1.650058
1.601700
1.617420
1.597991
1.618402
1.639175
1.668330
1.588666
1.693752
1.596713
1.687979
1.626370
1.615342
1.590357
1.611711
1.814550
1.641944
1.594434
1.664369
1.599440
1.650485
1.595913
1.593182
1.605549
1.760474
1.685326
1.645866
1.593043
1.677172
1.601872
1.641269
1.595482
1.598011
1.604018
1.603057
1.726132
1.686960
1.727241
1.644843
1.587387
1.630245
1.596469
1.576844
1.569170
1.615829
1.658364
1.660720
1.642837
1.877414
1.598660
1.657490
1.574190
1.574082
1.594243
1.582058
1.655198
1.634192
1.641983
1.665149
1.647008
1.571778
1.619568
1.568092
1.577028
1.584520
1.650931
1.667640
1.651469
1.603553
1.653050
1.588374
1.641136
1.608724
1.621674
1.594501
1.634309
1.626444
1.630438
1.584420
1.642917
1.604777
1.646252
1.593611
1.593767
1.590575
1.592762
1.663408
1.635707
1.654395
1.659695
1.802170
1.649181
1.603735
1.594898
1.605118
1.623196
2.280776
1.662423
1.589737
1.684890
1.582941
1.634264
1.579980
1.577975
1.569609
1.590131
1.646423
1.626124
1.634937
1.718063
1.804803
1.634705
1.612811
1.580099
1.588640
1.617365
1.633844
1.639890
1.650090
1.576310
1.690945
1.581437
1.637046
1.568986
1.577814
1.588965
1.634457
1.660239
1.633118
1.605779
1.654581
1.604288
1.623739
1.589745
1.610186
1.568109
1.639445
1.651796
1.652043
1.597483
1.645648
1.589515
1.663691
1.595482
1.594871
1.598987
1.585399
1.629491
1.661060
1.619345
1.684011
1.658104
1.726963
1.581075
1.584627
1.604059
1.584551
1.658185
1.626597
1.649828
1.586680
1.658159
1.586129
1.639133
1.582323
1.585774
1.611157
1.642414
1.649136
1.651502
1.592328
1.630518
1.587470
1.626597
1.582221
1.584811
1.594571
1.577306
1.629606
1.668317
1.717365
1.639432
1.565731
1.616492
1.603994
1.566467
1.562817
1.580363
1.652071
1.620700
1.611361
1.589260
1.609041
1.582691
1.658493
1.571390
1.583975
1.599120
1.630492
1.630335
1.646069
1.570368
1.650812
1.570896
1.647285
1.586626
1.574314
1.589515
1.563070
1.619115
1.693112
1.765592
1.630672
1.570093
1.615575
1.574269
1.598735
1.594819
1.585393
1.631667
1.645809
1.628260
1.585734
1.642076
1.608561
1.621366
1.577992
1.579963
1.587059
1.668639
1.626996
1.666147
1.588391
1.644042
1.582198
1.637932
1.580575
1.581415
1.587607
1.600833
1.611282
1.734256
1.619563
1.643687
1.615002
1.636122
1.605304
1.596372
1.659868
1.616311
2.017590
1.642790
1.588265
1.694754
1.584953
1.645428
1.607592
1.601720
1.600665
1.641622
1.587341
1.647978
1.661187
1.664915
1.629088
1.656382
1.603625
1.607330
1.618587
1.603880
1.667474
1.667351
1.659790
1.740171
1.827280
1.661468
1.604798
1.609300
1.600033
1.596839
1.666591
1.659611
1.803833
1.725855
1.695164
1.675012
1.599546
1.596753
1.629965
1.614152
1.657233
1.651916
1.656324
1.605929
1.904048
1.694942
1.610080
1.606856
1.607073
1.630629
1.627242
1.687172
1.670527
1.742417
1.676722
1.721872
1.604329
1.614294
1.623623
1.606145
1.768694
1.661275
1.644580
1.716795
1.637801
1.595472
1.748657
1.620148
1.597847
1.586632
1.657351
1.624034
1.646794
1.592620
1.640627
1.597809
1.657335
1.585355
1.607333
1.587639
1.657443
1.614725
1.770005
1.602295
1.647104
1.596526
1.662615
1.606048
1.590422
1.593847
1.649095
1.682881
1.643199
1.621206
1.628209
1.587246
1.687365
1.579088
1.813151
1.612694
1.595120
1.643631
1.661211
1.593547
1.641092
1.605921
1.649121
1.615217
1.603979
1.590838
1.598976
1.654024
1.634594
1.641283
1.653474
1.785314
1.653262
1.610585
1.581308
1.590136
1.601352
2.422124
1.638285
1.588454
1.647436
1.603594
1.644037
1.619840
1.593275
1.600848
1.610242
1.657730
1.638324
1.630653
1.641653
1.690262
1.683099
1.601227
1.597805
1.599008
1.600767
1.647885
1.634466
1.643144
1.586719
1.677086
1.631985
1.650114
1.614366
1.593153
1.585924
1.688832
1.636432
1.661974
1.585724
1.653550
1.599696
1.647179
2.739089
1.589848
1.637277
1.646868
1.639038
1.744971
1.644357
1.596596
1.660345
1.602766
1.594839
1.619144
1.596861
1.651087
1.648964
1.642015
1.684724
1.820537
1.670996
1.616648
1.614373
1.610266
1.603820
1.657265
1.670139
1.645376
1.608768
1.903934
1.641059
1.599961
1.601773
1.617255
1.579158
1.623192
1.647467
1.642527
1.631506
1.645893
1.618241
1.642273
1.593744
1.605860
1.593480
1.661359
1.651967
1.679309
1.598421
1.656475
1.595759
1.666564
1.598861
1.600853
1.618355
1.643974
1.634574
1.651174
1.618713
1.642351
1.630906
1.647036
1.573760
1.581500
1.608840
1.611836
1.651460
1.674879
1.728039
1.667324
1.600687
1.636651
1.592396
1.602983
1.610307
1.583554
1.649230
1.649228
1.628785
1.657160
1.660166
1.742716
1.608987
1.574562
1.584728
1.622816
1.654587
1.683795
1.637691
1.593767
1.708701
1.595153
1.679144
1.592183
1.601940
1.593374
1.591996
1.679326
1.631569
1.612316
1.656077
1.589201
1.697031
1.604729
1.621576
1.611958
1.668386
1.697063
1.691213
1.594830
1.649128
2.405475
1.752507
1.599514
1.594973
1.595666
1.644443
1.649012
1.893397
1.663240
2.050273
1.633654
1.597226
1.566029
1.583057
1.587133
1.646993
1.633925
2.096755
1.638172
1.596816
1.620271
1.576152
1.575674
1.583022
1.588490
1.640590
1.632484
1.671138
1.589312
1.664543
1.589205
1.636517
1.608714
1.602216
1.597826
1.758340
1.645886
1.650061
1.605741
1.679843
1.587803
1.674579
1.596557
1.620303
1.587510
1.654207
1.633097
1.673223
1.612444
1.669051
1.604570
1.651375
1.595402
1.614375
1.588554
1.583352
1.626758
1.757611
1.596439
1.635669
1.588949
1.629396
1.589385
1.591866
1.580956
1.601973
1.630572
1.645467
1.636788
1.628258
1.807450
1.637081
1.593823
1.574200
1.580956
1.600950
1.700097
1.634254
1.644835
1.610846
1.621281
1.588423
1.636081
1.577979
1.589851
1.605955
1.645876
1.664597
1.627777
1.598395
1.633619
1.571138
1.650249
1.572802
1.569845
1.599633
1.729568
1.626261
1.619490
1.570281
1.617346
1.572266
1.640062
1.567926
1.584481
1.573310
1.567102
1.620488
1.615712
1.591704
1.565525
1.630574
1.567743
1.641330
1.573111
1.564933
1.566013
1.597027
1.664249
1.707767
2.028044
1.620108
1.601560
1.638018
1.591397
1.585501
1.601327
1.638551
1.651709
1.645740
1.583929
1.713371
1.575611
1.638731
1.577361
1.600893
1.732402
1.582430
1.687621
1.728450
1.576498
1.671669
1.617899
1.608982
1.587725
1.577195
1.610106
1.594708
1.633198
1.558200
1.668478
1.766939
1.889869
1.628193
1.572638
1.583985
1.562624
1.584518
1.714585
1.632478
1.646264
1.743607
1.731851
1.633302
1.600020
1.647671
1.558248
1.558495
1.689857
1.735484
1.612975
1.622227
1.620470
1.550148
1.642485
1.574827
1.570149
1.574241
1.648264
1.625365
1.632014
1.581730
1.632063
1.579287
1.626877
1.576726
1.597882
1.819014
1.597914
1.635938
1.662146
1.817342
1.668273
1.575044
1.640921
1.589300
1.582501
1.592759
1.699322
1.651257
1.656148
1.624548
1.676031
1.721360
1.649971
1.584127
1.602564
1.605341
1.595582
1.654293
1.641347
1.625273
1.726360
1.868194
1.636081
1.610438
1.591494
1.587828
1.609907
1.635774
1.639182
1.614185
1.737908
1.745240
1.635439
1.580071
1.620297
2.173053
1.675703
1.661360
1.772082
1.637251
1.666514
1.590466
1.625685
1.574024
1.598040
1.588097
1.658470
1.647825
1.632160
1.646212
1.696076
1.859117
1.617298
1.582563
1.585571
1.609884
1.603491
1.654750
1.631855
1.622303
1.660932
1.822841
1.645552
1.570685
1.587506
1.593245
1.627561
1.702901
1.685652
1.667155
1.637439
1.641129
1.592489
1.648893
1.619771
1.581347
1.603150
1.701603
1.646549
1.630515
1.614211
2.013061
1.591564
1.640391
1.593333
1.593675
1.593833
1.660584
1.636582
1.652212
1.591142
1.636890
1.606604
1.639262
1.603562
1.581554
1.581102
1.583727
1.587036
1.581278
1.615904
1.653258
1.552513
1.612255
1.580584
1.584966
1.578043
1.607669
1.650206
1.657168
1.648491
1.582482
1.627541
1.583402
1.626552
1.569080
1.586299
1.581720
1.646049
1.651471
1.629497
1.582696
1.672695
1.597495
1.658259
1.623885
1.585718
1.616225
1.607373
1.808563
2.083017
1.591328
1.641815
1.610824
1.673646
1.562515
1.583330
1.606513
1.591380
1.650035
1.638282
1.567041
1.635784
1.577054
1.666748
1.587953
1.564897
1.577971
1.665090
1.847446
1.577756
1.642896
1.653033
1.597760
1.661587
1.623701
1.582545
1.604420
1.599943
1.669116
1.639292
1.619297
1.601474
1.630046
1.741276
1.587164
1.611784
1.573693
1.574265
1.598509
1.579374
1.636047
1.843615
1.622821
1.615934
1.633957
1.595562
1.588540
1.602993
1.660417
1.632355
1.647207
1.599791
1.637196
1.723651
1.629476
1.567823
1.574321
1.577929
1.579336
1.623562
1.610657
1.609445
1.635498
1.592423
1.606340
1.579698
1.584589
1.579321
1.583456
1.643203
1.626125
1.637606
1.590820
1.623340
1.581533
1.635884
1.607915
1.588424
1.585333
1.613380
1.632546
1.621706
1.587040
1.653320
1.587250
1.644308
1.595602
1.582362
1.579593
1.610461
1.639177
1.629917
1.639137
1.630215
1.590799
1.665648
1.582159
1.619166
1.594453
1.597026
1.662321
1.642695
1.641871
1.591705
1.652234
1.592254
1.735420
1.622243
1.604119
1.594208
1.696464
1.645032
1.653788
1.596630
1.647041
1.590537
1.636850
1.576179
1.589161
1.615380
1.598804
1.817469
1.647411
1.593882
1.643826
1.595641
1.665213
1.609045
1.596322
1.603190
1.671843
1.595498
1.675787
1.724605
1.656965
1.621930
1.621601
1.579877
1.600398
1.599365
1.606873
1.641988
1.638447
1.639943
1.633353
1.593883
1.650014
1.591162
1.604138
1.600811
1.592512
1.675183
1.654646
1.652189
1.601680
1.654997
1.598061
1.648445
1.609968
1.625313
1.601976
1.681098
1.647372
1.652402
1.632716
1.657200
1.603902
1.657478
1.968360
1.592043
1.610844
1.678212
1.643878
1.645781
1.603523
1.657324
1.613845
1.644137
1.590255
1.600820
1.608513
1.644057
1.601937
1.662415
1.631381
1.671324
1.589442
1.639931
1.602704
2.883754
1.605110
1.649868
1.636215
1.650050
1.642314
1.592253
1.650535
1.582117
1.587744
1.608034
1.590501
1.754793
1.747841
1.639523
1.593733
1.670438
1.601625
1.700501
1.706189
1.606532
1.606122
1.676938
1.664971
1.654182
1.603140
1.639621
1.597587
1.655455
1.602827
1.612945
1.582419
1.669185
1.646403
1.657519
1.615915
1.664627
1.595304
1.660327
1.602570
1.612056
1.606796
1.700228
1.764819
1.644781
1.611941
1.785493
1.590440
1.937751
1.585396
1.588984
1.629648
1.686835
1.655839
1.658213
1.606261
1.646848
1.576990
1.639958
1.607099
1.570051
1.744528
1.641448
1.646303
1.661619
1.820452
1.659454
1.578246
1.643550
1.588113
1.592849
1.585460
1.671485
1.624548
1.652255
1.654680
1.715069
1.591985
1.861757
1.586700
1.589372
1.594310
1.684383
1.664140
1.597603
1.680906
1.669828
1.591505
1.678658
1.595710
1.619943
1.602613
1.646766
1.635499
1.655959
1.667029
1.682246
1.601628
1.649503
1.582270
1.596602
1.590023
1.648971
1.750852
1.659295
1.695968
1.831422
1.622908
1.630684
1.589456
1.588539
1.610713
1.609552
1.661591
1.859067
1.658705
1.654950
1.892856
1.651128
1.586122
1.595427
1.613974
1.600317
1.665644
1.646785
1.669842
1.691019
1.918327
1.641120
1.600727
1.603570
1.597444
1.600847
1.680895
1.661506
1.757520
1.726369
1.583906
1.677141
1.610659
1.575181
1.615268
1.600767
1.686868
1.693408
1.645096
1.663217
2.078667
1.664394
1.589822
1.727322
1.601624
1.613741
1.651725
1.671347
1.631464
1.669990
1.594237
1.648170
1.597170
1.594584
1.604644
1.603623
1.711102
1.651225
1.827078
1.592439
1.650005
1.788028
1.588142
1.582616
1.595685
1.614228
1.647166
1.661199
1.652536
1.614536
1.642606
1.598622
1.643068
1.594597
1.624558
1.593582
1.604823
1.661271
1.631850
1.590370
1.673576
1.607223
1.664393
1.594708
1.628203
1.586208
1.590866
1.663567
1.641766
1.588116
1.650913
1.573454
1.663280
1.582864
1.582260
1.596832
1.584529
1.645257
1.695789
1.630356
1.591618
2.435390
1.670077
2.389343
1.586404
1.600899
1.704603
1.640670
1.644785
1.579684
1.636203
1.625176
1.633462
1.612980
1.586436
1.602485
1.717693
1.857128
1.716606
1.673620
1.730102
1.655811
1.715580
1.651431
1.647131
1.659574
1.737975
1.676275
1.869360
1.925764
1.645571
1.712768
1.587390
1.576642
1.604492
1.609099
1.696490
1.602429
1.639760
1.887029
1.597702
1.651526
1.590701
1.593753
1.620409
1.592716
1.652296
1.658779
1.645035
1.605907
1.663177
1.605736
1.660709
1.656806
1.705518
1.580325
1.922757
1.639232
1.678765
1.598097
1.640592
1.599612
1.764758
1.601791
1.611282
1.602542
1.666096
1.745340
1.629467
1.586400
1.657079
1.620042
1.639055
1.619208
1.597529
1.598032
1.644021
1.619310
1.657075
1.625459
1.641826
1.602470
1.675165
1.588192
1.607207
1.597007
1.835527
1.660426
1.661329
1.593383
1.633104
1.587614
1.669766
1.578165
1.584518
1.592772
1.598726
1.693492
1.659377
1.573030
1.639474
1.598849
1.665791
1.583078
1.623427
1.559235
1.582732
1.729905
1.634667
1.663843
1.595308
1.626519
1.582297
1.638170
1.580715
1.611251
1.583679
1.678798
1.673902
1.742226
1.581501
1.629553
1.591731
1.658272
1.658010
1.666515
1.598430
1.677951
1.649906
1.710220
1.588299
1.672598
1.600396
1.650218
1.612968
2.262281
1.655046
1.725216
1.738032
1.665909
1.578602
1.621799
1.615660
1.633908
1.582037
1.596238
1.599927
1.703326
1.681139
1.665247
1.587890
1.639600
1.586667
1.669909
1.593922
1.590082
1.595766
1.638857
1.677015
1.640386
1.589619
1.669879
1.604073
1.663907
1.677514
1.606798
1.591872
1.637751
1.692364
1.655961
1.611216
1.638164
1.604694
1.642051
1.611952
1.629828
1.617217
1.649481
1.669427
1.670400
1.798538
1.657607
1.613478
1.639108
1.621989
1.629696
1.601877
1.622551
1.685077
1.729728
1.656382
1.631026
1.586535
1.673784
1.613088
1.588491
1.607261
1.588705
1.706560
1.696615
1.647406
1.625273
1.649950
1.764951
1.745666
1.593284
1.603010
1.634514
1.658650
1.663022
1.696274
1.620323
1.640871
1.594383
1.747789
1.599062
1.608207
1.592891
1.728317
1.703888
1.664742
1.650070
1.636730
1.670310
1.618129
1.596497
1.591280
1.588303
1.845888
1.656644
1.738357
1.582737
1.667155
1.596305
1.631586
1.605246
1.587524
1.608160
1.674971
1.760005
1.655361
1.584340
1.632586
1.597805
1.644724
1.591614
1.592718
1.599788
1.679815
1.653456
1.642955
1.575085
1.638300
1.603423
1.648481
1.594384
1.615330
1.626642
1.665380
1.660820
1.737358
1.579780
1.647043
1.592588
1.856176
1.584141
1.631037
1.635285
1.638522
1.622557
1.642172
1.849998
1.646123
1.580454
1.632681
1.588470
1.592518
1.587409
1.632613
1.647677
1.638837
1.634883
1.583084
1.644831
1.585444
1.648194
2.136139
1.602798
1.592739
1.672906
1.776168
1.839455
1.650551
1.582117
1.646541
1.588565
1.611210
1.593674
1.651015
1.772017
1.693772
1.823340
1.639690
1.583806
1.648557
1.584744
2.236004
1.575695
2.599402
1.625874
1.627816
1.582270
1.656902
1.577518
1.678136
1.576744
1.575407
1.619479
1.681128
1.633338
1.621421
1.571887
1.636523
1.590513
1.638073
1.570923
1.586452
1.598028
1.606477
1.662576
1.624426
1.573159
1.617046
1.602138
1.624149
1.597771
1.602769
1.584672
1.593700
1.678139
1.658556
1.627615
1.601340
1.752457
1.678782
2.543187
1.597283
1.622826
1.696788
1.626762
1.639338
1.705448
1.634216
1.585105
1.640420
1.604809
1.596037
1.580404
1.675763
1.793551
1.644003
1.596438
1.635807
1.580990
1.633689
1.577798
1.578725
1.584654
1.655316
1.677441
1.647637
1.907620
1.644677
1.567960
1.630431
1.598988
1.593648
1.570968
1.640259
1.612291
1.627273
1.617879
1.673559
1.622724
1.553233
1.635553
1.595574
1.568149
1.578305
1.636894
1.726669
1.629978
1.641986
1.689530
1.582138
1.618531
1.569836
1.574204
1.592544
1.638970
1.627930
1.611143
1.595927
1.650011
1.574779
1.633446
1.616803
1.585420
1.637792
1.650139
1.665628
1.678266
1.826627
1.664675
1.567498
1.623983
1.578302
1.568104
1.597962
1.634696
2.193505
1.642746
1.614305
1.632377
1.555255
1.626400
1.606341
1.583315
2.331961
1.742232
1.644018
1.646675
1.598340
1.770533
1.592430
1.648814
1.602672
1.581481
1.580335
1.651508
1.767748
1.633078
1.601531
1.668666
1.576658
1.638213
1.567546
1.584334
1.580748
1.585687
1.657462
1.648840
1.625326
1.658084
1.574094
1.639026
1.581947
1.583694
1.588546
1.592733
1.682070
1.661435
1.624747
1.670236
1.641756
1.598052
1.628719
1.620248
1.576794
1.584545
1.651882
1.649880
1.630265
1.660535
1.912260
1.579794
1.621430
1.579597
1.604205
1.587584
1.688114
1.578442
1.691506
1.604925
1.635215
1.602712
1.637182
1.666307
1.604136
1.612121
1.659622
1.600619
1.729329
1.839503
1.626459
1.579872
1.651247
1.594729
1.575194
1.584633
1.599795
1.622231
1.622323
1.668889
1.659081
1.559990
1.628679
1.567558
1.579003
1.601066
1.582029
1.661554
1.641973
1.634616
1.679882
1.639453
1.597760
1.640123
1.598656
1.594118
1.618087
1.684014
1.642691
1.624017
1.634296
1.613430
1.602343
1.681746
1.566373
1.613768
1.589293
1.623679
1.715537
1.734853
1.570649
1.632643
1.594672
1.638952
1.578084
1.589626
1.577366
1.577382
1.642211
1.623177
1.629967
1.637356
1.590276
1.650612
1.580286
1.581898
1.582504
1.591784
1.669641
1.616740
1.641706
1.573237
1.632504
1.580273
1.641696
1.595614
1.603372
1.597688
1.613682
1.665511
1.629749
1.579507
1.647002
1.598761
1.633020
1.576008
1.597839
1.828204
1.633588
1.657258
1.629148
1.743452
1.843825
1.592607
1.647026
1.594472
1.593564
1.595795
1.606053
1.616646
1.648678
1.638348
1.636646
1.591159
1.637350
1.580459
1.619027
1.581417
1.799419
1.628885
1.632881
1.618284
1.585522
1.678133
2.067819
1.603545
1.595687
1.592647
1.603125
1.666692
1.632735
1.656862
1.669324
1.605899
1.682287
1.602596
1.591794
1.601169
1.615157
1.653275
1.643307
1.631733
1.586587
1.673010
1.587747
1.635774
1.594322
1.584720
1.615344
1.629706
1.733027
1.851669
1.584446
1.637463
1.606642
1.635752
1.574789
1.595064
1.586370
1.706662
1.678295
1.660376
1.626303
1.645586
1.597650
1.625678
1.596810
1.591353
1.588874
1.627777
1.959543
1.665137
1.620414
1.662093
1.622866
1.663885
1.599871
1.622605
1.594768
1.687176
2.792355
1.671134
1.722955
1.630002
1.656454
1.672392
1.600625
1.602852
1.645159
1.665372
1.650130
1.642659
1.583487
1.651196
1.647299
1.618548
1.565790
1.580567
1.571372
1.665815
1.632199
1.633576
1.587483
1.654782
1.589265
1.731125
1.608560
1.597110
1.632772
1.698353
1.683172
1.683852
1.599274
1.684560
1.608540
1.663420
1.591333
1.602648
1.623163
1.807742
1.691701
1.657397
1.640423
1.615276
1.613559
1.648909
1.604767
1.587398
1.586678
1.612119
1.731654
1.676652
1.779017
1.616422
1.605612
1.730260
1.579116
1.624529
1.591711
1.584668
1.712914
1.595176
1.673945
1.690177
1.625421
1.637946
1.582233
1.596810
1.576369
1.674675
1.684810
1.639534
1.677481
1.579467
1.693107
1.711447
1.649508
1.624892
1.622413
1.611082
1.704438
1.732191
1.658948
2.719078
1.605232
1.723990
2.153239
1.598302
1.586488
1.782481
1.687380
1.668298
1.647900
1.666018
1.588885
1.640715
1.592270
1.625696
1.619365
1.658467
1.897437
1.664428
1.598979
1.652553
1.634181
1.664324
1.600547
1.621361
1.593746
1.771319
1.708246
1.695249
1.588214
1.641865
1.632035
1.664877
1.640115
1.617252
1.621017
1.742116
1.831204
1.687896
1.657134
1.705051
1.635622
1.629608
1.606440
1.585441
1.604164
1.713458
1.637718
1.654324
1.575568
1.631784
1.585308
1.629634
1.585481
1.598803
1.591680
1.603200
1.810888
1.640671
1.587190
1.651449
1.618838
1.634977
1.599133
1.587582
1.623457
1.662044
1.793142
1.637981
1.818584
1.640454
1.605820
1.639977
1.585201
1.587044
1.596771
1.666186
1.681256
1.644725
1.979518
1.631467
1.610931
1.630983
1.586200
1.623374
1.581294
1.587556
1.649099
1.572441
1.624558
1.610059
1.577908
1.642765
1.593217
1.568165
1.565212
1.573400
1.671339
1.615601
1.668991
1.539143
1.608161
1.571812
1.613302
1.566256
1.577012
1.935943
1.714341
1.726558
1.639350
1.668004
1.623307
1.556394
1.615702
1.614480
1.573031
1.583467
1.682823
1.657984
1.626127
1.650197
1.759451
1.569918
1.654199
1.580687
1.584585
1.600887
1.586472
1.753340
1.586360
1.940353
1.636753
1.584914
1.620147
1.558380
1.581070
1.584819
1.625434
1.647752
1.635636
1.609924
2.403256
1.551712
1.629534
1.578714
1.572177
1.590684
1.570380
1.721725
1.673463
1.980016
1.611106
1.572797
1.627969
1.573446
1.577103
1.591487
1.594799
1.629523
1.639051
1.630895
1.668374
1.566291
1.614956
1.584990
1.592940
1.579521
1.596751
1.659846
1.645964
1.632840
1.675771
1.619979
1.587460
1.640857
1.586267
1.587585
1.584479
1.700409
1.673797
1.640122
1.644888
1.905860
1.580663
1.654598
1.596637
1.585222
1.576267
1.662670
1.663199
1.715989
1.661239
1.630306
1.568004
1.620370
1.574086
1.590517
1.611091
1.712617
1.743004
1.572837
2.015456
1.889219
1.569215
1.650866
1.580556
1.576713
1.601786
1.657319
1.645198
1.648139
2.091678
1.629776
1.573460
1.659371
1.568487
1.573111
1.578076
1.659848
1.778355
1.703336
1.698359
1.710757
1.571897
1.648385
1.587634
1.628285
1.712537
1.878524
1.640062
1.687407
1.875676
1.636899
1.591340
1.672275
1.599268
1.623465
1.594747
1.671589
1.948663
1.640350
1.582941
1.643439
1.612823
1.661330
1.631161
1.566823
1.577065
1.650904
1.633791
1.606114
1.629336
1.640947
1.592280
1.617429
1.565945
1.600805
1.596873
1.775881
1.772321
1.568078
1.664683
1.628568
1.572105
1.625778
1.607808
1.562107
1.578374
1.629478
1.630769
1.872270
1.633843
1.633479
1.605049
1.636621
1.585162
1.599924
1.584032
1.586930
1.642102
1.646548
1.636958
1.579214
1.881455
1.729331
1.586582
1.592616
1.588558
1.593789
1.659700
1.644234
1.624580
1.610872
1.669222
1.586205
1.649993
1.594510
1.585571
1.598115
1.658409
1.636061
1.591135
1.666521
1.640545
1.612046
1.641164
1.617074
1.601871
1.579563
1.653405
1.592825
1.641735
1.625182
1.647924
1.571034
1.615551
1.600493
1.572918
1.582631
1.586458
1.646280
1.639904
1.627484
1.583320
1.651187
1.580218
1.625304
1.597543
1.593651
1.573646
1.644221
1.625715
1.643694
1.720662
1.655025
1.584251
1.642021
1.623089
1.588437
1.596391
1.693103
1.646550
1.591614
1.652210
1.662254
1.585543
1.673665
1.597718
1.588512
1.598855
1.605058
1.660384
1.655919
1.630118
1.634014
1.599922
1.669265
1.603606
1.614989
1.593773
1.596909
1.658560
1.640724
1.624318
1.612707
1.634939
1.565527
1.636062
1.578289
1.587832
1.586274
1.688034
1.611900
1.623954
1.672242
1.669687
1.561320
1.634331
1.575645
1.584158
1.580590
1.738218
1.631954
1.579108
1.618425
1.630328
1.654429
1.624737
1.607094
1.595429
1.610843
1.608880
1.626305
1.645866
1.640850
1.647930
1.597668
1.622487
1.576374
1.587169
1.591834
1.581406
1.665879
1.632471
1.622720
1.575689
1.631121
1.670920
1.613480
1.581041
1.564389
1.564024
1.667677
1.601520
1.563231
1.615511
1.630092
1.559000
1.656365
1.563989
1.574210
1.579042
1.582346
1.613383
1.635515
1.629396
1.645589
1.586452
1.623887
1.583123
1.586651
1.605913
1.570677
1.625405
1.646372
1.604703
1.586375
1.626359
1.571035
1.625650
1.575150
1.592203
1.625122
1.654473
1.585563
1.640892
1.652883
1.646629
1.598293
1.643218
1.597542
1.597810
1.594731
1.726000
1.710974
1.668328
1.644595
1.652167
1.596491
1.630607
1.591501
1.578458
1.581505
1.600912
1.633777
1.631440
1.633783
1.590535
1.661851
1.728404
1.702701
1.601869
1.590649
1.626546
1.635296
1.638625
1.637576
1.591676
1.651179
1.598738
1.647406
1.623395
1.592885
1.648359
1.645495
1.637392
1.669356
1.689566
1.646461
1.594434
1.661592
1.617037
1.600012
1.593535
1.655546
1.641446
1.591521
1.643597
1.651426
1.597274
1.642061
1.599297
1.610002
1.618184
1.612425
1.637527
1.637036
1.637881
1.671785
1.642629
1.738781
1.594480
1.625069
1.598863
1.668654
1.678706
1.644850
1.657276
1.649330
1.603512
1.741280
1.593129
1.599671
1.602899
1.655825
1.655527
1.647733
1.670726
1.597978
1.712057
1.666797
1.611567
1.596043
1.602810
1.617034
1.750369
1.766171
1.654412
1.609011
1.649778
1.597229
1.782414
1.596750
1.610724
1.601417
1.753996
1.649422
1.671763
1.661850
1.626767
1.590035
1.961265
1.576940
1.582450
2.659884
1.635940
1.580370
1.642327
1.670252
1.589461
1.622735
1.581234
1.601153
1.716550
1.662228
1.675870
1.637139
1.649266
1.625551
1.642582
1.656526
1.618939
1.591744
1.597832
1.685015
1.968913
1.659989
1.627914
1.643676
1.612605
1.650363
1.601590
1.608026
1.591539
1.662529
1.700072
1.657311
1.643742
1.671340
1.587742
1.637951
1.600532
1.594631
1.620476
1.604071
1.654430
1.639373
1.663380
1.603665
1.668646
1.611105
1.646352
1.597746
1.628680
1.609254
2.162557
1.663817
1.649541
1.663132
1.617224
1.658147
1.650996
1.615801
1.626868
1.608079
1.892356
1.659606
1.661817
1.685491
1.586345
1.643348
1.601044
1.599445
1.587696
1.600938
1.673292
1.632210
1.665263
1.604298
1.636072
1.598836
1.645269
1.619074
1.602068
1.592860
1.719898
1.745067
1.682695
1.606810
1.641851
1.578706
1.651423
1.605740
1.596466
1.598785
1.694469
1.931196
1.736292
1.597745
1.644943
1.592482
1.657366
1.628316
1.599721
1.615649
1.669745
1.953067
1.957322
1.598991
1.643884
1.611641
1.647219
1.593667
1.604012
1.590600
1.753653
1.751696
1.639743
1.589061
1.645825
1.602668
1.629768
1.616991
1.582984
1.594233
1.657061
1.939457
1.701254
1.597693
1.650748
1.625195
1.630941
1.616058
1.619904
1.590386
1.704627
1.748100
1.702810
1.813709
1.650413
1.606181
1.651057
1.592366
1.603948
1.595880
1.670404
1.922125
1.673700
1.586325
1.649088
2.210637
1.578001
1.583993
1.619243
1.611694
1.666621
1.738592
1.648315
1.595652
1.663055
1.610959
1.660577
1.601535
1.614588
1.632820
1.658509
1.648405
1.693610
1.612012
2.438143
1.645288
1.603441
2.654334
1.608673
1.693636
1.635256
1.756895
1.589531
1.639254
1.596411
1.651123
1.596476
1.609160
1.593762
1.685104
1.749444
1.600813
1.649560
1.679546
1.590369
1.625643
1.589491
1.602033
1.598659
1.699414
1.930421
1.601072
1.644845
1.642379
1.605071
1.648964
1.594447
1.594108
1.597632
1.655380
1.788874
1.597682
1.648320
1.649709
1.596696
1.635062
1.595277
1.633618
1.592643
1.594852
1.685512
1.614896
1.649849
1.646735
1.584106
1.662373
1.597743
1.598203
1.588426
1.609071
1.656214
1.636634
1.634753
1.600792
1.626305
1.597361
1.640743
1.585232
1.614055
1.587548
1.678522
1.914965
1.620398
1.585254
1.647908
1.597792
2.027034
1.597690
1.590543
1.591874
1.692312
1.666422
1.629716
1.586314
1.644442
1.594842
1.631073
1.590304
1.596762
1.608180
1.680266
2.623886
1.643016
1.653641
1.615989
1.654406
1.610136
1.615053
1.608342
1.609916
1.689113
1.654044
1.644241
1.707065
1.650088
1.608531
1.712007
1.581801
1.589384
1.609734
1.698206
1.655199
1.650206
1.675697
1.621960
1.597860
1.661905
1.593229
1.616376
1.936768
1.745588
1.757609
1.641308
1.653011
1.638921
1.615626
1.651932
1.626887
1.600804
1.598221
1.670307
1.645010
1.643063
1.720867
1.651041
2.195640
1.613887
1.599646
1.591185
1.626360
1.728879
1.690500
1.638501
1.663244
1.683665
1.639598
1.593711
1.603909
1.613928
1.593429
1.711871
1.653278
1.644572
1.655971
1.628068
1.609063
1.658199
1.624070
1.586471
1.604565
1.694930
1.644238
1.776057
1.691979
2.227743
1.666636
1.601586
1.610027
1.604990
1.598048
1.717950
1.683260
1.651092
1.762702
1.694200
2.222555
1.604317
1.601933
1.641787
1.658430
1.650069
1.649237
1.652512
1.648514
1.588550
1.652393
1.594419
1.601946
1.586615
1.680539
1.651301
1.631558
1.635337
1.713039
1.606837
1.680444
1.583995
1.599371
1.596004
1.599677
1.693626
1.641848
1.644537
1.658576
1.634483
1.598970
1.636071
1.634594
2.059413
1.612200
2.531176
1.591940
1.767223
1.672645
1.635654
1.647003
1.637442
1.607678
1.619218
1.714860
1.638609
1.591660
1.674172
1.662003
1.587288
1.642228
1.690824
1.594827
1.622189
1.671711
1.617187
1.651836
1.636076
1.646597
1.622178
1.648974
1.617155
1.601806
1.606558
1.621605
1.658659
1.642671
1.628610
1.669303
1.588204
1.676142
1.594924
1.585613
1.595978
1.602941
1.646492
1.637303
1.642204
1.625092
1.637634
1.604491
1.639929
1.615196
1.599924
1.593689
1.685285
1.655272
1.671685
1.665462
1.636938
1.582258
1.633883
1.623561
1.653629
1.601027
1.673458
1.646862
1.583537
1.674489
1.667920
1.590085
1.630196
1.587202
1.589890
1.601833
1.713845
1.631892
1.599545
1.629731
1.615374
1.595545
1.646110
1.600028
1.605793
1.619163
1.583595
1.659136
1.665080
1.660834
1.586954
1.639456
1.736527
1.618615
1.600749
1.626499
1.611848
1.674665
1.667891
1.867924
1.600563
1.796809
1.658468
1.604061
1.609902
1.619967
1.603826
1.676847
1.656574
1.795542
1.597788
1.657673
1.708235
1.603760
1.603867
1.608024
1.606883
1.675940
1.650108
1.624963
1.597426
1.627302
1.574184
1.636696
1.607560
1.585689
1.586296
1.596759
1.640976
1.577299
1.620333
1.627574
1.592786
1.623317
1.599662
1.584368
1.570335
1.650395
1.668217
1.628526
1.622376
1.639858
1.581247
1.640331
1.576206
1.584011
1.601370
1.589610
1.634901
1.646393
1.650227
1.587445
1.632733
1.623355
1.637031
1.639339
1.579562
1.594673
1.670658
1.690256
1.636466
1.670258
1.642973
1.589042
1.639049
1.600613
1.594875
1.640779
1.604961
1.594716
1.635689
1.649089
1.643145
1.600182
1.674593
1.597419
1.626411
1.620211
1.598210
1.659578
1.646583
1.668114
1.654543
1.599551
1.649508
1.640159
1.620629
1.609108
1.606259
1.654655
1.647426
1.670755
1.703764
1.605159
1.642866
1.608772
1.962460
1.593595
1.736857
1.662573
1.650034
1.647535
1.666519
2.720450
1.634697
1.607846
1.589378
1.591473
1.703402
1.630347
1.613036
1.709682
1.786039
1.721044
1.836882
1.701805
1.693016
1.702754
1.754193
1.755045
1.743078
1.741636
1.678961
1.739382
1.695551
1.715493
1.688794
1.688065
1.729131
1.743646
1.730144
1.731786
1.699021
1.747912
1.683264
1.698947
1.743035
1.827096
1.858775
1.742258
1.683491
1.789490
1.804959
1.681275
1.736043
1.691957
1.696096
1.770923
1.694987
1.755430
1.746026
1.705136
1.742283
1.708402
1.721578
1.700941
1.792603
1.741797
1.789053
1.786007
1.782884
1.685383
1.745706
1.683460
1.679966
1.701238
1.778033
1.748039
1.785538
1.740711
1.685600
1.749138
1.725789
1.692769
1.690115
1.699227
1.753555
1.710308
1.749103
1.751293
1.710200
1.740452
1.694855
1.717651
1.745985
1.764069
1.752455
1.787945
1.741126
1.778803
1.757595
1.700802
1.717650
1.707504
1.709278
1.849259
1.707180
1.760582
1.900294
1.710021
1.761828
1.723581
1.707250
1.715285
1.834443
1.792927
1.870221
1.717108
1.760625
1.773999
1.715356
1.715832
1.716236
1.749374
1.805981
1.713942
1.757684
1.779743
1.718517
1.758566
1.830876
1.706096
1.706428
1.820616
1.770506
1.754905
1.714948
1.759561
1.752399
1.702858
1.711349
1.714635
1.697203
1.773676
1.706953
1.760668
1.775725
1.705390
1.767948
1.716424
1.715310
1.710654
1.785607
1.770671
1.766410
1.720294
1.768879
1.871074
1.719465
1.727702
1.704449
1.797131
2.004511
1.770847
1.749642
1.761447
1.743852
1.753526
1.723925
1.752517
1.731007
1.776497
1.760642
1.766004
1.830712
1.749194
1.758602
1.757333
1.721693
1.753290
1.799488
1.844686
1.752499
2.175023
1.758456
1.796702
1.725473
1.743029
1.748302
1.754407
1.755963
1.760435
1.758798
1.762256
1.723706
1.754395
1.695846
1.689990
1.710506
1.759893
1.755258
1.762921
1.804618
1.755749
1.861981
1.702964
1.706636
1.749224
1.759543
1.797380
1.801518
1.786026
1.911060
1.715494
1.806709
1.711274
1.713486
1.704401
1.813940
1.770584
1.760008
1.860617
1.717900
1.801951
1.724104
1.755417
1.713596
1.839490
1.875476
1.709912
1.804294
1.752812
1.719176
1.759835
1.704198
1.807524
1.716738
1.797524
1.807570
1.756328
1.775377
1.729209
1.758105
1.708777
1.719587
1.705319
1.808855
1.800448
1.927854
1.874513
1.786303
1.817733
1.724349
1.752324
1.750369
1.737080
1.802700
1.771610
1.893629
1.760248
1.702892
1.762767
1.707085
1.716554
1.722682
1.800625
1.800437
1.799842
1.826817
1.820220
1.755179
1.712375
1.751039
1.743098
1.774077
1.720322
1.907366
2.030582
1.735809
1.751937
1.749481
1.712378
1.740070
1.730926
1.748437
1.776144
1.803313
1.765462
1.700991
1.754572
1.711356
1.707300
1.716642
1.848744
1.765377
1.782726
1.727322
1.749957
1.716326
1.794165
1.683301
1.770670
1.722182
1.862275
1.792194
1.767438
1.766390
1.719302
1.775844
1.710120
1.737455
1.719815
1.783189
1.802581
1.765326
1.722123
1.767625
1.859959
1.709102
1.713521
1.711881
1.719336
1.756473
1.963410
1.762565
1.766101
1.716360
1.833385
1.720561
1.707105
1.712690
1.771932
1.770783
1.788265
1.716422
1.772747
1.770984
1.747812
1.708281
1.716876
1.713219
1.760731
1.782567
1.759678
1.758801
1.758136
1.755653
1.708166
1.764906
1.714124
1.780314
1.774666
1.758801
1.713521
1.764650
1.772054
1.707764
1.720610
1.722290
1.705542
1.783456
1.807309
1.765691
1.782168
1.712084
3.010949
1.940564
1.727388
1.765708
1.771982
1.784054
1.723664
1.764707
1.734664
1.825212
1.719284
1.725832
1.721733
1.783347
1.788147
1.920558
1.763407
1.731655
1.799444
1.723417
1.722681
1.717151
1.794873
1.779918
1.762233
1.758570
1.773727
1.830259
1.771381
1.719394
1.757604
1.735896
1.775277
1.779513
1.765799
1.773862
1.720338
1.780485
1.725541
1.713137
1.742536
1.818792
1.770251
1.775994
1.718148
1.762931
1.769154
1.710737
1.708363
1.714203
1.716789
1.802964
1.773059
1.803416
1.758707
1.720299
1.794639
1.708017
1.715638
1.710258
1.777092
1.765409
1.768296
1.704890
1.765814
1.765809
1.710922
1.716526
1.707908
1.704431
1.766969
1.761728
1.764432
1.778932
1.757269
1.758630
1.717476
1.750275
1.715482
1.797521
1.778727
1.769808
1.761507
1.757231
1.809153
1.709889
1.739211
1.710368
1.723749
1.800789
1.814542
1.769475
1.777700
1.712416
1.779235
1.712883
1.702147
1.713522
1.761709
1.766078
1.759757
1.715092
1.763944
1.814926
1.714121
1.725024
1.710218
1.797467
1.820142
1.777809
1.761844
1.753146
1.718556
1.804924
1.706832
1.715188
1.713589
1.813836
1.805433
1.762811
1.752299
1.766723
1.761705
1.694464
1.719563
1.734921
1.703133
1.625557
1.631943
1.656335
1.640631
1.579085
1.631830
1.589581
1.584373
1.576240
1.597857
1.639971
1.632381
1.641142
1.584690
1.617292
1.588903
1.635128
1.613906
1.592790
1.585682
1.646203
1.632369
1.564197
1.850675
1.637453
1.640627
1.650259
1.610541
1.582083
1.579503
1.595040
1.596060
1.625587
1.624129
1.618685
1.576940
1.633079
1.581878
1.572197
1.621027
1.574418
1.634893
1.632691
1.631561
1.580248
1.629850
1.583232
1.638101
1.588194
1.589640
1.581323
1.663614
1.624693
1.663908
1.586701
1.659330
1.599527
1.655377
1.578390
1.598731
1.587414
1.636060
1.572048
1.652396
1.635462
1.649309
1.619115
1.642736
1.584228
1.597913
1.580601
1.595781
1.665453
1.631198
1.621808
1.693363
1.581078
1.633020
1.587873
1.578799
1.581354
1.586695
1.635979
1.625337
1.659205
1.593745
1.628909
1.638794
1.616194
1.583273
1.586551
1.590139
1.677534
1.934413
1.617411
1.573867
1.672294
1.581300
1.645002
1.583443
1.582449
1.578481
1.665477
1.632753
1.570844
1.626482
1.634492
1.604319
1.674534
1.564909
1.576939
1.588532
1.632579
1.691619
1.653371
1.621961
1.665313
1.587076
1.640296
1.603551
1.587679
1.583849
1.604055
1.657460
1.629399
1.628825
1.580134
1.634411
1.600440
1.633664
1.582393
1.616303
1.596982
1.734328
1.840651
1.646094
1.569015
1.618132
1.590243
1.651329
1.578893
1.583472
1.568923
1.642915
1.577171
1.639023
1.612006
1.631758
1.573189
1.630727
1.608082
1.565058
1.582461
1.650447
1.809598
1.629250
1.627981
1.659095
1.580590
1.639450
1.576735
1.579405
1.581635
1.577209
1.652540
1.761588
1.629780
1.577076
1.649381
1.603695
1.631262
1.617729
1.587550
1.584561
1.693408
1.734760
1.638128
1.599918
1.662049
1.589162
1.689205
1.594747
1.594736
1.598032
1.671411
1.800760
1.646334
1.834066
1.637722
1.596752
1.652391
1.596693
1.627211
1.580474
1.658175
1.936334
1.680276
1.585899
1.636796
1.589631
1.659371
1.609853
1.605182
1.609022
1.737591
1.745251
1.703807
1.639169
1.650529
1.600357
1.648150
1.593446
1.612174
1.604070
1.662422
1.849928
1.582229
1.628719
1.643611
1.604913
2.092093
1.574756
1.615264
1.595459
1.657543
1.667662
1.578997
1.632695
1.644374
1.590120
1.656256
1.592485
1.605191
1.583986
1.651038
1.736468
1.579248
1.657532
1.644856
1.592761
1.653896
1.590133
1.589624
1.597988
1.615422
1.653438
1.645899
1.631941
1.588074
1.627444
1.571922
1.620582
1.614795
1.599409
1.587459
1.677621
1.631381
1.629412
1.678433
1.621816
1.572750
1.635943
1.581182
1.580501
1.593884
1.669903
1.616266
1.589669
1.634976
1.639729
1.575037
1.625664
1.600047
1.601714
1.589551
1.664200
1.641316
1.635652
1.627838
1.648730
1.568999
1.645802
1.586774
1.604052
1.580251
1.592158
1.678822
1.623085
1.630118
1.708428
1.625935
1.591243
1.643209
1.578976
1.599795
1.582519
1.716618
1.709313
1.706527
1.700814
1.627799
1.585895
1.710355
1.586980
1.559976
1.582946
1.678486
1.926580
1.643542
1.666352
1.727466
1.601127
1.638759
1.585895
1.588584
1.591405
1.729450
1.742602
1.689266
1.710150
1.727503
1.586151
1.622645
1.582765
1.587294
1.563037
1.677675
1.628671
1.658628
2.003060
1.612855
1.566756
1.639397
1.584157
1.569313
1.579450
1.639848
1.619570
1.618146
1.638864
1.648746
1.570769
1.633797
1.579660
1.571502
1.596715
1.614877
1.643670
1.641488
1.634934
1.731327
1.588028
1.631432
1.637731
1.603569
1.580376
1.605306
1.674447
1.643610
1.636412
1.690962
1.623128
1.600073
1.645189
1.596686
1.592372
1.598172
1.659673
1.631209
1.683334
1.674366
1.628418
1.623582
1.643852
1.620812
1.603104
1.594723
1.674853
1.753881
1.687338
1.924825
1.635604
1.581773
1.640755
1.593969
1.586463
1.596610
1.668924
1.644525
1.669681
1.578018
1.655347
1.592322
1.664566
1.591814
1.589589
1.596049
1.658377
1.701286
1.643920
1.619752
1.622273
1.609570
1.688212
1.573851
1.586245
1.576219
1.598069
1.643572
1.639396
1.634722
1.631362
1.639405
1.621885
1.771304
1.721478
1.618236
1.587749
1.661127
1.633914
1.650127
1.593222
1.646307
1.631312
1.638993
1.628431
1.615925
1.595045
1.657445
1.655045
1.653931
1.625460
1.660298
1.603511
1.672822
1.609959
1.597648
1.607498
1.673240
1.641035
1.651833
1.617812
1.651146
1.597764
1.675218
1.604681
1.628267
1.616959
1.610962
1.665056
1.606335
1.849854
1.683059
1.608077
1.651196
1.597459
1.624571
1.601118
1.610268
1.685459
1.654344
1.654461
1.681797
1.593543
1.683615
1.614005
1.605132
1.604978
1.605152
1.666830
1.625785
1.644070
1.638330
1.597486
1.675838
1.586576
1.607976
1.605166
1.596906
1.660131
1.637764
1.637764
1.585947
1.680405
1.585172
1.634852
1.608922
1.611632
1.607999
1.723503
1.638434
1.651162
1.602848
1.662311
1.612165
1.665694
1.597745
1.598627
1.615146
1.616585
1.674964
1.669812
1.597978
1.638692
1.598787
1.669627
1.595931
1.625368
1.595837
1.599930
1.675967
1.640803
1.866233
1.689043
1.614857
1.635102
1.599529
1.589764
1.581995
1.620817
1.713277
1.636108
1.641872
1.641519
1.595565
1.647222
1.612048
1.585467
1.589716
1.619214
1.645218
1.625980
1.628625
1.597855
1.643389
1.622499
1.623598
1.599679
1.595990
1.592697
1.659648
1.643009
1.644636
1.640171
1.653926
1.637374
1.658151
1.607912
1.600519
1.614398
1.610199
1.615169
1.704438
1.591269
1.675353
1.596898
1.663593
1.606875
1.636911
1.586326
1.723570
1.594515
1.653506
1.649718
1.684550
1.587112
1.647224
1.616545
1.583483
1.594464
1.714152
1.684015
1.647671
1.658368
1.653232
1.623340
1.637699
1.591424
1.589915
1.601500
1.600696
1.648215
1.634095
1.631560
1.586774
1.649867
1.574260
1.644904
1.609996
1.598896
1.596613
1.679023
1.630782
1.643044
1.630083
1.650803
1.612916
1.656551
1.590545
1.605088
2.334270
1.661473
1.654908
1.645067
1.619207
1.645976
1.594857
1.644282
1.622148
1.588679
1.627515
1.667778
1.689791
1.644627
1.593945
1.642873
1.587754
1.644874
1.608081
1.588560
1.596311
1.639778
1.607801
1.636363
1.612020
2.225327
1.616081
1.642203
1.623286
1.592682
1.594851
1.688080
1.696250
1.635239
1.644610
1.643294
1.601451
1.689824
2.238179
1.608835
1.599481
1.685357
1.640171
1.633084
1.601261
1.655091
1.593448
1.645069
1.604771
1.602042
1.598559
1.659436
1.630446
2.597807
1.669661
1.600188
1.653964
1.585972
1.600862
1.598840
1.692118
1.830626
1.656044
1.653079
1.639882
1.615097
1.650135
1.597495
1.621213
1.597763
1.587626
1.682791
1.643667
1.648500
1.611056
1.643415
1.615217
1.632793
1.581823
1.619785
2.751565
1.842662
1.749233
1.603827
1.636375
1.602386
1.651456
1.603532
1.591645
1.584666
1.646724
1.803605
1.629294
1.957153
1.648282
1.585354
1.638079
1.589475
1.583305
1.592783
1.651669
1.588199
1.642974
1.637866
1.632200
1.601294
1.673088
1.589295
1.608073
1.582494
1.643554
1.743189
1.654735
1.647865
1.658345
1.649988
1.642990
1.583284
1.604940
1.595720
1.618470
1.673049
1.633420
1.626795
1.590554
1.636518
1.600460
1.655054
1.594204
1.589675
1.597152
1.660393
1.997722
1.644050
1.583851
1.642303
1.611741
1.647170
1.614714
1.598091
1.592590
1.679994
1.645459
1.632865
1.588218
1.639882
1.588357
1.641522
1.604004
1.595537
1.595962
1.678972
1.649604
1.589308
1.647155
1.668163
1.646534
1.647571
1.578684
1.578487
1.636844
1.648968
1.651697
1.673492
1.645270
1.649736
1.600651
1.654442
1.596649
1.609068
1.619542
1.682294
1.687958
1.641705
1.643400
2.135993
1.591252
1.641934
1.606665
1.599973
1.591590
1.597724
1.663954
1.629407
1.645154
1.583349
1.632373
1.736669
1.580841
1.594948
1.626486
1.649214
1.655379
1.639411
1.632920
1.587075
1.632680
1.595395
1.649183
1.599795
1.592675
1.595676
1.702770
1.754403
1.636280
1.599610
1.651132
1.591395
1.682062
1.591211
1.619837
1.589670
1.657755
1.945949
1.640286
1.592033
1.662652
1.602066
1.652298
1.586458
1.582517
1.582858
1.646682
1.659331
1.559717
1.633806
1.638687
1.578170
1.634352
1.606807
1.577773
1.568109
1.698454
1.736451
1.636931
1.668658
1.632581
1.601181
1.641047
1.586310
1.589753
1.604909
1.657250
1.655332
1.641197
1.659282
1.575488
1.664072
1.572804
1.625443
1.589494
1.583263
1.578639
1.724291
1.725299
1.613670
1.574848
1.658073
1.570251
1.649658
1.582510
1.586324
1.592652
1.629712
1.641300
1.591209
1.743454
1.638796
1.609694
1.668881
1.589286
1.629007
1.598599
1.671440
1.750789
1.659674
1.675133
1.670606
1.609781
1.657403
1.613130
1.597931
1.620504
1.708462
1.874736
1.636194
1.647555
1.631305
1.589904
1.652357
1.599302
1.603495
1.589806
1.668494
1.766568
1.586853
1.634876
1.629418
1.611443
1.639360
1.592286
1.606027
1.613221
1.631242
1.660731
1.627133
1.638045
1.595491
1.638214
1.618785
1.643305
1.609076
1.597634
1.587631
1.679118
1.724210
1.638748
1.592069
1.642858
1.624324
1.645079
1.617207
1.592260
1.602343
1.679724
2.009978
1.631883
1.584221
1.632695
1.607976
1.652913
1.623145
1.735927
1.621327
1.668647
1.633792
1.653305
2.021637
1.661109
1.595350
1.670944
1.588869
1.596149
1.631515
1.674935
1.931387
1.635850
1.619251
1.648456
1.627309
1.636918
1.604896
1.600931
1.598885
1.699668
1.640676
1.753037
1.600202
1.666262
1.599751
1.663469
1.599859
1.586612
1.658206
1.653217
1.831909
1.625653
1.582784
1.629296
1.578898
1.630881
1.602505
1.571294
1.585097
1.590530
1.670606
1.637134
1.619860
1.622169
1.598484
1.620453
1.585781
1.587387
1.584413
1.586651
1.698440
1.655572
1.624183
1.589591
1.619211
1.581810
1.647139
1.584160
1.589518
1.599951
1.676153
1.639598
1.641053
1.585158
1.639450
1.621501
1.654976
1.595976
1.605007
1.592190
1.697092
1.919187
1.635333
1.598273
1.643018
1.587530
1.683846
1.593753
1.563859
1.582959
1.782425
1.676484
1.654100
1.818999
2.126222
1.588300
1.635502
1.596550
1.590726
1.602925
1.719167
1.642781
1.634842
1.605426
1.636876
1.599463
1.635974
1.597709
1.619459
1.588716
1.656714
1.670620
1.643359
1.918064
1.669081
1.601817
1.679086
1.591568
1.599833
1.599791
1.823516
1.742182
1.650382
1.602251
1.643296
1.594513
1.647261
1.589424
1.598669
1.611261
1.604010
1.674627
1.662031
1.629672
1.630993
1.592951
1.675405
1.598216
1.620315
1.586659
1.595807
1.673184
1.825702
1.624335
1.634050
1.846244
1.648257
1.581830
1.581493
1.607032
1.595691
1.665602
1.624527
1.630421
1.573492
1.652243
1.594448
1.637094
1.586227
1.586705
1.576379
1.648664
1.626680
1.623937
1.571704
1.631417
1.582353
1.661602
1.595100
1.568477
1.590599
1.665378
1.780218
1.729342
1.586232
1.620111
1.579835
1.628830
1.596260
1.564132
1.579601
1.662449
1.886698
1.556668
1.614127
1.617500
1.577898
1.616058
1.577468
1.579418
1.582456
1.582901
1.753773
1.621585
1.615031
1.612622
1.626261
1.596402
1.634168
1.572786
1.572538
1.584484
1.667673
1.753726
1.610874
1.572212
1.640083
1.583127
1.627845
1.584116
1.574383
1.573521
1.757739
1.788204
1.842722
1.683754
1.674154
1.633848
1.658769
1.609972
1.624311
1.631479
1.756180
1.689845
1.672170
1.632200
1.700068
1.693966
1.781621
1.651036
1.563715
1.578174
1.645101
1.594098
1.839599
1.660227
1.728367
1.572641
1.629818
1.590979
1.593213
1.592203
1.710746
1.652251
1.663162
1.653299
1.819132
1.595272
1.659178
1.601202
1.595439
1.591625
1.701339
1.774359
1.637079
1.671046
1.652190
1.657833
1.632420
1.587057
1.602782
1.620199
1.661087
1.667917
1.885660
1.655187
1.778290
1.634857
1.638922
1.591757
1.600168
1.594217
1.634895
1.658752
1.637839
1.957753
1.731631
1.587417
1.651203
1.620229
1.590487
1.626333
1.679990
1.710100
1.668448
1.697884
1.744517
1.585137
1.669445
1.594582
1.591155
1.616482
1.670426
1.658345
1.749977
1.666702
1.941073
1.624128
1.656283
1.577861
1.707384
1.593218
1.704379
1.856800
1.660021
1.698591
1.655998
1.630822
1.655214
1.609899
1.606079
1.594488
1.687907
1.740680
1.953985
1.702318
1.655082
1.587515
1.648707
1.602668
1.586163
1.625412
1.702457
1.643754
1.647463
1.701982
1.644838
1.636489
1.642983
1.607503
1.626451
1.591041
1.709835
1.645318
1.640702
1.662691
1.916371
1.583254
1.643522
1.614248
1.591316
1.593678
1.686311
1.640915
1.664736
1.621661
1.668108
1.660296
1.646326
1.611623
1.588057
1.602534
1.708539
1.770204
1.753682
1.658681
1.653015
1.601941
1.642966
1.591379
1.608695
1.601726
1.670634
1.647028
1.624937
1.562608
1.717273
1.581098
1.670608
1.607405
1.615183
1.592558
1.757782
1.700620
1.637260
1.639285
1.692243
1.609157
1.677917
1.654268
1.592359
1.598699
1.677871
1.609277
1.662948
1.631418
1.640858
1.601270
1.666040
1.587538
1.606408
1.592373
1.590416
1.667099
1.636747
1.641562
1.579330
1.681804
1.574097
1.636072
1.585513
1.588802
1.596640
1.664492
1.619840
1.638533
1.573734
1.625482
1.586869
1.628777
1.587054
1.589556
1.599925
1.589683
1.601673
1.629320
1.620915
1.631543
1.580002
1.634169
1.603400
1.589429
1.594420
1.601081
1.619467
1.639837
1.644634
1.582394
1.635684
1.596064
1.660698
1.591089
1.638670
1.605047
1.692554
1.635703
1.646807
1.609333
1.678975
1.606018
1.668632
1.622093
1.611187
1.608080
1.635894
1.741222
1.829666
1.843293
1.629636
1.584247
1.641945
1.578065
1.590797
1.580548
1.621970
2.645534
1.632676
1.690556
1.636506
1.681095
1.635445
1.618313
1.678704
1.628667
1.751692
1.702623
1.651876
1.676266
1.580210
1.643148
1.670595
1.600802
1.600390
1.690827
1.634505
1.670855
1.647314
1.677466
1.691461
1.941502
1.582146
1.583712
1.616388
1.631551
1.720134
1.674859
1.642926
1.584542
1.651373
1.591729
1.744214
1.602398
1.610098
1.605918
1.663542
1.636807
1.631172
1.594229
1.654496
1.597728
1.660201
1.624992
1.608093
1.610066
1.642118
1.664040
1.770384
1.591794
1.646746
1.626513
1.654253
1.646191
1.613613
1.584613
1.777050
1.776986
1.680879
1.602140
1.650231
1.641697
1.642913
1.600857
1.621353
1.662275
1.691172
1.660775
1.691765
1.608302
1.709385
1.594632
1.683230
1.594617
1.623489
1.628621
1.709992
1.649413
1.641101
1.727948
1.666221
1.590456
1.673974
1.614113
1.639876
1.582220
1.730879
1.687830
1.643267
1.619074
1.640670
1.588959
1.664322
1.595064
1.606981
1.589654
1.610303
1.699234
1.697673
1.697379
1.669480
1.587498
1.661490
1.585297
1.587786
1.617310
1.714667
1.626423
1.746343
1.650906
1.625039
1.592711
1.665075
1.591360
1.635186
1.589411
1.592619
1.789293
1.713146
1.668088
1.717112
1.632612
1.656809
1.643729
1.588604
1.577834
1.706341
1.700096
1.712935
1.678654
1.599884
1.827330
1.734932
1.587007
1.618335
1.618302
1.591576
1.635967
1.642627
1.633662
1.576211
1.649032
1.594456
1.664509
1.595679
1.582698
1.587186
1.692507
1.690697
1.632483
1.595913
1.665164
1.583639
1.653317
1.587345
1.585549
1.613109
1.639016
1.578588
1.666267
1.807403
1.626255
1.577437
1.630819
1.573960
1.633536
1.573653
1.801369
1.746472
1.641381
1.789728
1.662125
1.601409
1.644009
1.579024
1.558156
1.596790
1.630599
1.689075
1.630324
1.693102
1.660728
1.589731
1.626127
1.605810
1.562031
1.567098
1.617342
1.615229
1.673600
1.606000
1.561993
1.604142
1.581078
1.600052
1.584350
1.586964
1.597319
1.793931
1.712077
1.612514
1.571275
1.633106
1.577836
1.683090
1.573868
1.603950
1.635856
1.719993
1.670104
1.640858
1.595896
1.643017
1.613890
1.663179
1.614819
1.657246
1.575429
1.703030
1.796975
1.619659
1.734795
1.658875
1.711382
1.607601
1.604455
1.589215
1.592314
1.695746
1.647121
1.575512
1.670465
1.664934
1.590831
1.636957
1.651619
1.571212
1.681683
1.627559
1.723290
2.185429
1.789398
1.837731
1.635793
1.673209
1.681884
1.637533
1.615054
1.758481
1.650541
1.721873
1.879607
1.773301
1.834850
1.654735
1.632499
1.732248
1.597795
1.675305
1.609385
1.639529
1.579729
1.641300
1.608784
1.714581
1.575335
1.624148
1.581978
1.681228
1.657838
1.643891
1.572841
1.634956
1.578942
1.667190
1.607432
1.618741
1.588368
1.707584
1.707822
1.635976
1.602759
1.632952
1.613415
1.654346
1.597756
1.593798
1.591726
1.717725
1.767150
1.674960
1.589168
1.657373
1.642218
1.654382
1.617367
1.601887
1.609475
1.691995
1.702696
1.706833
1.632092
1.640817
1.580202
1.643511
1.634669
1.571283
1.571197
1.723292
1.722876
1.602299
1.737034
1.633506
1.566933
1.633107
1.605405
1.575401
1.618468
1.674597
1.641424
1.798199
1.635679
1.636601
1.598994
1.676835
1.580419
1.592061
1.592663
1.586501
1.775291
1.692044
1.619512
1.590515
1.641999
1.584408
1.643094
1.580108
1.612114
1.598938
1.661882
1.662362
1.642594
1.595359
1.638340
1.629028
1.653212
1.613230
1.592446
1.593357
1.695264
1.685067
1.676828
1.603298
1.659912
1.623115
1.649269
1.630080
1.740438
1.615451
1.663497
1.691369
1.762012
1.596832
1.640155
1.599434
1.669011
1.609725
1.593967
1.653122
2.027952
1.660737
1.670709
1.589715
1.657576
1.586086
1.632897
1.593480
1.589639
1.606304
1.653046
1.692366
1.972454
1.593641
1.636200
1.645927
1.652113
1.579837
1.572577
1.581606
1.685809
1.658493
1.568444
1.656256
1.800371
1.657952
1.677350
1.591250
1.609187
1.586468
1.687037
1.664851
1.686663
1.639074
1.647385
1.679814
1.626853
1.591731
1.595182
1.599556
1.689916
1.666961
1.649029
1.626571
1.634142
1.628431
1.681040
1.599953
1.589954
1.612308
1.678586
1.659751
1.647240
2.133360
1.634597
1.599816
1.654027
1.624237
1.593756
1.601675
1.617152
1.659277
1.600743
1.643835
1.591810
1.644415
1.592008
1.657166
1.604629
1.592761
1.684701
1.751689
1.633966
1.644961
1.593212
1.632569
1.626112
1.649170
1.606802
1.580643
1.582459
1.771177
1.735942
1.625926
1.576012
1.629324
1.597913
1.661609
1.590586
1.621360
1.583418
1.675720
1.917344
1.627653
1.581007
1.649493
1.907313
1.636617
1.593253
1.582469
1.604692
1.689347
1.642596
1.680139
1.574811
1.621757
1.587969
1.666009
1.577648
1.579656
1.586666
1.679890
1.656517
1.580007
1.642123
1.647707
1.590111
1.630733
1.584101
1.599943
1.580397
1.678894
1.863327
1.621885
1.619652
1.631824
1.592308
1.696339
1.602133
1.573956
1.576984
1.589707
1.645455
1.621452
1.613733
1.560530
1.613783
1.577323
1.615411
1.564848
1.579455
1.567086
1.628172
1.626862
1.637640
1.935853
1.616914
1.573357
1.617713
1.598501
1.553941
1.567797
1.633142
1.998823
1.704457
1.573718
1.651993
1.584250
1.637111
1.581421
1.568064
1.582405
1.585422
1.730754
1.633505
1.616255
1.622245
1.606837
1.642658
1.568850
1.583576
1.581622
1.659397
1.751595
1.631241
1.684759
1.605644
1.640706
1.569241
1.683232
1.595188
1.596829
1.604731
1.688291
1.637192
1.657645
1.573046
1.663607
1.590205
1.687658
1.574519
1.609237
1.593643
1.718212
1.924129
1.646132
1.585720
1.652789
1.594120
1.643226
1.599604
1.595824
1.601858
1.679558
1.633225
1.656640
1.587314
1.639738
1.623796
1.656049
1.586601
1.599542
1.595603
1.705683
1.921204
1.705370
1.589938
1.663728
1.605729
1.666663
1.596365
1.628565
1.592706
1.781937
1.755905
1.746550
1.578883
1.655570
1.608750
1.678662
1.605815
1.598574
1.604490
1.794375
1.802984
1.784199
1.581999
1.635944
1.580151
1.636789
1.588670
1.808356
1.605524
1.675022
1.658523
1.648479
1.813687
1.634640
1.600549
1.651565
1.618888
1.602029
1.605132
1.671714
1.688287
1.656150
1.739333
1.656755
1.601489
1.655755
2.676250
1.606838
1.629643
1.763068
1.659395
1.664607
1.604720
1.676801
1.620804
1.760792
1.616137
1.614374
1.625445
1.663106
1.648729
1.642930
1.621007
1.675405
1.593122
1.670662
1.605426
1.612732
1.653910
1.776550
1.630989
1.961287
1.586861
1.678939
1.592143
1.709291
1.586204
1.613828
1.610987
1.650351
1.631540
1.649491
1.594200
1.658876
1.596614
1.637346
1.601386
1.621387
1.620501
1.741444
1.945175
1.646888
1.641142
1.671439
1.581281
1.640270
1.605593
1.600233
1.615430
1.712830
1.910670
1.638324
1.594404
1.639783
1.595234
1.657473
1.599482
1.747414
1.607321
1.726059
1.731286
1.646185
1.610336
1.638613
1.633162
1.653099
1.644089
1.603929
1.592489
1.674595
1.720313
1.742232
1.596411
1.654568
1.628103
1.673424
1.630041
1.593457
1.615209
1.684274
1.665671
1.661746
1.601467
1.659685
1.621421
1.926659
1.600783
1.601874
1.629549
1.654449
1.675965
1.667840
1.613926
1.647032
1.591970
1.647147
1.596420
1.599882
1.596996
1.658023
1.606943
1.635515
1.625586
1.643977
1.587501
1.645093
1.604468
1.590592
1.599908
1.614404
1.668422
1.674411
1.635748
1.592928
1.637431
1.610775
1.652209
1.609829
1.607097
1.601993
1.677026
1.654090
1.641036
1.594462
1.670791
1.609435
1.855738
1.613845
1.615424
1.600912
1.686060
1.659457
1.645209
1.607070
1.666449
1.594715
1.682099
1.594551
1.612703
1.615726
1.721992
1.656352
1.671697
1.595532
1.643677
1.609250
1.645379
1.609941
1.595771
1.592747
1.767040
1.638110
1.678533
1.669305
1.651378
1.610343
1.637268
1.630295
1.594823
1.599129
1.625388
1.646245
1.660258
1.630954
1.643622
1.600930
1.655284
1.595488
1.585598
1.604062
1.677796
1.642089
1.648798
1.631941
1.577362
1.645052
1.595703
1.740267
1.618060
1.589580
1.586437
1.672949
1.619851
1.640429
1.586421
1.675268
1.615568
1.634465
1.593402
1.593145
1.591760
1.745508
1.622072
1.685283
1.582015
1.627416
1.622691
1.662351
1.625586
1.617449
1.605567
1.684863
1.713434
2.587799
1.719644
1.619300
1.680153
1.638422
1.584549
1.602402
1.625134
1.664656
1.669819
1.668188
1.595294
1.647951
1.601620
1.656456
1.593526
1.605083
1.593813
1.674978
1.837896
1.633751
1.593317
1.658017
1.591717
1.658029
1.604084
1.596566
1.583493
1.665654
1.650436
1.643769
1.602929
1.643979
1.591446
1.673910
1.595264
1.581432
1.589398
1.674456
1.612063
1.651688
1.832576
1.655298
1.628695
1.653555
1.596115
1.615276
1.602867
1.686209
1.604453
1.658594
1.641002
1.667496
1.604501
1.675870
1.615115
1.627606
1.601768
1.619620
1.674841
1.694618
1.657123
1.662627
1.630293
1.697719
1.599640
1.607608
1.635630
1.632519
1.673934
1.762776
1.686009
1.646915
1.600752
1.663152
1.641434
1.626045
1.633660
1.611774
1.713937
1.694468
1.662230
1.706914
1.604268
1.695224
1.614615
1.611432
1.605045
1.596029
1.703222
1.670524
1.675581
1.611026
1.641692
1.586495
1.636494
1.589699
1.599114
1.585430
1.683136
1.631044
1.626629
1.575286
1.658318
1.630163
1.674942
1.595498
1.618110
1.594492
1.734093
1.656869
1.654326
1.639504
1.634608
1.599367
1.696524
1.613154
1.602676
1.602002
1.687232
1.635997
1.600200
1.923465
1.661174
1.585213
1.662491
1.616576
1.602941
1.621503
1.671334
1.643960
1.580027
1.647586
1.681246
1.596519
1.663545
1.603814
1.625482
1.650053
1.627805
1.711626
1.714652
1.680361
1.689328
1.598245
1.700436
1.599451
1.623682
1.638030
1.634530
1.641608
1.702114
1.647715
1.644820
1.630544
1.692292
1.590189
1.606146
1.580721
1.619259
1.705930
1.691382
1.662150
1.604966
1.633987
1.649833
1.737293
1.595835
1.626860
1.607881
1.674747
1.658881
1.651135
1.602931
1.681921
1.620202
1.665398
1.584283
1.608344
1.601514
1.676413
1.656413
1.641099
1.601827
1.658233
1.607689
1.642062
1.595492
1.603817
1.604783
1.676820
1.648805
1.643966
1.606693
1.653421
1.589297
1.672980
1.591305
1.585678
1.616292
1.709266
1.635472
1.620054
1.630962
1.639272
1.600662
1.648049
1.592165
1.598134
1.611761
1.730914
1.719247
1.646444
1.635993
1.635871
1.585212
1.647364
1.589534
1.592029
1.583558
1.592902
1.615271
1.627585
1.640870
1.564101
1.622807
1.593567
1.637766
1.621022
1.593838
1.593286
1.685400
1.645090
1.652322
1.611979
1.642820
1.594380
1.641709
1.639478
1.608971
1.625197
1.702399
1.665717
1.799644
1.601628
1.634449
1.596375
1.664744
1.609456
1.598742
1.616378
1.633868
1.630643
1.586580
1.624828
1.632977
1.599080
1.644408
1.589217
1.598892
1.595778
1.783343
1.714697
1.648825
1.636055
1.658930
1.602832
1.662917
1.670205
1.584872
1.608658
1.607896
1.654259
1.645270
1.655375
1.586484
1.652021
1.613909
1.645108
1.590607
1.608139
1.595530
1.663698
1.669042
1.630828
1.587091
1.653449
1.599935
1.664748
1.611873
1.613270
1.590439
1.628092
1.933470
1.629442
1.605644
1.635371
1.581385
1.658439
1.569837
1.584944
1.590396
1.644054
1.600832
1.653981
1.630622
1.623601
1.586246
1.653593
1.585037
1.591503
1.573322
1.665412
1.692419
1.623303
1.622994
1.724515
1.569443
1.693839
1.595059
1.582737
1.620820
1.610083
1.677927
1.653449
1.653417
1.589462
1.651802
1.622224
1.641291
1.627210
1.618413
1.596832
1.670737
1.631383
1.638761
1.614005
1.647861
1.599578
1.944011
1.610094
1.622227
1.637345
1.950748
1.629159
1.630817
1.595845
1.638705
1.597774
1.648254
1.584343
1.584638
1.584561
1.655331
1.628054
1.648684
1.578234
1.621377
1.588843
1.633806
1.615199
1.585327
1.575389
1.640902
1.576165
1.625225
1.636143
1.667169
1.590590
1.631994
1.594596
1.587560
1.609990
1.592955
1.647837
1.634674
1.627695
1.597414
1.659882
1.584369
1.656525
1.620859
1.666299
1.581343
1.653542
1.641385
1.632886
1.580390
1.625509
1.609731
1.657483
1.617363
1.601720
1.586610
1.707550
1.641550
1.638806
1.699715
1.634428
1.613934
1.634846
1.598304
1.584431
1.594346
1.728688
1.632053
1.568135
1.613459
1.629977
1.617873
1.635130
1.687688
1.588472
1.573028
1.715920
1.687681
1.646716
1.620690
1.666121
1.582165
2.324011
1.592662
1.615185
1.605530
1.597877
1.633949
1.654318
1.644985
1.666525
1.602281
1.649536
1.594291
1.622257
1.588344
1.608385
1.630385
1.591502
2.105195
1.640323
1.597371
1.618591
1.585825
1.592315
1.595690
1.594454
1.637129
1.620802
1.625665
1.583000
1.653965
1.595130
1.642595
1.580237
1.594899
1.600935
1.627803
1.652993
1.629289
1.563720
1.637147
1.592422
1.622611
1.578210
1.562029
1.588542
1.631010
1.608703
1.553919
1.603171
1.614199
1.584179
3.004081
1.681297
1.584491
1.583569
1.636680
1.650076
1.641155
1.567107
1.634642
1.582760
1.634135
1.602637
1.613133
1.593888
1.635594
1.576912
1.632957
1.632939
1.631688
1.632056
1.865551
1.579891
1.582585
1.607953
1.648000
1.573936
1.586513
1.625036
1.643154
1.625212
1.675380
1.579251
1.584634
1.583528
1.700060
1.587737
2.077586
1.617614
1.643051
1.621295
1.623700
1.594545
1.574714
1.573286
1.592896
1.609694
1.622733
1.634498
1.556869
1.889548
1.654451
1.564668
1.599033
1.585525
1.582938
1.661047
1.575431
1.621446
1.568770
1.666082
1.800804
1.637281
1.596825
1.593586
1.612159
1.653373
1.582434
1.647955
1.594926
1.652759
1.836932
2.248128
1.595489
2.791924
1.672478
1.582644
1.640339
1.622210
1.662557
1.570716
1.641555
1.594129
1.610970
1.587650
1.649446
1.601417
1.573124
1.643155
1.657520
1.635445
1.646916
1.591796
1.588585
1.616308
1.600128
1.736835
1.613237
1.640697
1.640654
1.650104
1.671652
1.632154
1.613207
1.595988
1.706470
1.614268
1.575394
1.634153
1.600576
1.644087
1.834394
1.739524
1.595506
1.599021
1.601981
1.643054
1.642550
1.645723
1.639719
1.693790
1.781109
1.649489
1.605592
1.599669
1.595958
1.654097
1.592642
1.642538
1.623620
1.682647
1.627235
1.630641
1.601688
1.600999
1.582466
1.686387
1.626063
1.642647
1.659572
1.736779
2.008801
1.670075
1.597465
1.634659
1.629239
1.675701
1.589107
1.680526
1.699089
1.727084
1.586102
1.682136
1.596993
1.856439
1.594431
1.657479
1.644512
1.639192
1.710975
1.658100
1.599812
1.640703
1.570672
1.588699
1.620814
1.686080
1.646285
1.644225
1.707133
1.742937
1.600436
1.721788
1.597487
1.587074
1.595734
1.704188
1.640362
1.713992
1.677020
1.907057
1.598494
1.639503
1.604505
1.600290
1.589589
1.685127
1.676090
1.734182
1.727557
1.756543
1.572677
1.622490
1.570981
1.578447
1.594731
1.667646
1.586346
1.700709
1.604416
1.679945
1.597931
1.653651
1.570604
1.591321
1.598313
1.747394
1.648158
1.654613
2.063974
1.630255
1.583316
1.650738
1.583544
1.601722
1.588658
1.598666
1.857559
1.567357
1.662731
1.668506
1.571274
1.633692
1.581345
1.608064
1.570223
1.642898
1.920225
1.626896
1.643205
1.650295
1.584183
1.628449
1.572905
1.582208
1.619474
1.578156
1.653386
1.645238
1.633356
1.661270
1.638407
1.599664
1.641853
1.622281
1.587648
1.611953
1.683769
1.645885
1.636863
1.669428
1.629418
1.593972
1.655737
1.625153
1.595832
1.600914
1.715822
1.702773
1.873447
1.870637
1.631529
1.599137
1.646774
1.592318
1.622403
1.600033
1.660330
1.647282
1.630899
1.597438
1.665019
1.625462
1.667656
1.622983
1.606950
1.630780
1.679829
1.649479
1.642216
1.620570
1.646164
1.591031
1.659611
1.591988
1.584218
1.601834
1.691331
1.641374
1.585913
1.634107
1.636158
1.597564
1.668232
1.587673
1.826411
1.600947
1.607151
1.635793
1.647524
1.645731
1.643172
1.604650
1.672959
1.624650
1.596684
1.588645
1.607874
1.690710
1.658442
1.651078
1.673411
1.652086
1.772933
1.665838
1.591352
1.615052
1.613593
1.669305
1.673101
1.648429
1.610419
1.661036
1.604903
1.696571
1.601187
1.609612
1.611188
1.689402
1.651899
1.653284
1.621565
1.645021
1.601450
1.663242
1.603696
1.606326
1.627196
1.741680
1.737863
1.673325
1.607695
1.643820
1.646674
1.639846
1.609280
1.607267
1.587772
1.690340
1.678690
1.638486
1.617609
1.652982
1.625250
1.647286
1.595577
1.595780
1.595818
1.697497
1.644055
1.684652
1.737708
1.658081
1.579377
1.638434
1.622995
1.579878
1.587580
1.715990
1.629643
1.581301
1.622644
1.629316
1.680327
1.641059
1.582036
1.593584
1.573311
1.722723
1.638778
1.629012
2.899409
1.634530
1.589473
1.680878
1.568998
1.603470
1.581698
1.649627
1.637618
1.678553
1.591994
1.656267
1.596146
1.640808
1.588412
1.605920
1.614437
1.650701
1.774219
1.672668
1.734036
1.644573
1.596916
1.702996
1.590286
1.587343
1.595570
1.648747
1.614487
1.634613
1.654719
1.632375
1.595134
1.649124
1.588427
1.595211
1.599721
1.601000
1.721807
1.645582
1.636992
1.608117
1.663945
1.593447
1.641222
1.595455
1.591583
1.595722
1.655283
1.638439
1.650828
1.594318
1.641688
1.586395
1.636850
1.591370
1.585856
1.639544
1.655674
1.636241
1.642424
1.585160
1.645670
1.598313
1.646146
1.591260
1.605003
1.589628
1.718898
1.595186
1.649183
1.647453
1.685644
1.585522
1.664435
1.935519
1.586361
1.590687
1.661594
1.793162
1.572207
1.648267
1.651476
1.617835
1.653542
1.615922
1.585358
1.596454
1.601534
1.844494
1.629109
2.009493
1.655226
1.625302
1.644196
1.603896
1.613337
1.599766
1.615525
1.634468
1.633767
1.626546
1.637645
1.597908
1.668661
2.323407
1.591592
1.600790
1.698446
1.640122
1.708541
2.435431
1.642544
1.621483
1.649171
1.615082
1.590301
1.594852
1.667551
1.632146
1.638745
1.604449
1.653047
1.603303
1.671683
1.607887
1.604086
1.686952
1.666900
1.588156
1.750266
1.599490
1.643987
1.603558
1.636872
1.595817
1.609977
1.595672
1.645247
1.604412
1.624344
1.726416
1.665337
1.592421
1.622647
1.586315
1.588393
1.580265
2.364840
1.629468
1.642939
1.587510
1.642616
1.598612
1.645966
1.624254
1.593402
1.585738
1.673969
1.729963
1.598130
1.836724
1.660925
1.623732
1.646957
1.635077
1.586622
1.591940
1.626531
1.661123
1.652797
2.199680
1.711309
1.647833
1.641757
1.591145
1.599555
1.612872
1.682505
1.690823
1.700160
1.581827
1.639115
1.622269
1.636769
1.620910
1.614523
1.607554
1.662023
1.654796
1.582037
1.628642
1.620116
1.577293
1.648944
1.601845
1.597444
1.606116
1.620792
1.896582
1.638137
1.629880
1.642824
1.626319
1.640393
1.610891
1.597666
1.593628
1.664310
1.651382
1.636452
1.658294
1.608639
1.625709
1.585791
1.654485
1.599233
1.595613
1.715385
1.668377
1.646259
1.636270
1.596847
1.641583
1.605623
1.956925
1.587114
1.995759
1.597376
2.511656
1.735629
1.594269
1.658957
1.593429
1.645221
1.632457
1.588530
1.599679
1.688931
1.816144
1.772369
1.604226
1.654441
1.604588
1.664337
1.603531
1.609922
1.629474
1.623597
1.667744
1.589133
1.651141
1.672981
1.607067
1.684843
1.602208
1.646658
1.602981
1.665345
1.684106
1.642406
1.645113
2.752211
1.603017
1.716532
1.597307
1.589648
1.604054
1.673025
1.632016
1.651363
1.589924
1.639697
1.596560
1.633772
1.603199
1.625378
1.602626
1.756928
1.954227
1.638018
1.590185
1.664344
1.606242
1.671848
1.636511
1.608309
1.621477
1.684413
1.845297
1.642046
1.604563
1.650707
1.611400
1.659325
1.605399
1.601858
1.604726
1.649195
1.665433
1.780843
1.583025
1.638336
1.609977
1.651237
1.597770
1.600118
2.442041
2.413881
1.773890
1.815165
1.774999
1.726002
1.802463
1.731350
1.729815
1.725541
1.928431
1.895404
1.712507
1.599670
1.662619
1.604561
1.754679
1.608947
1.614042
1.662474
1.663440
1.659757
1.657149
1.597605
1.676751
1.611747
1.655422
1.612826
1.596771
1.651066
1.670103
1.640670
1.631689
1.595242
1.644034
1.592298
2.158245
1.640342
1.791366
1.672530
1.665618
1.677804
1.659792
1.579965
1.655473
1.622112
1.922838
1.619755
1.583099
1.620253
1.674943
1.596274
1.643871
1.597585
1.668959
1.884826
1.627347
1.587958
1.586066
1.598661
1.663538
1.758253
1.639920
1.620900
1.642847
1.606911
1.643957
1.596569
1.606113
1.590655
1.668009
1.648595
1.639235
1.599710
1.667364
1.676374
1.652006
1.600568
1.592767
1.597834
1.719994
1.925177
1.655462
1.604868
2.699663
1.656847
1.617841
1.591330
1.597869
1.585374
1.651690
1.589075
1.663306
1.657241
1.603778
1.643111
1.597333
1.603752
1.592607
1.595799
1.791590
1.644351
1.626362
1.601504
1.665295
1.596261
1.682067
1.586432
1.615329
1.593261
1.798628
1.715400
1.646662
1.602812
1.641978
1.626025
1.634815
1.612973
1.611008
1.590913
1.667490
1.636888
1.632282
1.589111
1.640927
1.601759
1.649089
1.602841
1.599799
1.611068
1.709834
1.643522
1.748646
1.597155
1.643422
1.598400
1.660367
1.838650
1.607679
1.607564
1.693626
1.759964
1.657334
1.600520
1.658075
2.614766
1.612774
1.631441
1.626428
1.615438
1.716211
1.658150
1.643127
1.614911
1.654304
1.601177
1.673560
1.606781
1.607987
1.618010
1.712923
1.784465
1.648951
1.596358
1.735017
1.620836
1.647907
1.600496
1.614072
1.632308
1.671160
1.665113
1.696167
1.605671
1.668408
1.625173
1.665845
1.636979
1.610242
1.604654
1.737738
1.655081
1.644224
1.589091
1.653026
1.600053
1.687685
1.606518
1.612967
1.617171
1.742278
1.938278
1.672580
1.605586
1.654174
1.611804
1.650777
1.612108
1.620142
1.625461
1.737594
1.869164
1.650028
1.627038
1.662394
1.616891
1.660099
1.592259
1.595787
1.641842
1.711648
1.664996
1.658303
1.593044
1.687572
1.603884
1.684292
1.607455
1.609756
1.615015
1.792469
1.714168
1.918458
1.597719
1.672757
1.611774
1.664961
1.603527
1.635398
1.612289
1.727514
1.672480
1.639276
1.596290
1.656146
1.608046
1.651298
1.622748
1.653014
2.000089
1.751287
1.889672
1.641553
1.614793
1.654365
1.606181
1.659183
1.608998
1.615040
1.621161
1.686708
1.859936
1.662086
1.598426
1.658164
1.630179
2.003731
1.598360
1.626054
1.603063
2.053899
1.666869
1.644785
1.684663
1.621557
1.658044
1.614136
1.619671
1.605162
1.638759
1.672035
1.652503
1.643155
1.599738
1.646199
1.600161
1.692646
1.611804
1.606960
1.679647
1.836766
1.659548
1.640848
1.631448
1.656541
1.623057
1.656504
1.609640
1.618024
1.598926
1.727478
1.686584
1.648309
1.611985
1.669864
1.604716
1.650274
1.609636
1.620517
1.605073
1.692324
1.931275
1.663624
1.610506
1.642608
1.609498
1.657368
1.605789
1.906078
1.663596
1.679311
2.528857
1.848961
1.639416
2.223724
1.656925
1.598649
1.595658
1.610661
1.768164
1.655616
1.637604
2.016068
1.688092
1.777184
1.614665
1.602763
1.627594
1.664546
1.675847
1.655610
1.642034
1.601594
1.654259
1.610909
1.678962
1.613634
1.616278
1.608059
1.677021
1.680625
1.650076
1.610817
1.687924
1.609841
1.630501
1.605896
1.617820
1.609303
1.680360
1.665033
1.645790
1.625312
1.659486
1.630481
1.688565
1.592266
1.622235
1.614816
1.663358
1.610905
1.947161
1.625095
1.641601
1.602481
1.697206
1.606721
1.931685
1.607352
1.682313
1.666902
1.652228
1.924077
2.299399
1.669042
1.616114
1.609856
1.596616
1.637414
1.644232
1.662693
1.647684
1.706434
1.631623
1.666118
1.642568
1.604117
1.602963
1.605015
1.669708
1.654829
1.649994
1.615638
1.669299
1.610527
1.669046
1.609975
1.608119
1.611736
1.848397
1.695632
1.640712
1.623881
1.654349
1.604890
1.676368
1.608896
1.607984
1.613178
1.666523
1.648397
1.649022
1.616517
2.065312
1.607867
1.756729
1.634504
1.611376
1.604788
1.664650
1.647547
1.671822
2.728569
1.608435
1.650939
1.648605
1.614147
1.623367
1.677085
1.605210
1.755345
1.611661
1.656183
1.611861
1.666751
1.604377
1.606149
1.607085
1.819128
1.628047
1.768510
1.634976
1.639367
1.600600
1.647148
1.591234
1.594590
2.642128
1.682875
1.652680
1.637887
1.629418
1.652096
1.622399
1.661615
1.621511
1.604792
1.626622
1.687604
1.770743
1.664960
2.029353
1.645580
1.738298
1.604013
1.681640
1.632469
1.678500
1.669948
1.658614
1.636743
1.597191
1.668931
1.605019
1.653449
1.630336
1.596776
1.609017
1.681793
1.652716
1.676794
1.602869
1.648077
1.643282
1.665476
1.608986
