0.750873
0.450431
0.688676
0.432051
0.451990
0.729381
0.408885
0.476073
0.510067
0.745365
0.408868
0.488773
0.499951
0.743017
0.408809
0.649537
0.565010
0.931128
0.567004
0.578422
0.578193
0.673877
0.575865
0.580529
0.568258
0.689959
0.589032
0.573948
0.562412
0.678732
0.597343
0.573135
0.582292
0.668728
0.559422
0.562854
0.565003
0.691294
0.576765
0.559475
0.560353
0.693016
0.570224
0.573011
0.575310
0.668664
0.560524
0.562954
0.564877
0.681064
0.574801
0.556375
0.565753
0.676282
0.566673
0.569477
0.575664
0.674386
0.560624
0.563614
0.566391
0.680508
0.577517
0.557398
0.560126
0.670750
0.565245
0.572460
0.575062
0.675282
0.561111
0.598856
0.574261
0.691376
0.583139
0.562897
0.566075
0.690356
0.573429
0.601402
0.581091
0.678335
0.564109
0.568810
0.567830
0.722704
0.580870
0.572241
0.575230
0.739152
0.586168
0.586608
0.591750
0.692036
0.578844
0.585685
0.693564
0.610889
0.595552
0.573796
0.710605
0.583778
0.630313
0.780337
0.613948
0.582272
0.575035
0.703297
0.583746
0.608653
0.593373
0.716644
0.581423
0.582104
0.613507
0.704128
0.602603
0.578624
0.571857
0.689722
0.582850
0.582879
0.581872
0.684516
0.564941
0.569493
0.567477
0.700062
0.613197
0.562300
0.563938
0.790604
0.571615
0.592642
0.575913
0.684120
0.562915
0.566101
0.691030
0.576355
0.577344
0.559651
0.685501
0.564060
0.588072
0.570699
0.700684
0.560462
0.561197
0.562724
0.694298
0.573794
0.576744
0.558049
0.681914
0.565593
0.572889
0.572895
0.700694
0.560255
0.561627
0.715569
0.570103
0.575818
0.577014
0.684058
0.561058
0.566420
0.567092
0.688960
0.576881
0.558732
0.564017
0.688640
0.566873
0.575101
0.702680
0.569774
0.558634
0.696991
0.587885
0.585646
0.699130
0.559359
0.565164
0.592667
0.757106
0.580972
0.584606
0.569166
0.708152
0.577170
0.585276
0.587356
0.729060
0.585980
0.579805
0.603401
0.691881
0.587892
0.588705
0.590949
0.679532
0.577150
0.556750
0.664326
0.569302
0.544768
0.550523
0.692774
0.554973
0.559152
0.563961
0.656350
0.546806
0.552732
0.554225
0.696642
0.562115
0.545248
0.601110
0.656653
0.550653
0.586794
0.559516
0.686814
0.553789
0.554671
0.670366
0.563599
0.564110
0.548479
0.662169
0.552136
0.555257
0.562026
0.702468
0.547313
0.551347
0.661456
0.552180
0.556449
0.590172
0.652506
0.547892
0.548709
0.661464
0.557772
0.562245
0.545208
0.657362
0.548596
0.552829
0.559972
0.667818
0.542662
0.544971
0.574474
0.674835
0.555756
0.560652
0.552009
0.693495
0.546303
0.551256
0.554097
0.663015
0.543721
0.543299
0.547103
0.658893
0.558579
0.577807
0.562246
0.661356
0.550347
0.561293
0.570895
0.671979
0.549810
0.576026
0.548893
0.693803
0.624655
0.561647
0.550645
0.660087
0.550064
0.553497
0.563943
0.677124
0.551054
0.554493
0.553750
0.667948
0.563947
0.569322
0.544854
0.680866
0.555458
0.583969
0.670238
0.572291
0.550308
0.552924
0.678179
0.563331
0.563693
0.571669
0.665781
0.556566
0.560549
0.560247
0.681318
0.604055
0.551582
0.557222
0.671432
0.559516
0.605291
0.569117
0.701515
0.563908
0.567237
0.558106
0.683588
0.571741
0.554030
0.552795
0.676495
0.566337
0.572676
0.570796
0.664843
0.580849
0.558846
0.561260
0.673487
0.563412
0.550262
0.545765
0.666067
0.556935
0.583945
0.566904
0.707248
0.550523
0.584207
0.551660
0.674300
0.564805
0.551317
0.545504
0.661734
0.552933
0.594838
0.562966
0.656613
0.549805
0.566821
0.550863
0.664393
0.589580
0.541531
0.545531
0.664571
0.552000
0.559775
0.585925
0.656958
0.545212
0.548638
0.658470
0.597140
0.561094
0.541317
0.662357
0.548727
0.551273
0.556324
0.668838
0.542334
0.558459
0.656069
0.572948
0.557034
0.562771
0.651451
0.546008
0.546607
0.574201
0.556698
0.671379
0.550961
0.544990
0.550585
0.550229
0.665925
0.564908
0.541415
0.543871
0.547251
0.658022
0.557091
0.560115
0.540591
0.651222
0.546568
0.582438
0.551658
0.560541
0.662959
0.574390
0.570335
0.551862
0.690767
0.570457
0.546452
0.548402
0.675033
0.596474
0.592259
0.684235
0.554196
0.557123
0.569282
0.681465
0.568715
0.573416
0.554978
0.660608
0.554848
0.560748
0.567654
0.677862
0.548259
0.552634
0.552976
0.665231
0.561678
0.566633
0.656249
0.548978
0.554049
0.557552
0.669629
0.561973
0.543374
0.550966
0.662139
0.556306
0.559030
0.564436
0.678654
0.564708
0.564029
0.555765
0.676558
0.566939
0.564012
0.598791
0.693482
0.579721
0.581548
0.580928
0.679643
0.567491
0.564063
0.561088
0.678045
0.572638
0.554621
0.554244
0.673913
0.563363
0.564747
0.566952
0.666675
0.552012
0.572938
0.567854
0.671317
0.585138
0.554273
0.554790
0.702362
0.556785
0.566943
0.586363
0.658927
0.556257
0.548668
0.568012
0.706925
0.561064
0.549552
0.570954
0.661418
0.551350
0.558760
0.561981
0.663967
0.544686
0.548286
0.579360
0.662988
0.566163
0.553189
0.545169
0.658306
0.553277
0.577731
0.560025
0.664605
0.545963
0.547373
0.562084
0.675848
0.570571
0.552731
0.558139
0.678331
0.562911
0.585277
0.572937
0.674961
0.556701
0.560008
0.561630
0.676924
0.572304
0.553204
0.555433
0.667661
0.562118
0.589214
0.571541
0.672448
0.557067
0.562864
0.564435
0.701914
0.576961
0.558291
0.558819
0.670996
0.584071
0.571009
0.573741
0.672196
0.560431
0.561200
0.562317
0.684470
0.577557
0.557573
0.557757
0.680211
0.566138
0.578368
0.575970
0.673902
0.562198
0.567483
0.566719
0.698282
0.581976
0.561672
0.578674
0.683680
0.565050
0.572062
0.572249
0.666069
0.559641
0.560919
0.562273
0.705943
0.573186
0.554908
0.665201
0.567004
0.563054
0.566964
0.684272
0.553962
0.556128
0.559511
0.680438
0.567816
0.569683
0.591514
0.666699
0.558158
0.560945
0.590530
0.679046
0.551496
0.555444
0.673858
0.561611
0.578383
0.572332
0.663072
0.554425
0.558096
0.670147
0.562578
0.570195
0.553163
0.670893
0.557662
0.562433
0.674053
0.570625
0.551907
0.554832
0.671262
0.584661
0.564333
0.569650
0.663903
0.555958
0.558113
0.560623
0.676564
0.570686
0.552733
0.554774
0.673019
0.561915
0.567583
0.571265
0.664357
0.555586
0.563706
0.564838
0.677299
0.575650
0.580856
0.585633
0.709141
0.589629
0.588739
0.580427
0.678438
0.579039
0.570292
0.570713
0.689388
0.580217
0.548872
0.583499
0.663486
0.557246
0.579097
0.574138
0.674406
0.560863
0.564692
0.563456
0.710074
0.599694
0.547003
0.654986
0.549969
0.551337
0.599364
0.670468
0.546158
0.547330
0.577638
0.663583
0.577071
0.576349
0.550563
0.677790
0.554784
0.594563
0.561695
0.700641
0.549005
0.550056
0.551998
0.691675
0.578098
0.570241
0.570083
0.661203
0.548713
0.559231
0.556991
0.670175
0.544120
0.547162
0.555071
0.659061
0.556107
0.573901
0.546464
0.657657
0.550813
0.551844
0.564668
0.708959
0.551596
0.547343
0.547833
0.660304
0.563021
0.562218
0.550367
0.653777
0.548995
0.550174
0.559131
0.559670
0.656643
0.545774
0.547064
0.568885
0.676856
0.560764
0.547005
0.559382
0.663174
0.558064
0.558172
0.562610
0.650414
0.546283
0.549035
0.549728
0.663149
0.562556
0.558756
0.545643
0.672102
0.552698
0.565184
0.579127
0.674498
0.558308
0.561155
0.658740
0.556667
0.566724
0.547428
0.663141
0.550297
0.553425
0.584569
0.680322
0.557385
0.558262
0.553010
0.560830
0.731260
0.578390
0.555618
0.559157
0.673791
0.567548
0.612383
0.605177
0.700512
0.578085
0.579733
0.597124
0.696548
0.587701
0.561550
0.692049
0.583762
0.582606
0.585572
0.719319
0.574978
0.577365
0.604611
0.707490
0.594298
0.598571
0.610409
0.721977
0.599658
0.585835
0.716406
0.606582
0.575895
0.576938
0.729207
0.580903
0.586504
0.593831
0.692859
0.571562
0.571113
0.728465
0.574982
0.609020
0.713782
0.568018
0.567894
0.569732
0.704983
0.579944
0.561452
0.547099
0.659457
0.552559
0.558388
0.561737
0.651325
0.573946
0.551530
0.560666
0.675151
0.562720
0.543441
0.548767
0.671552
0.553514
0.597076
0.674514
0.544770
0.547562
0.549828
0.670714
0.575652
0.566874
0.548089
0.654085
0.547949
0.553270
0.561652
0.678199
0.544001
0.551793
0.547292
0.681914
0.554709
0.565638
0.543941
0.658699
0.554005
0.551247
0.557632
0.681847
0.542515
0.545729
0.546815
0.660705
0.566787
0.564581
0.544709
0.668027
0.563705
0.561801
0.678964
0.565902
0.556134
0.568342
0.687835
0.573495
0.601208
0.582305
0.661749
0.551379
0.556323
0.557248
0.706715
0.571159
0.558378
0.552768
0.664738
0.558617
0.576735
0.693073
0.562746
0.550586
0.704742
0.553928
0.564515
0.563200
0.666868
0.548572
0.560618
0.560120
0.679957
0.570439
0.549873
0.566483
0.681703
0.558256
0.563105
0.563862
0.674870
0.548793
0.549487
0.551762
0.676954
0.593504
0.544833
0.581440
0.664358
0.552050
0.555375
0.562115
0.661213
0.546554
0.550397
0.550379
0.670215
0.564678
0.544339
0.661714
0.548631
0.551895
0.557026
0.669736
0.542977
0.545684
0.572398
0.550810
0.694320
0.560496
0.542575
0.544511
0.665814
0.550970
0.564284
0.564841
0.660838
0.550671
0.547449
0.549239
0.665182
0.562795
0.542955
0.559156
0.669017
0.550620
0.585558
0.564946
0.650075
0.546705
0.559291
0.562571
0.689378
0.573250
0.579431
0.560403
0.685711
0.575535
0.588376
0.587824
0.682422
0.568877
0.571229
0.570989
0.695672
0.584470
0.594279
0.564026
0.717829
0.558914
0.580032
0.594198
0.729995
0.569481
0.570313
0.565805
0.692532
0.585874
0.550716
0.548665
0.666349
0.559431
0.562278
0.563080
0.667668
0.584611
0.556845
0.671732
0.582205
0.594060
0.554446
0.704745
0.553085
0.584696
0.574808
0.683535
0.556827
0.588154
0.676853
0.570628
0.579659
0.580477
0.669702
0.565976
0.564009
0.568663
0.684113
0.564986
0.546519
0.671657
0.552329
0.560092
0.671291
0.563822
0.552056
0.557166
0.670838
0.578225
0.570695
0.571992
0.667455
0.547104
0.548330
0.554574
0.683987
0.565456
0.541987
0.544971
0.684508
0.550412
0.559350
0.582297
0.656702
0.548832
0.547122
0.563191
0.683330
0.591899
0.542570
0.655332
0.549443
0.562778
0.674213
0.571620
0.553513
0.546324
0.662992
0.552823
0.559558
0.576050
0.660842
0.546211
0.550528
0.550932
0.683621
0.588791
0.542465
0.545480
0.659101
0.554250
0.558668
0.560404
0.656547
0.544918
0.548025
0.550778
0.667385
0.565851
0.542079
0.579578
0.688473
0.552505
0.557635
0.563372
0.662866
0.579034
0.590193
0.559266
0.710382
0.613426
0.553360
0.554786
0.691525
0.565615
0.574301
0.576368
0.662323
0.553943
0.555817
0.567358
0.691197
0.584467
0.559119
0.556291
0.659536
0.555353
0.562982
0.569356
0.664601
0.570774
0.550985
0.556059
0.675348
0.579282
0.544217
0.553440
0.654942
0.558785
0.585651
0.570479
0.665869
0.582255
0.556734
0.673243
0.570521
0.569350
0.553331
0.692774
0.554394
0.574689
0.562409
0.679414
0.566316
0.547883
0.562405
0.673433
0.560912
0.562425
0.543615
0.655060
0.564437
0.553774
0.668240
0.571652
0.544960
0.547495
0.664338
0.551413
0.556170
0.561092
0.666823
0.545341
0.546893
0.549672
0.670968
0.561859
0.541547
0.652175
0.547606
0.548663
0.557015
0.688957
0.543954
0.544556
0.551337
0.656907
0.556941
0.561027
0.545998
0.668670
0.550276
0.550643
0.555807
0.672741
0.542052
0.543669
0.560506
0.674173
0.569666
0.582090
0.561341
0.676146
0.565663
0.567266
0.581364
0.691934
0.557955
0.551401
0.567483
0.556100
0.676886
0.570537
0.558584
0.674599
0.569613
0.587386
0.679037
0.603197
0.549359
0.663544
0.568995
0.583626
0.565729
0.686275
0.556917
0.565742
0.570380
0.685393
0.574863
0.601356
0.563576
0.674002
0.594380
0.572381
0.571942
0.735132
0.563256
0.567672
0.564273
0.714810
0.583924
0.582096
0.559674
0.682706
0.567295
0.570713
0.573646
0.701468
0.559041
0.558929
0.589194
0.685573
0.573488
0.574288
0.554068
0.673158
0.561347
0.567362
0.568433
0.689566
0.556078
0.557651
0.670518
0.565513
0.565146
0.684162
0.567955
0.557631
0.559502
0.674783
0.567659
0.571270
0.672566
0.555558
0.558793
0.561651
0.688884
0.572946
0.586069
0.555958
0.557814
0.672823
0.567053
0.572054
0.550293
0.670903
0.585156
0.573659
0.568629
0.683940
0.541651
0.553871
0.666904
0.549480
0.553769
0.566153
0.663353
0.546289
0.549299
0.552026
0.665182
0.559573
0.541244
0.545240
0.661016
0.551288
0.562519
0.560164
0.656112
0.545360
0.546746
0.568094
0.705764
0.576297
0.558712
0.556585
0.673092
0.616213
0.568275
0.567428
0.663064
0.555388
0.572510
0.561402
0.702171
0.588024
0.563690
0.563364
0.683137
0.560067
0.567307
0.566572
0.655825
0.556747
0.554447
0.587083
0.677288
0.565464
0.547413
0.546265
0.665640
0.560750
0.556829
0.561224
0.662980
0.560501
0.550287
0.563100
0.685497
0.604521
0.552285
0.666581
0.561383
0.574085
0.578986
0.690243
0.581685
0.553846
0.559573
0.688445
0.566705
0.571874
0.552445
0.669645
0.559649
0.557619
0.576700
0.674697
0.550044
0.557370
0.709353
0.553934
0.575450
0.562995
0.657350
0.547457
0.570924
0.661198
0.579328
0.562732
0.549511
0.660984
0.549549
0.551923
0.555226
0.675351
0.545220
0.550370
0.677234
0.558737
0.565293
0.576429
0.667602
0.555664
0.559245
0.555904
0.671231
0.561405
0.575996
0.666194
0.570219
0.551623
0.555838
0.675873
0.542566
0.554653
0.572009
0.670642
0.563483
0.572197
0.562719
0.681256
0.561890
0.567277
0.683642
0.574435
0.557278
0.676334
0.552754
0.556922
0.676269
0.578543
0.611461
0.669665
0.560324
0.562442
0.580707
0.687737
0.548204
0.549930
0.553459
0.671581
0.566055
0.568749
0.546595
0.665159
0.603813
0.571277
0.573160
0.690261
0.591794
0.561179
0.562358
0.664141
0.567619
0.563666
0.560667
0.664723
0.563762
0.556372
0.558532
0.675997
0.571669
0.561139
0.553491
0.663961
0.575497
0.591220
0.546075
0.663042
0.590850
0.578900
0.560145
0.560960
0.663971
0.563109
0.551580
0.556604
0.665050
0.594351
0.543306
0.545797
0.657016
0.551685
0.555981
0.561808
0.654688
0.546612
0.554138
0.573974
0.670017
0.572627
0.541103
0.652528
0.550357
0.552465
0.665658
0.560489
0.546594
0.645370
0.548482
0.560779
0.562930
0.667398
0.542360
0.555705
0.557952
0.670597
0.569052
0.570983
0.552681
0.660049
0.550674
0.588686
0.556788
0.670708
0.541913
0.543565
0.548020
0.667610
0.557013
0.560218
0.544386
0.664928
0.559981
0.560552
0.559709
0.678685
0.558905
0.556544
0.658880
0.577993
0.581707
0.583229
0.675395
0.566376
0.567885
0.675292
0.567618
0.580992
0.661126
0.552685
0.563122
0.682721
0.571214
0.585941
0.546463
0.673970
0.564834
0.587776
0.579946
0.683510
0.557815
0.559502
0.566164
0.668273
0.591496
0.571524
0.553846
0.660043
0.553571
0.617093
0.559637
0.684254
0.548384
0.550006
0.585991
0.671901
0.559273
0.567932
0.559965
0.708501
0.555595
0.589220
0.689668
0.572236
0.550722
0.550527
0.669920
0.563140
0.593201
0.597916
0.662830
0.550671
0.556161
0.556357
0.667883
0.563948
0.571444
0.547253
0.657443
0.553020
0.562181
0.562961
0.658343
0.553394
0.552275
0.664123
0.560874
0.562631
0.542664
0.665403
0.548012
0.548974
0.555632
0.673710
0.541605
0.544850
0.653324
0.555775
0.557666
0.571475
0.649991
0.549860
0.547324
0.550979
0.669887
0.574499
0.553645
0.564695
0.677155
0.563031
0.596398
0.572762
0.675262
0.563000
0.560357
0.672267
0.572697
0.572816
0.552927
0.712915
0.599511
0.567877
0.572134
0.689217
0.554648
0.559881
0.690085
0.587592
0.558805
0.679063
0.550738
0.579035
0.656878
0.577288
0.569785
0.582385
0.740786
0.560361
0.565259
0.560381
0.728973
0.583986
0.555223
0.559976
0.670310
0.561931
0.567497
0.570696
0.664265
0.552323
0.555416
0.687088
0.560541
0.569969
0.694574
0.548778
0.554733
0.698424
0.566044
0.567558
0.653528
0.550964
0.553765
0.559490
0.684044
0.566406
0.550618
0.550216
0.688646
0.555325
0.558296
0.566302
0.658778
0.551430
0.555790
0.555195
0.674598
0.584065
0.546691
0.572293
0.666761
0.554409
0.559661
0.566827
0.546355
0.664809
0.550188
0.558552
0.677951
0.562676
0.574585
0.546063
0.660922
0.552734
0.554455
0.561281
0.653747
0.546514
0.571071
0.550839
0.555147
0.701212
0.549848
0.545310
0.546915
0.660785
0.558332
0.573658
0.543843
0.664897
0.561230
0.562304
0.566253
0.690930
0.559333
0.558823
0.669873
0.554583
0.558773
0.564283
0.662507
0.550122
0.576628
0.553485
0.666947
0.561981
0.545190
0.545697
0.663752
0.552318
0.559794
0.665597
0.542915
0.545932
0.659539
0.550178
0.556498
0.578291
0.668242
0.559874
0.560652
0.562942
0.677896
0.591832
0.548947
0.572842
0.667083
0.556718
0.561537
0.564551
0.665551
0.575869
0.581132
0.553247
0.678433
0.563809
0.544758
0.546074
0.659184
0.560446
0.566931
0.620927
0.662538
0.555440
0.554452
0.557193
0.680932
0.565266
0.549345
0.656983
0.551838
0.554676
0.564630
0.685866
0.545588
0.553879
0.557759
0.664694
0.567436
0.566168
0.548928
0.666373
0.553308
0.563826
0.677553
0.567452
0.556795
0.552177
0.675347
0.556620
0.559666
0.567123
0.658133
0.548685
0.550402
0.553533
0.664588
0.562302
0.560060
0.546568
0.689796
0.553970
0.561342
0.560201
0.657821
0.545634
0.547251
0.550279
0.666198
0.585783
0.540821
0.656158
0.548090
0.550300
0.665974
0.560399
0.541086
0.655999
0.547360
0.550338
0.556186
0.673400
0.546704
0.545978
0.547528
0.670747
0.557982
0.559687
0.653118
0.546051
0.547100
0.575950
0.710657
0.573795
0.564431
0.666531
0.551082
0.554582
0.562606
0.674105
0.551378
0.551250
0.662345
0.556017
0.627620
0.567219
0.661696
0.560553
0.554438
0.556050
0.696576
0.567940
0.550088
0.579719
0.669518
0.560787
0.562902
0.565052
0.671250
0.552426
0.553181
0.582484
0.677153
0.567415
0.546172
0.550958
0.661343
0.553774
0.560689
0.572385
0.655056
0.563203
0.555712
0.567559
0.699813
0.631987
0.555955
0.550134
0.666275
0.561755
0.568457
0.565793
0.676076
0.553954
0.559378
0.562420
0.683320
0.630810
0.551192
0.554179
0.670115
0.555879
0.559394
0.676135
0.544324
0.551894
0.553145
0.659852
0.556348
0.562641
0.545489
0.654161
0.550586
0.550632
0.559301
0.681492
0.545525
0.545661
0.548311
0.664410
0.564293
0.561367
0.542077
0.657810
0.549957
0.550631
0.557074
0.681622
0.546081
0.545888
0.550539
0.668929
0.567383
0.567760
0.541328
0.545213
0.661539
0.551190
0.556980
0.587949
0.682494
0.545948
0.548008
0.553560
0.668033
0.561006
0.542309
0.546423
0.665443
0.551463
0.556198
0.560094
0.651713
0.547957
0.577999
0.578028
0.694858
0.606245
0.552172
0.550686
0.664257
0.586741
0.602885
0.567691
0.659553
0.553983
0.554930
0.553729
0.676398
0.564507
0.545258
0.554432
0.669718
0.554167
0.556165
0.560296
0.692915
0.587617
0.559254
0.555558
0.684420
0.569417
0.551735
0.681999
0.553779
0.584610
0.563819
0.676177
0.548084
0.550380
0.578292
0.660077
0.558526
0.584996
0.548232
0.668958
0.555279
0.557000
0.561696
0.705258
0.551157
0.553074
0.559984
0.673277
0.572422
0.569758
0.549533
0.663144
0.551461
0.554074
0.668429
0.564096
0.549452
0.660482
0.549529
0.553214
0.563561
0.676559
0.544077
0.550403
0.688412
0.559081
0.559774
0.563206
0.660807
0.565496
0.549904
0.576788
0.666045
0.562091
0.545449
0.546609
0.658261
0.553253
0.561327
0.674745
0.543577
0.545577
0.547990
0.662772
0.554630
0.559729
0.544536
0.655002
0.558729
0.562178
0.554346
0.672424
0.541884
0.545864
0.547557
0.660650
0.567331
0.562501
0.542846
0.658481
0.548984
0.570633
0.557730
0.563435
0.651884
0.545690
0.549292
0.551640
0.673963
0.562876
0.543444
0.546248
0.683106
0.550807
0.554806
0.599518
0.659642
0.551367
0.551367
0.580540
0.558820
0.673686
0.547980
0.549860
0.551201
0.663476
0.563300
0.563648
0.547046
0.656460
0.550618
0.555507
0.556195
0.688515
0.548360
0.562642
0.558327
0.667402
0.590401
0.563423
0.544010
0.694273
0.551365
0.553693
0.683564
0.562610
0.547540
0.553930
0.663665
0.567723
0.557861
0.563864
0.656709
0.547757
0.565619
0.554452
0.678843
0.581024
0.549575
0.549204
0.680483
0.556930
0.571024
0.598326
0.661109
0.551907
0.553555
0.575483
0.673936
0.563825
0.572896
0.547012
0.666552
0.575729
0.582909
0.563274
0.659905
0.552291
0.548497
0.550771
0.668554
0.562813
0.542555
0.545393
0.657383
0.551326
0.559126
0.560956
0.655733
0.546524
0.549132
0.550207
0.674343
0.561473
0.543424
0.546348
0.657194
0.550776
0.558237
0.570160
0.660604
0.553114
0.556468
0.668424
0.561063
0.565211
0.564944
0.682189
0.571275
0.569896
0.627249
0.738435
0.567509
0.564730
0.564731
0.691326
0.572968
0.589484
0.570658
0.697335
0.570270
0.569938
0.571611
0.692213
0.558701
0.563199
0.557624
0.698916
0.586666
0.592543
0.589750
0.568615
0.690881
0.580964
0.571281
0.572352
0.668645
0.560876
0.580565
0.560554
0.677011
0.571544
0.546676
0.555558
0.673042
0.563668
0.573527
0.705423
0.569962
0.568683
0.679929
0.561853
0.597029
0.579003
0.675110
0.592900
0.593208
0.569997
0.681659
0.592285
0.570712
0.694642
0.575339
0.577141
0.719520
0.584286
0.570691
0.560819
0.708188
0.592317
0.565962
0.572467
0.671807
0.557305
0.560148
0.564228
0.694133
0.580755
0.561095
0.561572
0.683204
0.571767
0.580776
0.578201
0.673757
0.561346
0.558194
0.558028
0.677240
0.570793
0.553008
0.585849
0.685601
0.570257
0.594813
0.575176
0.661881
0.555217
0.556329
0.660441
0.565790
0.568157
0.550041
0.667606
0.557344
0.564083
0.564561
0.681812
0.551732
0.554601
0.555923
0.674643
0.567708
0.568679
0.548373
0.665829
0.557704
0.557217
0.570318
0.694775
0.559673
0.565564
0.581015
0.677653
0.565448
0.568914
0.547801
0.664627
0.554621
0.558954
0.562276
0.679986
0.573191
0.549959
0.692830
0.562496
0.575814
0.588357
0.656086
0.555096
0.575262
0.666869
0.564512
0.566986
0.546826
0.659751
0.552515
0.559064
0.673598
0.586838
0.546608
0.572067
0.667816
0.553534
0.590960
0.564578
0.660204
0.549929
0.550221
0.553949
0.669313
0.564168
0.544779
0.545678
0.675914
0.557709
0.572371
0.580794
0.673434
0.547883
0.566376
0.660711
0.565919
0.565289
0.717138
0.553806
0.553930
0.556457
0.671377
0.566415
0.548222
0.656303
0.561104
0.553466
0.555448
0.675473
0.544998
0.547898
0.551713
0.658277
0.559410
0.561129
0.543515
0.679525
0.548881
0.551427
0.555440
0.670479
0.544966
0.569147
0.548088
0.669041
0.557707
0.560276
0.655805
0.546046
0.550191
0.664691
0.558386
0.560636
0.645369
0.545467
0.549689
0.551894
0.678905
0.560921
0.541165
0.545087
0.664272
0.551981
0.557139
0.559536
0.653878
0.545707
0.553436
0.549724
0.665551
0.567314
0.542230
0.560058
0.675508
0.566437
0.571184
0.571829
0.647515
0.549258
0.551440
0.584109
0.693769
0.585004
0.565342
0.658181
0.554408
0.561004
0.560760
0.725086
0.544732
0.578995
0.579786
0.663352
0.560278
0.564342
0.572992
0.661670
0.557439
0.594268
0.674550
0.571158
0.560665
0.580042
0.678846
0.555932
0.573956
0.694312
0.562665
0.565139
0.681632
0.563469
0.567186
0.581019
0.662570
0.598953
0.555379
0.670989
0.575195
0.569736
0.653675
0.551080
0.551868
0.661614
0.562162
0.561559
0.544708
0.669401
0.553840
0.551914
0.561709
0.672438
0.549607
0.547399
0.664164
0.553400
0.561259
0.561995
0.690687
0.546123
0.550018
0.551344
0.682471
0.560407
0.542738
0.653122
0.548605
0.553146
0.665527
0.561635
0.542068
0.545833
0.653798
0.551141
0.558111
0.582838
0.651462
0.549427
0.548252
0.552655
0.674072
0.566823
0.546782
0.547153
0.669345
0.554346
0.582141
0.699833
0.548962
0.567524
0.554176
0.690972
0.571691
0.595078
0.554194
0.715764
0.555682
0.556503
0.562364
0.693236
0.551115
0.551670
0.552105
0.669917
0.567520
0.567893
0.545706
0.683386
0.552105
0.562744
0.567766
0.680307
0.546548
0.550949
0.666586
0.575616
0.563107
0.565530
0.660105
0.552528
0.582332
0.669146
0.565122
0.572786
0.671869
0.553043
0.552744
0.661622
0.586664
0.610483
0.571093
0.690872
0.561740
0.556358
0.716978
0.576993
0.548651
0.552672
0.673712
0.553788
0.558747
0.589278
0.671196
0.557519
0.579044
0.665181
0.558352
0.563491
0.647861
0.550961
0.606248
0.551746
0.665244
0.561199
0.544048
0.574360
0.661992
0.551494
0.559003
0.560997
0.660910
0.545650
0.546377
0.550430
0.668073
0.559966
0.541053
0.544562
0.662856
0.550726
0.555050
0.560149
0.681881
0.546991
0.548141
0.686333
0.558009
0.582355
0.544652
0.655354
0.547689
0.550719
0.558429
0.670616
0.541516
0.546082
0.547638
0.659818
0.555236
0.624842
0.554278
0.675062
0.552272
0.553702
0.681588
0.591071
0.544941
0.657040
0.551593
0.557223
0.562966
0.682514
0.551484
0.551284
0.666528
0.553751
0.575078
0.563210
0.652201
0.553179
0.550974
0.554173
0.671538
0.562837
0.545289
0.660287
0.585957
0.571843
0.564917
0.684385
0.551037
0.551183
0.558092
0.697809
0.580918
0.573550
0.659579
0.555167
0.560582
0.673090
0.569144
0.573602
0.660202
0.559227
0.559043
0.672294
0.569123
0.570807
0.547511
0.660609
0.552720
0.553447
0.699105
0.565794
0.546912
0.660632
0.553851
0.551856
0.554765
0.672109
0.544029
0.547539
0.659716
0.555878
0.586948
0.670266
0.545183
0.545322
0.547340
0.709496
0.570642
0.560464
0.542963
0.658270
0.547113
0.551936
0.559058
0.675829
0.541594
0.543852
0.551330
0.665324
0.558393
0.561144
0.561333
0.665436
0.550579
0.555510
0.554955
0.672245
0.546624
0.568728
0.666769
0.554655
0.562789
0.573701
0.659218
0.550358
0.600816
0.553811
0.668678
0.570909
0.549685
0.552406
0.668072
0.555716
0.563689
0.564024
0.677279
0.549731
0.552147
0.665730
0.563760
0.565040
0.574442
0.686300
0.554070
0.583262
0.556142
0.680984
0.550826
0.548695
0.559455
0.675719
0.556947
0.566313
0.655695
0.549038
0.556815
0.575364
0.704863
0.563493
0.543833
0.546525
0.659450
0.554860
0.558357
0.563970
0.676006
0.550199
0.553110
0.555376
0.681270
0.594786
0.549335
0.547825
0.659595
0.554648
0.558250
0.674056
0.546280
0.548562
0.664090
0.580713
0.555586
0.582374
0.660784
0.562755
0.549339
0.553732
0.673874
0.563581
0.544196
0.664294
0.549719
0.552447
0.673873
0.589136
0.543383
0.545374
0.664238
0.551245
0.560193
0.563135
0.653116
0.552593
0.549894
0.559932
0.666392
0.580721
0.542462
0.651599
0.548301
0.551231
0.559319
0.676135
0.543706
0.545882
0.657730
0.559744
0.566050
0.565503
0.663459
0.551162
0.551599
0.553922
0.686420
0.566303
0.546614
0.574823
0.658736
0.561814
0.564279
0.564737
0.653928
0.548373
0.553492
0.551684
0.683880
0.565354
0.544230
0.573449
0.661203
0.564616
0.559467
0.560817
0.654705
0.545466
0.602716
0.548103
0.665020
0.583525
0.544916
0.544814
0.548565
0.661452
0.558224
0.587013
0.653777
0.546068
0.563305
0.674716
0.566945
0.569598
0.702997
0.554814
0.557201
0.560383
0.678887
0.574644
0.554182
0.557905
0.692001
0.560618
0.563416
0.609700
0.684332
0.551564
0.553593
0.662529
0.559267
0.564637
0.545596
0.686272
0.553254
0.567652
0.562358
0.673211
0.546507
0.549287
0.552439
0.660238
0.559005
0.566786
0.542908
0.653521
0.549332
0.551912
0.560002
0.667496
0.542971
0.544919
0.656206
0.551356
0.559022
0.664683
0.542640
0.553959
0.547854
0.661055
0.556475
0.561863
0.650372
0.558792
0.549513
0.661288
0.557652
0.560393
0.670860
0.547327
0.550234
0.552270
0.674533
0.578521
0.547814
0.662525
0.563895
0.557066
0.671112
0.564525
0.546441
0.573943
0.666657
0.555945
0.582411
0.566583
0.655445
0.549149
0.561246
0.571640
0.676139
0.597512
0.578159
0.554536
0.662810
0.561726
0.566176
0.674434
0.552262
0.552576
0.555297
0.676043
0.563823
0.567196
0.562005
0.682797
0.586337
0.554808
0.562509
0.696095
0.547590
0.552288
0.560792
0.580089
0.669776
0.564887
0.547153
0.548799
0.693636
0.553796
0.561615
0.577538
0.683842
0.546802
0.548102
0.552421
0.662392
0.561423
0.544516
0.545949
0.661193
0.553739
0.583540
0.671936
0.544674
0.562970
0.587544
0.666357
0.572490
0.567547
0.663474
0.559002
0.553687
0.672139
0.570713
0.568502
0.658440
0.551851
0.553148
0.560505
0.682073
0.566642
0.570801
0.653919
0.550596
0.551466
0.560396
0.677874
0.543962
0.547273
0.657387
0.552502
0.595960
0.562010
0.653853
0.547944
0.549097
0.658499
0.555396
0.560541
0.542700
0.655395
0.547814
0.551090
0.673573
0.561088
0.542680
0.655998
0.548154
0.550796
0.666087
0.585563
0.542529
0.545992
0.665221
0.567591
0.568451
0.573414
0.669212
0.548599
0.551285
0.554036
0.674352
0.591428
0.548822
0.549613
0.672185
0.561379
0.566067
0.682415
0.551817
0.547334
0.663387
0.555742
0.561920
0.673156
0.545272
0.576205
0.657821
0.561597
0.558332
0.562877
0.662652
0.550670
0.550925
0.554841
0.685117
0.566420
0.549899
0.570544
0.704370
0.559905
0.564007
0.586307
0.666279
0.555475
0.555539
0.583968
0.677429
0.572600
0.565671
0.553510
0.672423
0.559201
0.563406
0.567430
0.655508
0.578785
0.553639
0.551745
0.701583
0.566796
0.548394
0.658440
0.552017
0.557523
0.565095
0.670583
0.542775
0.547748
0.550208
0.682474
0.561476
0.563663
0.684542
0.548829
0.549568
0.662524
0.552656
0.561407
0.541568
0.661794
0.547631
0.550409
0.556394
0.666512
0.542272
0.544511
0.660955
0.551251
0.559577
0.666760
0.542143
0.544985
0.546368
0.660924
0.557749
0.559963
0.541557
0.654799
0.553553
0.555732
0.562371
0.673829
0.544368
0.547601
0.549511
0.662020
0.558970
0.563819
0.662250
0.547309
0.552551
0.688849
0.584957
0.566904
0.552223
0.660787
0.556321
0.588713
0.591086
0.574999
0.657422
0.551036
0.555642
0.573109
0.695235
0.567017
0.546751
0.546538
0.660133
0.553956
0.559624
0.560778
0.658098
0.574591
0.550846
0.658749
0.573141
0.592708
0.544103
0.655557
0.549699
0.552250
0.560507
0.672524
0.546089
0.550004
0.657167
0.554793
0.557595
0.670448
0.543121
0.544957
0.549008
0.663371
0.567937
0.589025
0.543754
0.670509
0.558423
0.571637
0.564049
0.709241
0.545829
0.548978
0.553849
0.665882
0.560631
0.579032
0.545292
0.658351
0.551797
0.551801
0.672138
0.563204
0.543390
0.547502
0.657389
0.552455
0.557940
0.561322
0.656749
0.545715
0.547727
0.657781
0.558990
0.586382
0.543947
0.656957
0.547349
0.550790
0.560532
0.673866
0.542611
0.544471
0.547126
0.662319
0.555151
0.560865
0.541091
0.656669
0.548523
0.563988
0.555116
0.677417
0.542042
0.546253
0.548143
0.658628
0.575433
0.567605
0.662812
0.549055
0.558926
0.556029
0.690063
0.577435
0.547055
0.553040
0.669242
0.591485
0.609107
0.610643
0.693971
0.561245
0.563903
0.565869
0.731546
0.581484
0.560390
0.558669
0.676469
0.568276
0.575355
0.582089
0.671564
0.563992
0.588046
0.670220
0.572453
0.571987
0.665461
0.557086
0.554281
0.667618
0.622561
0.574645
0.554893
0.697158
0.562249
0.561019
0.696025
0.571852
0.551127
0.582461
0.666895
0.559495
0.564964
0.565128
0.657861
0.554354
0.559825
0.664886
0.569577
0.566776
0.546745
0.659185
0.552036
0.555766
0.559763
0.666130
0.561739
0.548420
0.556996
0.557275
0.668550
0.566668
0.542867
0.545618
0.546931
0.668747
0.558653
0.560395
0.548384
0.669345
0.547996
0.552608
0.562746
0.680252
0.546779
0.576260
0.658554
0.563815
0.567057
0.671067
0.543975
0.547802
0.550156
0.684210
0.588559
0.563053
0.546806
0.656980
0.550016
0.552682
0.671972
0.567118
0.547263
0.557695
0.675860
0.572888
0.576824
0.568296
0.662403
0.553762
0.561087
0.557015
0.682264
0.586846
0.548122
0.555019
0.676828
0.563998
0.596856
0.682403
0.553013
0.555348
0.557929
0.668034
0.568290
0.568492
0.552171
0.661294
0.554872
0.558369
0.564061
0.692909
0.560327
0.552999
0.660218
0.554071
0.559094
0.565141
0.681287
0.549895
0.551897
0.555308
0.701917
0.563015
0.546048
0.552080
0.666619
0.552412
0.563450
0.560509
0.655291
0.545813
0.549143
0.550855
0.700389
0.566209
0.548594
0.676201
0.565085
0.566749
0.686079
0.587515
0.557734
0.678546
0.565542
0.568052
0.562571
0.673786
0.547853
0.550335
0.553575
0.683186
0.559734
0.562512
0.664916
0.545962
0.548716
0.583344
0.708131
0.562987
0.544764
0.545840
0.663940
0.552274
0.557744
0.560908
0.653512
0.546707
0.548412
0.552260
0.668448
0.572151
0.542993
0.565427
0.655179
0.553327
0.552913
0.577970
0.655047
0.545603
0.564397
0.550410
0.668995
0.563106
0.542491
0.565701
0.674402
0.555138
0.557174
0.566755
0.662821
0.568882
0.552543
0.584015
0.675782
0.564557
0.546674
0.613695
0.671588
0.582360
0.562024
0.562273
0.656941
0.546566
0.560391
0.549599
0.671046
0.562198
0.543055
0.545311
0.668512
0.551637
0.557468
0.573893
0.658154
0.560012
0.552371
0.554791
0.670140
0.563363
0.546201
0.565899
0.672657
0.552575
0.556883
0.598610
0.664820
0.560519
0.564555
0.671668
0.593493
0.568882
0.658634
0.552790
0.555147
0.561350
0.689554
0.569842
0.551647
0.664319
0.555400
0.554102
0.566997
0.699018
0.550738
0.553123
0.553345
0.668555
0.560418
0.562617
0.544109
0.655236
0.550190
0.554827
0.554869
0.669911
0.545393
0.545533
0.575488
0.663260
0.558799
0.591153
0.568974
0.682626
0.548406
0.551231
0.558902
0.676588
0.542912
0.546115
0.548534
0.667120
0.553295
0.561745
0.544251
0.657892
0.550820
0.552193
0.581651
0.680466
0.544491
0.547715
0.669122
0.557207
0.564063
0.568109
0.662282
0.550697
0.552400
0.555606
0.669492
0.563422
0.544941
0.659440
0.568286
0.554983
0.676570
0.593329
0.552714
0.659694
0.556509
0.559458
0.674015
0.577468
0.552895
0.550053
0.685420
0.557567
0.590826
0.565147
0.661069
0.551515
0.556104
0.560619
0.673123
0.565220
0.544186
0.545072
0.667093
0.565691
0.560868
0.560497
0.543224
0.655631
0.557484
0.551775
0.554096
0.675983
0.543845
0.545534
0.549214
0.664745
0.558456
0.560658
0.541940
0.669231
0.548682
0.551642
0.556171
0.700274
0.547413
0.549768
0.660635
0.585489
0.565956
0.566067
0.655158
0.550273
0.565860
0.671632
0.564727
0.573759
0.660280
0.553653
0.555052
0.570799
0.671768
0.593442
0.543406
0.546137
0.686436
0.554816
0.589759
0.562756
0.654749
0.547646
0.551361
0.552213
0.665251
0.560931
0.544193
0.546041
0.662332
0.551530
0.556849
0.561252
0.651926
0.547059
0.549338
0.550311
0.664393
0.559273
0.549471
0.547045
0.690716
0.554863
0.581723
0.563522
0.688623
0.550266
0.550317
0.577857
0.668462
0.564689
0.547157
0.670769
0.556852
0.558143
0.567956
0.685835
0.549621
0.562658
0.668444
0.582545
0.562444
0.564858
0.664669
0.549777
0.579594
0.665164
0.563718
0.564391
0.545639
0.663173
0.550269
0.570723
0.558781
0.671952
0.544591
0.547683
0.552856
0.660273
0.560848
0.678991
0.545718
0.551726
0.663919
0.563551
0.563435
0.564942
0.660819
0.559782
0.557714
0.593429
0.685818
0.579312
0.552498
0.554845
0.664943
0.556149
0.566306
0.563034
0.661486
0.624001
0.555613
0.665030
0.561945
0.569394
0.661652
0.549126
0.553358
0.669087
0.564693
0.563739
0.545440
0.663345
0.551253
0.552974
0.564667
0.674231
0.545708
0.546012
0.550094
0.666722
0.559647
0.570685
0.542151
0.659778
0.555432
0.551570
0.556889
0.671005
0.542846
0.544599
0.547287
0.668953
0.553508
0.560399
0.543845
0.669329
0.573464
0.550485
0.666103
0.560538
0.542328
0.547812
0.683832
0.567407
0.570933
0.685032
0.552626
0.555772
0.557647
0.673443
0.567710
0.574134
0.554957
0.687246
0.584048
0.578026
0.684627
0.578972
0.560486
0.558963
0.703626
0.564395
0.568804
0.575172
0.668641
0.557485
0.564505
0.562497
0.674482
0.572036
0.550399
0.569736
0.665128
0.588456
0.565760
0.563376
0.658760
0.554786
0.581707
0.554463
0.699386
0.565431
0.547225
0.550322
0.662758
0.557881
0.566053
0.704425
0.549492
0.553574
0.657975
0.551566
0.558888
0.697847
0.544158
0.545894
0.657408
0.592361
0.561360
0.564744
0.683090
0.551285
0.559670
0.558438
0.677193
0.571345
0.578175
0.666572
0.555813
0.558998
0.593640
0.672603
0.547557
0.549525
0.671403
0.553171
0.559791
0.563953
0.655533
0.546197
0.550512
0.662303
0.559596
0.561233
0.680465
0.546537
0.550142
0.549964
0.672018
0.579089
0.542551
0.649550
0.547075
0.552869
0.560418
0.664544
0.542846
0.544813
0.547627
0.657290
0.558484
0.566590
0.541418
0.652581
0.547190
0.550115
0.553890
0.666724
0.542763
0.545685
0.556406
0.667105
0.556566
0.562778
0.543540
0.657874
0.550568
0.552839
0.556925
0.685622
0.547939
0.548625
0.549287
0.661405
0.558773
0.561750
0.552202
0.648484
0.572591
0.553577
0.597208
0.699402
0.544032
0.546244
0.658454
0.552669
0.559922
0.562465
0.658501
0.547263
0.547348
0.657142
0.555117
0.562229
0.549920
0.655194
0.578265
0.550793
0.558740
0.676997
0.547149
0.550928
0.551723
0.657474
0.562620
0.564476
0.669404
0.552702
0.554353
0.560317
0.685654
0.594057
0.553241
0.554288
0.671648
0.554778
0.564135
0.563904
0.657789
0.552979
0.554957
0.560807
0.673343
0.607845
0.548181
0.547962
0.668763
0.560203
0.562806
0.562718
0.651241
0.550103
0.551747
0.552421
0.694801
0.560817
0.557174
0.544580
0.660732
0.575870
0.557976
0.692375
0.546019
0.567116
0.548819
0.665598
0.557906
0.562583
0.568095
0.653578
0.559201
0.550184
0.552414
0.670490
0.541416
0.545013
0.656042
0.551993
0.556984
0.662995
0.541694
0.543920
0.554114
0.663505
0.557895
0.562189
0.543046
0.657163
0.549464
0.552476
0.558957
0.666090
0.544392
0.546353
0.657707
0.581728
0.572480
0.568164
0.666086
0.552102
0.556094
0.664635
0.564211
0.566789
0.547503
0.672303
0.584871
0.558303
0.563325
0.674996
0.570059
0.577794
0.562797
0.667072
0.560606
0.594828
0.651709
0.560843
0.551061
0.556398
0.670577
0.589407
0.546133
0.655961
0.556776
0.555413
0.565421
0.703987
0.544202
0.546643
0.548726
0.660801
0.561561
0.566949
0.558266
0.545525
0.662718
0.551819
0.552226
0.561936
0.651020
0.549950
0.548811
0.559242
0.672164
0.563307
0.545992
0.547368
0.660315
0.556790
0.560924
0.561419
0.653577
0.550013
0.550379
0.551091
0.671386
0.565531
0.570568
0.651193
0.548564
0.579276
0.563737
0.711296
0.545018
0.546275
0.549858
0.657551
0.556747
0.562316
0.543401
0.656745
0.550214
0.550262
0.559829
0.672331
0.543537
0.545300
0.659870
0.550654
0.556897
0.563013
0.660160
0.544617
0.549488
0.551815
0.671015
0.560635
0.544376
0.547041
0.658898
0.551522
0.555817
0.571725
0.651423
0.559765
0.585011
0.555011
0.667121
0.567292
0.549978
0.551019
0.665519
0.556334
0.562062
0.582250
0.653505
0.551795
0.552222
0.552798
0.681190
0.573162
0.571015
0.657507
0.551602
0.551647
0.669459
0.562728
0.544120
0.655487
0.551579
0.567894
0.555100
0.671423
0.570531
0.545538
0.551932
0.659373
0.557795
0.579507
0.588544
0.655975
0.550649
0.560487
0.560910
0.677860
0.549366
0.551258
0.555095
0.687623
0.564749
0.565767
0.546280
0.674063
0.568565
0.560466
0.563072
0.714780
0.563996
0.548179
0.549778
0.709177
0.562472
0.564912
0.545295
0.657738
0.567453
0.560573
0.560610
0.677955
0.559201
0.550703
0.678659
0.562196
0.561341
0.687535
0.544173
0.575728
0.676267
0.555617
0.559133
0.566158
0.653093
0.546987
0.548154
0.550408
0.668329
0.561409
0.543045
0.544929
0.660524
0.551310
0.558684
0.560517
0.658753
0.544475
0.547477
0.551162
0.666820
0.560542
0.546896
0.545977
0.682809
0.577832
0.556668
0.567546
0.650845
0.544896
0.547299
0.554701
0.696493
0.563404
0.550207
0.545927
0.659170
0.558002
0.555507
0.563635
0.652843
0.546972
0.549555
0.706177
0.560886
0.565151
0.702740
0.554922
0.559506
0.671039
0.565832
0.570048
0.561865
0.660951
0.558962
0.559462
0.581883
0.693017
0.549402
0.554309
0.557466
0.665995
0.561070
0.566203
0.546442
0.546686
0.696608
0.553748
0.558113
0.565392
0.657087
0.548460
0.570360
0.555319
0.689170
0.573250
0.542186
0.586125
0.668086
0.557377
0.560549
0.582692
0.658888
0.547485
0.549224
0.550088
0.671445
0.563240
0.541172
0.546100
0.682999
0.558147
0.574986
0.572939
0.664520
0.556934
0.560358
0.561497
0.675360
0.579401
0.546367
0.549305
0.682187
0.556609
0.559867
0.564146
0.661021
0.587244
0.552168
0.551096
0.693175
0.563324
0.543961
0.658079
0.583737
0.553763
0.665009
0.590373
0.546756
0.545595
0.668116
0.569673
0.559778
0.674200
0.543514
0.545610
0.547761
0.664089
0.556041
0.560346
0.550982
0.656592
0.549375
0.662134
0.561041
0.561543
0.662196
0.549748
0.560055
0.562006
0.673359
0.568749
0.576410
0.554448
0.665941
0.557295
0.565914
0.564685
0.707797
0.549891
0.552273
0.553562
0.682208
0.566946
0.548022
0.547259
0.663151
0.594681
0.556288
0.561464
0.660726
0.573285
0.550861
0.552496
0.675879
0.562669
0.544252
0.546753
0.685924
0.551418
0.556716
0.560514
0.651915
0.550250
0.547117
0.656816
0.564862
0.566352
0.654851
0.548644
0.552662
0.664552
0.583492
0.561707
0.544658
0.659504
0.552586
0.587537
0.571128
0.685160
0.552928
0.551997
0.568367
0.669070
0.559395
0.563538
0.696274
0.550669
0.570343
0.556006
0.676609
0.566916
0.554280
0.551173
0.669706
0.556941
0.557568
0.671171
0.544062
0.546898
0.550441
0.685607
0.558066
0.562283
0.660928
0.546191
0.550348
0.556214
0.667608
0.561105
0.545212
0.653885
0.547960
0.551124
0.558078
0.703504
0.542498
0.546108
0.551069
0.663695
0.555915
0.565107
0.545258
0.656632
0.550946
0.555639
0.558918
0.674973
0.546282
0.552250
0.573055
0.666321
0.556099
0.562898
0.661969
0.546097
0.642099
0.573411
0.697445
0.645405
0.561683
0.564745
0.684228
0.577301
0.574508
0.726990
0.572608
0.563026
0.669125
0.570066
0.573891
0.690239
0.554820
0.589669
0.681863
0.561147
0.572483
0.569229
0.691295
0.554338
0.554760
0.559360
0.675390
0.563861
0.550016
0.657587
0.551869
0.556617
0.569239
0.677322
0.547881
0.553718
0.553664
0.656385
0.560307
0.562069
0.543121
0.545984
0.663590
0.576479
0.569728
0.575017
0.651465
0.546240
0.548646
0.549632
0.670443
0.563798
0.542961
0.544855
0.656502
0.552922
0.575973
0.564457
0.666271
0.553128
0.552110
0.580742
0.666884
0.577574
0.544941
0.545294
0.658722
0.551536
0.592229
0.570524
0.645670
0.546278
0.549854
0.549094
0.559760
0.672262
0.543765
0.545572
0.561564
0.665865
0.561155
0.564527
0.542668
0.678184
0.574766
0.573379
0.580052
0.706855
0.586173
0.560965
0.668292
0.595180
0.578959
0.694771
0.558753
0.588749
0.702417
0.569226
0.581732
0.707513
0.557656
0.572265
0.578739
0.687622
0.588485
0.568366
0.657117
0.554283
0.552607
0.664680
0.569583
0.562838
0.546538
0.665572
0.561175
0.583760
0.581816
0.673999
0.543187
0.549058
0.553549
0.663382
0.562761
0.564258
0.657323
0.548479
0.553294
0.664836
0.560698
0.562335
0.655103
0.546465
0.575060
0.657795
0.565512
0.573496
0.654715
0.549732
0.555156
0.554918
0.671126
0.567151
0.543820
0.547484
0.665786
0.553849
0.561848
0.563871
0.654205
0.575045
0.578733
0.556466
0.710874
0.566296
0.549332
0.550672
0.664798
0.562161
0.563435
0.593715
0.664129
0.565279
0.559205
0.572062
0.681204
0.566462
0.547789
0.654659
0.574395
0.552545
0.556496
0.672919
0.548074
0.549369
0.657508
0.551146
0.581222
0.683821
0.546838
0.547932
0.659196
0.553171
0.558006
0.667759
0.543170
0.545855
0.654047
0.550771
0.559269
0.676381
0.544043
0.545304
0.548420
0.665644
0.569030
0.564601
0.545083
0.671315
0.551973
0.553939
0.578763
0.674648
0.547099
0.549459
0.665034
0.551627
0.557522
0.560220
0.659616
0.573136
0.551781
0.618269
0.677048
0.563626
0.546487
0.670138
0.552372
0.574822
0.562644
0.689768
0.547197
0.552617
0.673324
0.558371
0.590624
0.581362
0.672381
0.560840
0.563287
0.555532
0.670511
0.566209
0.547523
0.550538
0.551073
0.693123
0.562472
0.562215
0.558683
0.656658
0.575684
0.554232
0.559300
0.677972
0.544348
0.556100
0.574235
0.692677
0.559463
0.562957
0.541890
0.664513
0.593855
0.552999
0.555852
0.719022
0.562802
0.579344
0.555514
0.699602
0.574759
0.568063
0.562025
0.687662
0.571487
0.574650
0.693248
0.585015
0.579990
0.569853
0.709650
0.570396
0.594609
0.578371
0.670210
0.605120
0.572651
0.570988
0.687206
0.582143
0.560932
0.584613
0.679724
0.569590
0.574519
0.571553
0.658428
0.552745
0.554697
0.580489
0.694349
0.584578
0.560788
0.559112
0.674332
0.568573
0.575790
0.576601
0.674183
0.588567
0.591320
0.572658
0.695137
0.586562
0.595158
0.564692
0.680756
0.579292
0.608905
0.578329
0.671532
0.558516
0.561991
0.672383
0.602702
0.589165
0.673588
0.559285
0.561990
0.576302
0.719012
0.571525
0.554110
0.557687
0.670010
0.560424
0.599030
0.604900
0.686317
0.582369
0.571192
0.568768
0.575611
0.692727
0.566395
0.551821
0.556584
0.672222
0.566336
0.566601
0.660207
0.559707
0.587974
0.555060
0.679478
0.630479
0.561528
0.556594
0.668029
0.561950
0.585961
0.569265
0.663100
0.555043
0.557954
0.557281
0.676132
0.606838
0.549066
0.547000
0.658520
0.553173
0.560445
0.561262
0.683228
0.554151
0.562813
0.554276
0.680378
0.567406
0.546834
0.546648
0.665537
0.554803
0.559643
0.561422
0.658994
0.550223
0.552129
0.557110
0.671465
0.563762
0.545402
0.572914
0.693643
0.557147
0.560558
0.670469
0.544634
0.546675
0.662733
0.554268
0.563766
0.564330
0.675860
0.546962
0.550351
0.553834
0.674572
0.561210
0.542530
0.545431
0.662038
0.550954
0.560266
0.565808
0.685290
0.560697
0.549508
0.553742
0.722553
0.568443
0.558308
0.548192
0.667506
0.559843
0.592956
0.672973
0.552944
0.552383
0.550552
0.663712
0.561966
0.563346
0.613142
0.695063
0.561952
0.590408
0.571271
0.690291
0.557741
0.561718
0.559611
0.671796
0.575384
0.575085
0.554522
0.662197
0.562901
0.562284
0.673067
0.566941
0.550141
0.553651
0.665130
0.562743
0.568303
0.683403
0.549991
0.557208
0.556932
0.673609
0.577147
0.567956
0.551701
0.659317
0.581299
0.556614
0.564371
0.590580
0.656988
0.546961
0.552659
0.553343
0.670481
0.563196
0.545117
0.664240
0.562048
0.559880
0.700729
0.566996
0.547375
0.551137
0.667464
0.554902
0.562108
0.564599
0.663660
0.551680
0.551219
0.562650
0.669018
0.641562
0.548923
0.545595
0.661175
0.552938
0.574307
0.561819
0.661794
0.553766
0.557021
0.551354
0.672699
0.576473
0.551697
0.549643
0.657350
0.551913
0.565219
0.560107
0.658185
0.551400
0.548103
0.550186
0.666289
0.561271
0.542834
0.543478
0.686384
0.550339
0.559361
0.667725
0.543149
0.544690
0.547621
0.666025
0.558466
0.558547
0.542160
0.660095
0.663880
0.558577
0.562868
0.679809
0.547199
0.549362
0.552240
0.663593
0.563117
0.564895
0.546918
0.662461
0.558386
0.554854
0.559059
0.669895
0.543432
0.545579
0.550447
0.683220
0.560225
0.562225
0.542601
0.659579
0.549905
0.553144
0.558593
0.673847
0.550704
0.547689
0.572158
0.668698
0.556434
0.561541
0.540748
0.661005
0.548109
0.551388
0.557430
0.696654
0.568923
0.545403
0.546908
0.684355
0.560082
0.564224
0.544374
0.663836
0.558959
0.557279
0.563171
0.680951
0.549226
0.552112
0.552126
0.663135
0.565582
0.575917
0.650841
0.547744
0.570173
0.553408
0.684734
0.570872
0.581568
0.555891
0.666456
0.575900
0.563502
0.563859
0.659765
0.548175
0.552529
0.555970
0.675626
0.604417
0.550888
0.575353
0.679550
0.555929
0.562726
0.587594
0.662602
0.548988
0.553021
0.552419
0.678970
0.569906
0.547050
0.547015
0.655800
0.551776
0.558135
0.672749
0.542757
0.545744
0.548796
0.689388
0.569517
0.561736
0.543108
0.655463
0.563722
0.553406
0.676641
0.562862
0.545070
0.547636
0.665565
0.555496
0.560584
0.586224
0.654374
0.576320
0.549307
0.661034
0.591912
0.566871
0.658312
0.547831
0.552252
0.577602
0.668089
0.562232
0.545126
0.548294
0.658317
0.554451
0.564076
0.565323
0.655252
0.612178
0.556781
0.659905
0.559692
0.565113
0.651080
0.548614
0.549602
0.552138
0.676835
0.565585
0.549682
0.547872
0.660682
0.553803
0.559798
0.704411
0.546898
0.546811
0.663913
0.552040
0.560111
0.744746
0.573143
0.566851
0.557138
0.682570
0.563477
0.566873
0.657580
0.557572
0.550897
0.664596
0.567598
0.564079
0.545052
0.692403
0.554195
0.556206
0.578509
0.677041
0.545158
0.548260
0.550584
0.552604
0.683238
0.570246
0.547237
0.547148
0.660546
0.552826
0.586826
0.560104
0.651864
0.546089
0.548717
0.549302
0.676378
0.562613
0.541955
0.656931
0.548609
0.550524
0.557522
0.665570
0.542617
0.543916
0.548319
0.664617
0.584335
0.560587
0.541424
0.655306
0.547784
0.549777
0.570522
0.682846
0.548828
0.551187
0.557192
0.669641
0.560660
0.569191
0.547717
0.661664
0.554155
0.555655
0.561507
0.682242
0.552499
0.550656
0.678500
0.556438
0.557453
0.562438
0.657611
0.555256
0.573277
0.664924
0.557620
0.561258
0.658701
0.548554
0.579116
0.657843
0.561459
0.562368
0.541200
0.657514
0.548683
0.549508
0.555330
0.703297
0.547504
0.548565
0.551791
0.674914
0.563499
0.565297
0.661143
0.552047
0.553302
0.555513
0.697310
0.567654
0.547228
0.549020
0.665442
0.552953
0.558994
0.562259
0.658936
0.546983
0.549235
0.585333
0.677869
0.566339
0.550019
0.549781
0.660536
0.556356
0.555748
0.563081
0.655459
0.549684
0.551281
0.554792
0.673406
0.590375
0.544502
0.656803
0.552978
0.553681
0.557465
0.676974
0.544056
0.548847
0.662941
0.551778
0.561750
0.562709
0.658971
0.547186
0.551358
0.661145
0.557263
0.603125
0.652199
0.547609
0.555831
0.670647
0.562126
0.566425
0.658596
0.561688
0.552327
0.551745
0.693281
0.563660
0.548058
0.548675
0.677201
0.560283
0.566654
0.581129
0.659231
0.553228
0.557569
0.561497
0.680198
0.568150
0.556680
0.664363
0.556562
0.562815
0.682240
0.566976
0.570977
0.557186
0.673113
0.557414
0.560414
0.707215
0.550587
0.551112
0.554187
0.696310
0.562138
0.567446
0.665597
0.553072
0.580723
0.663369
0.594572
0.562169
0.670971
0.557511
0.555586
0.559896
0.678064
0.572015
0.552602
0.668481
0.563764
0.559714
0.564229
0.702814
0.550557
0.555195
0.558065
0.660398
0.574723
0.585680
0.713214
0.599686
0.665021
0.558274
0.562301
0.674469
0.550730
0.552078
0.664804
0.558220
0.567410
0.674553
0.552663
0.548317
0.565894
0.662053
0.578645
0.562468
0.541976
0.669335
0.563298
0.550315
0.665602
0.587407
0.549994
0.545524
0.660434
0.550781
0.556740
0.666318
0.543390
0.545533
0.669461
0.562057
0.557900
0.679759
0.548001
0.552599
0.662333
0.556366
0.590474
0.590574
0.655511
0.548994
0.552157
0.557444
0.678751
0.564469
0.547238
0.550975
0.662840
0.553824
0.554603
0.583636
0.651105
0.548150
0.549987
0.656819
0.559720
0.563298
0.654160
0.546364
0.553815
0.656085
0.553077
0.562135
0.542302
0.654721
0.554136
0.555066
0.561859
0.694757
0.546257
0.554473
0.551640
0.683873
0.559878
0.566641
0.652867
0.549449
0.555414
0.555109
0.673674
0.561945
0.543362
0.675465
0.551102
0.551032
0.558261
0.668471
0.542034
0.547058
0.563480
0.671828
0.565093
0.566081
0.551363
0.674116
0.553417
0.559134
0.675595
0.596489
0.547182
0.590262
0.672683
0.557512
0.565820
0.564071
0.659488
0.548917
0.553751
0.556276
0.553952
0.675398
0.544582
0.546298
0.550412
0.665353
0.554757
0.563066
0.542523
0.666242
0.557014
0.554455
0.560571
0.710360
0.545325
0.565747
0.554368
0.686310
0.561864
0.572610
0.545138
0.665476
0.574897
0.553486
0.554941
0.676251
0.545467
0.548763
0.550425
0.666662
0.571087
0.590573
0.556875
0.661761
0.568411
0.559294
0.564578
0.694058
0.549436
0.553135
0.552072
0.675730
0.560337
0.567333
0.545170
0.659651
0.572399
0.555557
0.561486
0.674569
0.559463
0.559995
0.562906
0.678546
0.574747
0.580515
0.685948
0.549453
0.551861
0.681300
0.558242
0.567258
0.546994
0.659114
0.549644
0.552631
0.666033
0.564584
0.545563
0.563750
0.696768
0.560221
0.562143
0.569719
0.652990
0.558019
0.549410
0.555099
0.728771
0.566857
0.546918
0.555940
0.669974
0.558433
0.559467
0.559872
0.659901
0.547713
0.576003
0.553376
0.669158
0.562732
0.544131
0.658130
0.558005
0.555071
0.564574
0.672259
0.557122
0.549170
0.548765
0.678476
0.559736
0.562509
0.541848
0.653612
0.549805
0.554914
0.556257
0.673405
0.543382
0.546138
0.575845
0.657963
0.576058
0.560099
0.542243
0.649254
0.548324
0.549398
0.556947
0.668070
0.542533
0.545118
0.547902
0.660862
0.558811
0.560569
0.541387
0.658291
0.553339
0.556220
0.564395
0.677836
0.551796
0.579150
0.551752
0.680997
0.563312
0.565881
0.545998
0.548789
0.662955
0.556529
0.562348
0.561500
0.560044
0.655922
0.547107
0.603966
0.660689
0.562569
0.548950
0.554325
0.655493
0.554155
0.559999
0.570170
0.656189
0.546845
0.574682
0.551690
0.662905
0.589393
0.542662
0.649890
0.550796
0.549865
0.557354
0.682650
0.569906
0.548281
0.551798
0.680022
0.562101
0.590969
0.547594
0.664441
0.554356
0.555607
0.558775
0.677806
0.546046
0.549215
0.548607
0.660885
0.559378
0.561579
0.653207
0.545357
0.549002
0.550665
0.667400
0.573049
0.542754
0.650103
0.567110
0.576826
0.563632
0.683275
0.559857
0.581012
0.671554
0.559732
0.563643
0.674985
0.551407
0.549832
0.554539
0.666640
0.579488
0.564196
0.548738
0.685398
0.552307
0.559573
0.555390
0.670215
0.543946
0.570051
0.550334
0.663384
0.557469
0.571414
0.656223
0.551457
0.587278
0.559786
0.673348
0.567384
0.546930
0.663324
0.556800
0.562975
0.666337
0.591389
0.553255
0.552920
0.667484
0.566225
0.578634
0.570190
0.663624
0.551867
0.567790
0.559717
0.672203
0.571183
0.548970
0.549928
0.552381
0.673659
0.560315
0.564066
0.546590
0.658651
0.552557
0.580941
0.562275
0.676397
0.546417
0.561125
0.553088
0.670440
0.560596
0.565074
0.559785
0.660821
0.552195
0.566367
0.560573
0.677234
0.544479
0.547725
0.547205
0.658417
0.560246
0.569288
0.542961
0.658861
0.549782
0.551919
0.555791
0.680489
0.552109
0.552095
0.549478
0.659548
0.566273
0.562688
0.545278
0.681697
0.547824
0.551122
0.553239
0.670547
0.542859
0.546042
0.547110
0.685602
0.557669
0.561272
0.542000
0.687553
0.547594
0.551894
0.556479
0.679338
0.543949
0.547324
0.655425
0.551311
0.559956
0.566334
0.663139
0.548648
0.551133
0.669174
0.559800
0.564066
0.547488
0.666414
0.578080
0.551028
0.564782
0.671312
0.567266
0.546596
0.555798
0.672253
0.565024
0.563278
0.547195
0.657528
0.552647
0.553391
0.554464
0.674048
0.567251
0.557748
0.552292
0.675417
0.570009
0.567824
0.552258
0.663826
0.551329
0.554196
0.572063
0.685687
0.567981
0.555267
0.582119
0.678210
0.570057
0.604805
0.577991
0.715380
0.569976
0.571112
0.570845
0.699234
0.559355
0.566311
0.559574
0.692742
0.574612
0.574324
0.552405
0.691796
0.559051
0.561806
0.560269
0.686253
0.549645
0.551149
0.550087
0.668975
0.610961
0.572183
0.547072
0.666191
0.557122
0.565835
0.559334
0.681615
0.546226
0.562227
0.550336
0.661871
0.588943
0.564773
0.543460
0.664027
0.551137
0.562402
0.557082
0.673915
0.544034
0.560685
0.547749
0.670427
0.557966
0.562689
0.650999
0.546814
0.547707
0.551425
0.672668
0.560610
0.554573
0.706625
0.551399
0.586062
0.561192
0.676089
0.549396
0.548312
0.589979
0.670477
0.559508
0.566921
0.550403
0.684700
0.556909
0.582623
0.558453
0.673491
0.546228
0.565317
0.549265
0.685866
0.555122
0.565879
0.541571
0.661610
0.571329
0.552411
0.559522
0.701473
0.543616
0.546392
0.549928
0.660901
0.563084
0.567946
0.547015
0.669994
0.553917
0.556144
0.555595
0.691335
0.545078
0.546477
0.553257
0.659259
0.560582
0.562455
0.567537
0.657343
0.559370
0.592498
0.573171
0.689741
0.544351
0.548401
0.551629
0.662749
0.557648
0.561640
0.542160
0.657221
0.551352
0.554222
0.556615
0.669963
0.553236
0.544691
0.547071
0.704035
0.563842
0.565706
0.544172
0.685916
0.550068
0.555424
0.561400
0.707875
0.545239
0.547790
0.549111
0.660313
0.577996
0.562779
0.546434
0.571105
0.658935
0.557253
0.557691
0.560792
0.650948
0.544216
0.546514
0.554090
0.665170
0.561373
0.542528
0.544646
0.658081
0.551898
0.555879
0.563128
0.653078
0.563142
0.555446
0.662791
0.560307
0.579146
0.652373
0.547639
0.549529
0.551452
0.670133
0.562237
0.543278
0.548324
0.662934
0.570222
0.555621
0.560872
0.677956
0.552847
0.556156
0.692019
0.594133
0.563675
0.662232
0.561558
0.553893
0.554755
0.683890
0.566926
0.557483
0.558069
0.668689
0.555925
0.559759
0.671638
0.545830
0.549567
0.584450
0.678129
0.572733
0.575588
0.555915
0.668428
0.561396
0.570982
0.570847
0.573203
0.664624
0.558136
0.558408
0.561504
0.694679
0.578870
0.557891
0.558872
0.672647
0.582507
0.570812
0.569736
0.659578
0.551557
0.558319
0.581750
0.673312
0.573006
0.546849
0.546431
0.666681
0.559631
0.574163
0.561171
0.550379
0.663555
0.551032
0.552188
0.569384
0.671437
0.547670
0.545115
0.550224
0.669367
0.556396
0.560535
0.542830
0.679163
0.548724
0.578491
0.555877
0.688135
0.542800
0.544154
0.733186
0.555457
0.562796
0.687969
0.548435
0.549756
0.657094
0.555129
0.560317
0.561581
0.660602
0.550313
0.551311
0.556191
0.670874
0.581098
0.571848
0.546584
0.657218
0.553377
0.557747
0.669711
0.542187
0.545961
0.549539
0.663407
0.578538
0.561673
0.653325
0.544485
0.548654
0.659722
0.558515
0.560777
0.569069
0.708323
0.551922
0.559567
0.666583
0.568860
0.562117
0.547590
0.663799
0.560271
0.564038
0.569293
0.661734
0.552672
0.555985
0.659693
0.559042
0.564282
0.544351
0.661070
0.551405
0.553210
0.554457
0.678337
0.544563
0.550098
0.549472
0.719261
0.564788
0.569888
0.548595
0.661152
0.555601
0.557454
0.662983
0.583134
0.549228
0.659682
0.550771
0.570229
0.579216
0.689533
0.544029
0.560309
0.565293
0.665934
0.562873
0.566139
0.546992
0.659788
0.553282
0.559882
0.666405
0.564687
0.549961
0.668543
0.561815
0.560038
0.674876
0.566877
0.575177
0.550301
0.680841
0.579047
0.561135
0.564353
0.652970
0.548528
0.574562
0.553511
0.678735
0.561399
0.543414
0.545355
0.655939
0.554986
0.556929
0.577097
0.658590
0.548006
0.549645
0.586189
0.678701
0.563202
0.541759
0.543205
0.668676
0.551055
0.557057
0.667497
0.542998
0.545793
0.547398
0.661600
0.589587
0.560850
0.543379
0.652583
0.548091
0.570774
0.557927
0.672071
0.543393
0.544786
0.547206
0.666807
0.554673
0.560614
0.541491
0.657840
0.569954
0.554450
0.559495
0.679662
0.550722
0.549594
0.663865
0.555857
0.561795
0.563828
0.655375
0.560498
0.549003
0.555475
0.684430
0.564384
0.550842
0.657221
0.551828
0.568526
0.557172
0.676356
0.546180
0.545163
0.549438
0.668654
0.558355
0.581891
0.544838
0.656933
0.549558
0.611134
0.560312
0.677152
0.547409
0.579392
0.551442
0.663863
0.559479
0.565468
0.572929
0.660362
0.551618
0.578736
0.559117
0.564978
0.649799
0.575414
0.548182
0.551484
0.558988
0.678837
0.543668
0.586192
0.548565
0.672398
0.557843
0.560378
0.546049
0.660022
0.548103
0.550763
0.554958
0.559663
0.655814
0.546084
0.573331
0.550887
0.674473
0.568364
0.554740
0.556812
0.692481
0.560274
0.563460
0.575287
0.670816
0.559929
0.569538
0.669003
0.559331
0.594648
0.554375
0.663907
0.551684
0.552181
0.586403
0.668528
0.543958
0.547500
0.574733
0.690148
0.557636
0.562223
0.542539
0.667854
0.551893
0.554979
0.559841
0.669418
0.545669
0.549347
0.562142
0.689364
0.556302
0.561329
0.544074
0.656894
0.548629
0.550152
0.571163
0.669616
0.541959
0.544842
0.572099
0.699121
0.587737
0.564702
0.676092
0.572976
0.556843
0.553893
0.675691
0.564715
0.544742
0.547798
0.672995
0.554642
0.581488
0.570160
0.653310
0.547344
0.593347
0.551087
0.668421
0.573815
0.572855
0.547515
0.740913
0.551648
0.560603
0.560420
0.708675
0.568319
0.552003
0.564073
0.680690
0.564779
0.546788
0.560421
0.658004
0.551832
0.584319
0.565611
0.650037
0.562616
0.551275
0.550499
0.669563
0.563359
0.549629
0.549516
0.696985
0.574471
0.557827
0.584854
0.659815
0.550214
0.551369
0.553652
0.700945
0.565679
0.546168
0.680090
0.551498
0.557040
0.673206
0.573757
0.546000
0.666613
0.553134
0.554758
0.674811
0.565425
0.572586
0.664392
0.553774
0.558403
0.560840
0.677007
0.545330
0.545744
0.548978
0.666251
0.559778
0.566197
0.542968
0.657054
0.549447
0.552332
0.558519
0.689233
0.545771
0.562133
0.659000
0.553109
0.557680
0.592580
0.653284
0.581052
0.549415
0.551946
0.690570
0.562043
0.547415
0.564087
0.659323
0.561327
0.578818
0.558591
0.651678
0.565501
0.551934
0.550909
0.703927
0.561520
0.543417
0.652103
0.548103
0.577978
0.560128
0.669313
0.582812
0.550204
0.557921
0.674104
0.564644
0.567066
0.560802
0.667419
0.553441
0.554162
0.557084
0.677420
0.814705
0.604896
0.604891
0.746833
0.604182
0.608396
0.583278
0.593679
0.733045
0.599635
0.595118
0.740954
0.795840
0.603316
0.585698
0.727309
0.600485
0.603301
0.723362
0.595470
0.598501
0.589306
0.750057
0.599057
0.575898
0.577760
0.714935
0.578288
0.581004
0.620587
0.680234
0.562731
0.567683
0.692728
0.574710
0.608654
0.665929
0.560983
0.561621
0.670874
0.572035
0.574957
0.562720
0.701087
0.557911
0.554739
0.591633
0.681926
0.546797
0.551639
0.560503
0.663859
0.564032
0.566699
0.545407
0.678907
0.555721
0.554003
0.691839
0.591076
0.545821
0.545955
0.661256
0.551993
0.554988
0.562622
0.659080
0.545938
0.548577
0.576037
0.665206
0.560415
0.543079
0.545690
0.660560
0.549745
0.560865
0.559897
0.673701
0.546016
0.550254
0.552726
0.679556
0.563867
0.546043
0.579671
0.668375
0.555671
0.562556
0.564586
0.658244
0.549668
0.554630
0.555060
0.717261
0.567560
0.547942
0.546818
0.658911
0.577802
0.556081
0.597189
0.548573
0.662777
0.549150
0.551558
0.556028
0.701759
0.550600
0.548508
0.551337
0.662921
0.559943
0.564651
0.547338
0.663180
0.551869
0.555819
0.666093
0.562491
0.549035
0.657454
0.549726
0.551885
0.598101
0.684090
0.546144
0.552583
0.550463
0.671002
0.560886
0.563806
0.657836
0.547700
0.559070
0.554076
0.684524
0.563510
0.563925
0.553627
0.664079
0.554606
0.561415
0.674965
0.548302
0.551062
0.577064
0.667275
0.557399
0.563564
0.545390
0.661275
0.550985
0.553718
0.556724
0.665974
0.543946
0.544939
0.549804
0.550833
0.689363
0.565830
0.542487
0.544461
0.663053
0.575930
0.554839
0.560750
0.657673
0.568553
0.573022
0.551556
0.664769
0.591672
0.543106
0.549862
0.661729
0.551271
0.561190
0.670863
0.544349
0.547267
0.548159
0.663321
0.556251
0.560787
0.682000
0.547656
0.548283
0.552154
0.666627
0.564035
0.544160
0.546920
0.667277
0.552222
0.558094
0.563345
0.652874
0.550171
0.553665
0.563509
0.672223
0.563012
0.543744
0.546016
0.663489
0.553735
0.558164
0.561277
0.655194
0.545382
0.547509
0.551841
0.696179
0.560990
0.541782
0.677565
0.547459
0.549695
0.678721
0.563735
0.546248
0.662905
0.551609
0.555651
0.561260
0.681419
0.550336
0.550368
0.552577
0.668390
0.563623
0.565201
0.549513
0.659886
0.550416
0.552605
0.556829
0.683419
0.550434
0.549323
0.550967
0.662838
0.562042
0.561084
0.542029
0.656222
0.553235
0.553137
0.555192
0.679436
0.543554
0.549244
0.548102
0.658569
0.568730
0.573832
0.652807
0.549761
0.554248
0.680481
0.562057
0.562343
0.545238
0.662090
0.551478
0.606097
0.672248
0.566062
0.576746
0.657124
0.564745
0.552262
0.557784
0.671001
0.543453
0.546759
0.548454
0.664895
0.555976
0.562801
0.572691
0.650877
0.548828
0.556170
0.557863
0.669246
0.542055
0.545539
0.661183
0.554325
0.561572
0.564164
0.652486
0.548931
0.551207
0.552912
0.679472
0.574835
0.547906
0.550737
0.668920
0.589026
0.563837
0.565940
0.686396
0.581440
0.556006
0.555541
0.666185
0.565177
0.548190
0.719365
0.591281
0.558685
0.564895
0.707643
0.548452
0.550845
0.553005
0.669360
0.561692
0.566822
0.548144
0.671502
0.555418
0.553538
0.553520
0.560978
0.663072
0.551449
0.578724
0.556522
0.685157
0.590825
0.552007
0.658364
0.556771
0.557635
0.671013
0.569543
0.548409
0.665847
0.558725
0.559598
0.665946
0.569339
0.552615
0.653501
0.557422
0.580176
0.559623
0.691120
0.546217
0.576153
0.550694
0.680985
0.560733
0.566956
0.653728
0.548402
0.553140
0.553372
0.672565
0.560526
0.543424
0.548217
0.662682
0.554411
0.557604
0.669597
0.542644
0.545426
0.549184
0.694347
0.561139
0.561982
0.649667
0.547401
0.558172
0.553741
0.688504
0.562570
0.551174
0.547186
0.659061
0.564562
0.559799
0.562976
0.669883
0.546238
0.547480
0.550096
0.665540
0.584971
0.543193
0.548775
0.652715
0.552970
0.556217
0.671828
0.558091
0.545084
0.547275
0.663455
0.595192
0.561511
0.543887
0.662480
0.575555
0.552912
0.666305
0.563286
0.544402
0.545910
0.655440
0.552552
0.555388
0.561281
0.651473
0.549553
0.552213
0.554393
0.664805
0.559898
0.543756
0.661628
0.553737
0.554956
0.567593
0.672778
0.546877
0.577966
0.553814
0.669939
0.564485
0.565141
0.547022
0.663044
0.552153
0.551324
0.561892
0.676002
0.543764
0.549689
0.559654
0.660347
0.555656
0.562143
0.541595
0.663261
0.550418
0.555866
0.558035
0.673814
0.546308
0.545638
0.656894
0.550853
0.559262
0.569177
0.655392
0.546796
0.547158
0.665899
0.555426
0.559551
0.550789
0.660247
0.551990
0.553837
0.557093
0.674396
0.545622
0.547323
0.550937
0.662131
0.562573
0.563548
0.650329
0.548921
0.549702
0.551101
0.676745
0.560497
0.544743
0.544991
0.664135
0.579221
0.556989
0.672107
0.547407
0.561645
0.548587
0.663288
0.559052
0.562110
0.542864
0.651465
0.549758
0.553611
0.663786
0.560982
0.542622
0.654803
0.547384
0.549117
0.671214
0.561625
0.547625
0.661524
0.552159
0.614301
0.557690
0.674965
0.549582
0.548303
0.552914
0.668856
0.600630
0.565868
0.552892
0.665379
0.552569
0.552266
0.558903
0.672951
0.544075
0.547335
0.547371
0.665798
0.560448
0.636264
0.561453
0.658243
0.591360
0.557069
0.565681
0.672080
0.548080
0.550506
0.550736
0.676603
0.559834
0.585070
0.556216
0.658963
0.547887
0.551063
0.589165
0.675726
0.547040
0.548447
0.551178
0.662028
0.557705
0.563339
0.544239
0.657627
0.551365
0.554236
0.577895
0.672287
0.543523
0.545717
0.704318
0.553072
0.583022
0.563450
0.650758
0.547223
0.550553
0.555643
0.729306
0.565976
0.546182
0.579295
0.690757
0.557921
0.564088
0.675842
0.545185
0.548827
0.577275
0.689991
0.565221
0.565934
0.688582
0.547857
0.562966
0.583996
0.685883
0.563401
0.543667
0.657981
0.550739
0.552274
0.558450
0.669767
0.544567
0.546536
0.558830
0.652282
0.557935
0.560995
0.542145
0.652307
0.548035
0.550394
0.553925
0.675610
0.543053
0.545698
0.653722
0.569774
0.606133
0.560903
0.657705
0.550136
0.550098
0.552979
0.688404
0.564999
0.550737
0.578216
0.658570
0.553038
0.553006
0.561013
0.648549
0.567551
0.550966
0.576132
0.664883
0.564676
0.557942
0.653873
0.571204
0.551214
0.555662
0.670248
0.543197
0.551614
0.551351
0.660561
0.574635
0.583584
0.579054
0.660749
0.551166
0.554401
0.561378
0.677292
0.550808
0.553061
0.584225
0.671601
0.573369
0.563772
0.653973
0.547003
0.552311
0.556610
0.667394
0.563766
0.550785
0.547711
0.694615
0.554912
0.569549
0.666847
0.552493
0.547715
0.547740
0.658715
0.556238
0.559878
0.543174
0.656103
0.562160
0.559400
0.561613
0.677706
0.567723
0.550698
0.551837
0.664439
0.559442
0.593061
0.651316
0.546966
0.550605
0.551529
0.695971
0.563828
0.541874
0.546810
0.681778
0.553086
0.561804
0.563745
0.658024
0.547966
0.550609
0.664363
0.562119
0.572410
0.652704
0.548516
0.553264
0.552185
0.661479
0.561617
0.541075
0.544170
0.651716
0.548949
0.555584
0.559877
0.649148
0.567320
0.547365
0.566356
0.667528
0.560421
0.541577
0.558870
0.549648
0.709143
0.566718
0.563966
0.571349
0.659452
0.553024
0.554826
0.564508
0.719894
0.548196
0.576585
0.703024
0.565650
0.571217
0.685150
0.556575
0.556672
0.670133
0.561779
0.565586
0.676528
0.556907
0.556566
0.558090
0.676335
0.642932
0.609847
0.680759
0.573625
0.601090
0.694507
0.587679
0.586229
0.685277
0.574587
0.607043
0.691982
0.588797
0.590130
0.571046
0.688275
0.575518
0.571305
0.576661
0.758240
0.566370
0.573485
0.569685
0.693515
0.580613
0.586319
0.561158
0.670091
0.564518
0.562706
0.565533
0.573582
0.660891
0.553663
0.552839
0.574708
0.702357
0.584109
0.559917
0.593488
0.672493
0.561455
0.558673
0.603500
0.715470
0.558433
0.605415
0.562803
0.710986
0.570238
0.576551
0.549401
0.685483
0.574899
0.578847
0.577369
0.672270
0.554879
0.557055
0.563585
0.695584
0.570657
0.548661
0.656338
0.557586
0.559260
0.561340
0.671809
0.549135
0.577371
0.557692
0.672770
0.578798
0.586070
0.560423
0.671627
0.602729
0.568386
0.593277
0.692159
0.560274
0.564716
0.561749
0.567943
0.707407
0.587787
0.574780
0.674683
0.572720
0.566823
0.684259
0.569629
0.582392
0.723957
0.575440
0.580399
0.582011
0.701638
0.565646
0.556481
0.560000
0.703015
0.565842
0.570099
0.549329
0.673465
0.558043
0.561118
0.590735
0.674543
0.553215
0.549995
0.548004
0.664319
0.567030
0.584761
0.544351
0.694980
0.553827
0.556157
0.602245
0.562845
0.652001
0.550631
0.551031
0.552092
0.663981
0.563755
0.541066
0.545375
0.665142
0.556216
0.556412
0.582238
0.652894
0.554846
0.553090
0.551105
0.554378
0.675866
0.553066
0.545852
0.548424
0.554124
0.674161
0.561254
0.542807
0.546236
0.664959
0.577816
0.556716
0.561197
0.655634
0.545243
0.576824
0.657945
0.558459
0.560352
0.548611
0.657976
0.550034
0.554689
0.558713
0.664951
0.544135
0.583908
0.555667
0.709609
0.568768
0.565325
0.545747
0.661313
0.554647
0.555805
0.555664
0.674385
0.546838
0.550894
0.551776
0.671212
0.563785
0.564428
0.543712
0.654095
0.550411
0.555956
0.662664
0.567819
0.558643
0.555476
0.674301
0.556685
0.562567
0.570022
0.661490
0.557230
0.555498
0.565078
0.668632
0.603127
0.564615
0.564570
0.677057
0.559782
0.568075
0.680915
0.547693
0.551720
0.553716
0.667883
0.558292
0.564216
0.657448
0.555174
0.553152
0.556356
0.690502
0.569415
0.550687
0.665788
0.556846
0.558647
0.673618
0.569352
0.547958
0.552207
0.671786
0.559562
0.566019
0.571462
0.715453
0.575940
0.562592
0.561313
0.699002
0.565713
0.547369
0.546854
0.664802
0.557089
0.587739
0.562546
0.661028
0.550872
0.551717
0.663205
0.559376
0.561077
0.570282
0.653359
0.551942
0.552386
0.559779
0.672610
0.543132
0.566776
0.551517
0.658342
0.556019
0.573486
0.545524
0.658535
0.552893
0.552508
0.559396
0.671608
0.546219
0.550990
0.550413
0.658672
0.559463
0.585030
0.560040
0.658205
0.549078
0.552060
0.579241
0.675966
0.547924
0.546212
0.547694
0.704019
0.558384
0.561718
0.543468
0.657866
0.547711
0.552395
0.555366
0.673053
0.543063
0.549031
0.548244
0.659134
0.557519
0.561369
0.558902
0.663976
0.553081
0.551869
0.559836
0.670989
0.548990
0.548555
0.547298
0.550963
0.673585
0.560870
0.541843
0.573520
0.657590
0.552287
0.591550
0.561442
0.681215
0.544796
0.571890
0.555779
0.666206
0.564380
0.546097
0.546914
0.685305
0.552806
0.556944
0.564773
0.544914
0.654609
0.549627
0.604966
0.664394
0.562330
0.570219
0.566896
0.663926
0.579311
0.554613
0.561787
0.654586
0.551361
0.550670
0.661069
0.565512
0.563890
0.681912
0.549353
0.549870
0.551953
0.663362
0.561373
0.545518
0.546821
0.660235
0.553900
0.563051
0.578796
0.652869
0.549454
0.551691
0.658633
0.561062
0.564089
0.550120
0.663088
0.579371
0.554083
0.560258
0.679897
0.544223
0.571558
0.657982
0.553438
0.574417
0.561882
0.652600
0.547420
0.549345
0.555187
0.669692
0.561675
0.544895
0.655068
0.549127
0.553519
0.556306
0.669515
0.543888
0.545732
0.548481
0.675720
0.552597
0.567182
0.656968
0.545593
0.548135
0.653584
0.557821
0.563166
0.656894
0.571635
0.556909
0.676328
0.608823
0.574817
0.551530
0.693588
0.571942
0.616597
0.690047
0.591011
0.571485
0.686181
0.576989
0.575696
0.581347
0.705993
0.566122
0.569061
0.563352
0.679261
0.571901
0.575113
0.564244
0.669137
0.561338
0.596658
0.572159
0.718172
0.561994
0.560968
0.672641
0.562941
0.568562
0.685008
0.554765
0.554831
0.557029
0.671754
0.583078
0.581354
0.560652
0.681330
0.578563
0.569948
0.578214
0.693447
0.570022
0.562827
0.660857
0.557264
0.558115
0.679292
0.548465
0.581831
0.554228
0.662238
0.561392
0.565238
0.544405
0.653770
0.556627
0.556074
0.562337
0.672058
0.544622
0.577349
0.548307
0.671771
0.568414
0.566321
0.654882
0.546647
0.548854
0.687640
0.562949
0.629649
0.559552
0.669280
0.566385
0.560281
0.567271
0.677418
0.547917
0.578199
0.552909
0.688985
0.561655
0.565389
0.584382
0.659962
0.553818
0.550975
0.557450
0.671506
0.544620
0.546843
0.566885
0.663090
0.557980
0.562772
0.648492
0.557403
0.580864
0.677267
0.559908
0.564637
0.545999
0.657858
0.550982
0.553953
0.670833
0.564591
0.543030
0.660245
0.552543
0.551240
0.630280
0.677303
0.545846
0.554129
0.661879
0.556438
0.558356
0.675624
0.548899
0.573644
0.551892
0.691530
0.560874
0.573775
0.545082
0.665069
0.549849
0.554523
0.556376
0.669921
0.542051
0.572115
0.548202
0.668607
0.606746
0.564471
0.546346
0.683805
0.549190
0.581420
0.659303
0.561706
0.543828
0.548089
0.663651
0.553494
0.556830
0.565119
0.706126
0.550569
0.555821
0.556031
0.672123
0.567421
0.546426
0.548519
0.661295
0.554778
0.561683
0.562355
0.656010
0.548858
0.550808
0.552132
0.671261
0.562444
0.545402
0.655543
0.553242
0.580186
0.560892
0.672365
0.544094
0.546367
0.548451
0.661697
0.554944
0.562522
0.542443
0.655421
0.549263
0.550078
0.557896
0.669770
0.544648
0.545857
0.548541
0.663561
0.557314
0.559267
0.541961
0.653955
0.546837
0.550712
0.556326
0.669194
0.542629
0.554885
0.547893
0.660142
0.579299
0.568004
0.659885
0.585465
0.556648
0.555975
0.703504
0.596372
0.560609
0.672486
0.558777
0.562855
0.681215
0.577623
0.554163
0.553888
0.668639
0.557109
0.641628
0.572146
0.666895
0.561503
0.564517
0.559457
0.682949
0.572974
0.553955
0.659227
0.557931
0.560638
0.567600
0.701969
0.556999
0.559418
0.670672
0.567798
0.564839
0.686517
0.555976
0.552768
0.563151
0.664528
0.593485
0.569845
0.554296
0.669661
0.596675
0.557047
0.670708
0.564305
0.546258
0.548076
0.657751
0.553885
0.557229
0.692832
0.543999
0.549781
0.660416
0.577788
0.561301
0.677494
0.547222
0.547137
0.550440
0.659787
0.558937
0.588968
0.554331
0.656529
0.549234
0.550876
0.666156
0.562609
0.543161
0.653174
0.547751
0.550399
0.667792
0.606948
0.542339
0.662254
0.548939
0.551320
0.557568
0.670431
0.561056
0.544776
0.557108
0.658555
0.572693
0.561426
0.542258
0.655398
0.548861
0.551193
0.695066
0.564601
0.546105
0.548336
0.685604
0.554868
0.562106
0.565765
0.657894
0.548431
0.551187
0.554363
0.666515
0.570261
0.574088
0.548168
0.693031
0.558550
0.562870
0.564012
0.663674
0.549119
0.552241
0.551980
0.672778
0.564324
0.545855
0.547074
0.659079
0.555179
0.562790
0.561548
0.657136
0.549830
0.548169
0.549860
0.672620
0.560439
0.580679
0.575440
0.672662
0.557512
0.558371
0.675594
0.550722
0.547545
0.551684
0.658603
0.559982
0.582426
0.580714
0.656543
0.555416
0.582883
0.565259
0.708897
0.552725
0.554623
0.555566
0.673041
0.570024
0.572840
0.548961
0.666631
0.561272
0.558604
0.663761
0.567701
0.548138
0.550527
0.656158
0.556655
0.569860
0.668660
0.542104
0.556445
0.676608
0.556276
0.562838
0.567539
0.686753
0.551410
0.576050
0.554422
0.681954
0.589159
0.545231
0.548914
0.660793
0.552193
0.558898
0.561807
0.654384
0.545126
0.547961
0.551352
0.661882
0.562076
0.541764
0.545926
0.666700
0.551427
0.557316
0.561365
0.657443
0.545760
0.547968
0.550405
0.663558
0.601272
0.555033
0.570009
0.670993
0.555815
0.561699
0.573434
0.655392
0.559418
0.565624
0.614751
0.678928
0.575259
0.557325
0.553128
0.681228
0.562636
0.566011
0.564384
0.654703
0.583323
0.568452
0.566692
0.684375
0.633831
0.566321
0.558844
0.562742
0.693581
0.604347
0.569157
0.554905
0.667561
0.561897
0.558765
0.569827
0.693430
0.551373
0.548225
0.556498
0.692310
0.578050
0.578450
0.556314
0.680444
0.565783
0.572305
0.563336
0.699246
0.552041
0.553510
0.659407
0.558481
0.584276
0.681196
0.552074
0.553164
0.672576
0.560287
0.565025
0.676277
0.551633
0.558944
0.553844
0.677027
0.607917
0.609688
0.553066
0.675911
0.554567
0.564139
0.560371
0.686999
0.547125
0.550573
0.660897
0.556111
0.563089
0.563960
0.682522
0.552267
0.551437
0.581542
0.663296
0.566154
0.542949
0.571097
0.671361
0.554445
0.562620
0.565456
0.685933
0.576759
0.551734
0.579033
0.662558
0.562900
0.545708
0.546592
0.688164
0.560169
0.579435
0.560607
0.658162
0.546626
0.583846
0.560700
0.704144
0.590811
0.574750
0.573150
0.682107
0.555848
0.564207
0.561294
0.656043
0.574240
0.575965
0.556752
0.677060
0.565180
0.548191
0.562253
0.658334
0.552465
0.560673
0.560671
0.669424
0.547720
0.572276
0.557537
0.688896
0.562440
0.543151
0.545324
0.662632
0.551730
0.560813
0.559493
0.650612
0.544527
0.548029
0.548956
0.679373
0.578547
0.549465
0.548395
0.694435
0.553759
0.557546
0.561073
0.654571
0.545983
0.549239
0.551297
0.668189
0.560626
0.544746
0.544605
0.548477
0.703408
0.563374
0.562950
0.543334
0.660638
0.549903
0.549824
0.557128
0.683004
0.543344
0.549414
0.554834
0.662628
0.585562
0.562310
0.545507
0.660498
0.572243
0.556827
0.575120
0.680677
0.586907
0.550872
0.664412
0.553420
0.559147
0.566173
0.660738
0.549348
0.551759
0.559158
0.673935
0.578602
0.547879
0.549754
0.658348
0.552126
0.557147
0.674026
0.543591
0.545787
0.548071
0.662968
0.557159
0.561630
0.659376
0.547004
0.548298
0.665043
0.577063
0.559448
0.662805
0.555134
0.548341
0.663467
0.567925
0.575829
0.678328
0.567148
0.559858
0.670048
0.568389
0.576377
0.664007
0.557551
0.562986
0.670578
0.565549
0.575285
0.549406
0.668900
0.557620
0.554617
0.564776
0.695821
0.553984
0.555267
0.554622
0.672166
0.564119
0.569920
0.547730
0.665601
0.554901
0.558109
0.560037
0.676021
0.545050
0.550024
0.549056
0.552296
0.672827
0.566413
0.543386
0.573798
0.694341
0.555087
0.561594
0.563343
0.688306
0.550063
0.575985
0.571117
0.672676
0.588750
0.547365
0.547754
0.659505
0.551728
0.562119
0.561006
0.655461
0.571472
0.549932
0.555356
0.579795
0.681564
0.568686
0.545340
0.550660
0.672102
0.558094
0.566540
0.542624
0.690623
0.574984
0.551216
0.558644
0.675533
0.543880
0.549751
0.548180
0.665770
0.563422
0.561582
0.649821
0.544521
0.551418
0.550896
0.661941
0.561536
0.543834
0.544810
0.654211
0.551127
0.583274
0.590397
0.674990
0.548069
0.548192
0.550614
0.663558
0.560332
0.546721
0.544989
0.549318
0.664604
0.552338
0.565459
0.541923
0.659317
0.548991
0.580900
0.689784
0.564538
0.544323
0.668654
0.554716
0.554518
0.571048
0.675773
0.577694
0.549122
0.552399
0.664857
0.567953
0.569408
0.661673
0.550348
0.554812
0.569752
0.672908
0.565525
0.547266
0.550553
0.669379
0.559649
0.560440
0.593468
0.656870
0.555686
0.574532
0.659811
0.560130
0.563245
0.651712
0.546805
0.559717
0.562308
0.687832
0.562275
0.553546
0.656159
0.554729
0.555251
0.577150
0.674178
0.556788
0.549324
0.580152
0.667371
0.562081
0.574526
0.550461
0.661639
0.565402
0.555207
0.557152
0.686296
0.551270
0.549245
0.550752
0.663229
0.561102
0.565031
0.543456
0.662602
0.551567
0.554928
0.558213
0.678043
0.542159
0.546352
0.656628
0.553032
0.558089
0.670970
0.544394
0.547207
0.659893
0.555922
0.563704
0.564208
0.652360
0.546569
0.548325
0.551148
0.673389
0.583446
0.541173
0.659562
0.548962
0.551199
0.665858
0.562169
0.541940
0.654405
0.555927
0.551401
0.665041
0.561067
0.542642
0.654115
0.554075
0.549876
0.690099
0.605983
0.565722
0.568499
0.699730
0.565015
0.567683
0.683540
0.556583
0.558679
0.589705
0.682237
0.575380
0.603694
0.553792
0.737617
0.562148
0.561568
0.571815
0.694759
0.552626
0.552244
0.551293
0.670708
0.563356
0.566187
0.661257
0.555224
0.552052
0.571444
0.687004
0.570488
0.558366
0.550135
0.662306
0.553902
0.563106
0.584522
0.659288
0.550264
0.552836
0.554818
0.670856
0.564435
0.545341
0.546223
0.659213
0.552059
0.583767
0.561610
0.657128
0.545826
0.559967
0.674519
0.558063
0.564038
0.657853
0.574150
0.550651
0.663070
0.565080
0.566996
0.547098
0.660537
0.553324
0.556478
0.564604
0.676130
0.563770
0.547881
0.578099
0.698973
0.556324
0.563422
0.543673
0.662761
0.551806
0.552611
0.668888
0.563532
0.549255
0.662271
0.549685
0.552166
0.586434
0.667938
0.541564
0.544345
0.657268
0.560819
0.558911
0.578102
0.654072
0.546376
0.549761
0.686903
0.562189
0.564195
0.549844
0.659570
0.552121
0.552959
0.560653
0.672275
0.543763
0.545759
0.576296
0.704362
0.577360
0.588482
0.655544
0.551307
0.560469
0.666392
0.562249
0.563648
0.648588
0.576900
0.552516
0.596118
0.669601
0.565003
0.546764
0.562102
0.659066
0.550898
0.556628
0.670954
0.549292
0.548291
0.662874
0.554461
0.583508
0.671646
0.545968
0.547490
0.550695
0.683189
0.563325
0.564274
0.553761
0.701822
0.557136
0.559493
0.565861
0.679553
0.545998
0.548537
0.550666
0.665562
0.564799
0.590232
0.544833
0.656214
0.550151
0.552904
0.560658
0.702819
0.548971
0.547762
0.548146
0.663635
0.557586
0.582624
0.542713
0.544692
0.662753
0.553022
0.557241
0.559672
0.558865
0.654763
0.547346
0.550157
0.668589
0.561501
0.543012
0.655659
0.548970
0.550270
0.562208
0.671118
0.545559
0.545344
0.548636
0.658786
0.556814
0.560398
0.547870
0.673348
0.547833
0.551668
0.706258
0.562223
0.543087
0.545468
0.658827
0.566956
0.558206
0.578235
0.683100
0.563989
0.573050
0.574556
0.701260
0.584980
0.559079
0.555993
0.686571
0.577601
0.569817
0.687208
0.571980
0.568550
0.577781
0.675171
0.568541
0.572244
0.556165
0.666795
0.563851
0.565437
0.568562
0.679131
0.549694
0.552014
0.550238
0.664185
0.559940
0.594767
0.550439
0.678875
0.553269
0.559641
0.560713
0.566515
0.688551
0.552160
0.550989
0.557902
0.701482
0.564579
0.543552
0.555275
0.658730
0.551726
0.585947
0.564995
0.650815
0.546527
0.548893
0.551628
0.665771
0.561785
0.547124
0.545382
0.659255
0.573901
0.562804
0.570976
0.661373
0.549099
0.585263
0.553266
0.665739
0.563166
0.546094
0.546434
0.660966
0.553611
0.567222
0.568621
0.654035
0.588012
0.553306
0.550967
0.659862
0.562308
0.546657
0.546570
0.664866
0.551946
0.560089
0.563470
0.656759
0.545833
0.549058
0.656144
0.556514
0.583208
0.543532
0.660820
0.548165
0.553657
0.567813
0.669895
0.541353
0.544612
0.547414
0.664225
0.559216
0.565456
0.541555
0.667717
0.548383
0.550364
0.557797
0.669472
0.542270
0.545683
0.546891
0.666667
0.587611
0.561905
0.656627
0.590940
0.555344
0.556407
0.682744
0.566787
0.547223
0.551655
0.677033
0.566070
0.566997
0.567932
0.695975
0.549555
0.555291
0.554022
0.669957
0.563248
0.544534
0.548131
0.658909
0.586937
0.558132
0.672592
0.544013
0.548066
0.554725
0.667594
0.561370
0.566790
0.662463
0.561001
0.551950
0.559329
0.676373
0.566614
0.545507
0.694287
0.557140
0.559437
0.671765
0.574470
0.550963
0.659720
0.554239
0.557007
0.563793
0.687435
0.578335
0.549178
0.553320
0.671464
0.558685
0.562734
0.655235
0.546481
0.550094
0.553859
0.664382
0.563831
0.544836
0.545297
0.552215
0.660586
0.558311
0.561590
0.543113
0.678695
0.574507
0.551452
0.559744
0.672161
0.543481
0.545455
0.551270
0.691080
0.562277
0.561554
0.543358
0.657884
0.548487
0.552397
0.668218
0.561389
0.557214
0.544125
0.663973
0.551323
0.582664
0.665800
0.547769
0.546037
0.686525
0.565837
0.572917
0.697595
0.559262
0.593149
0.554443
0.669109
0.568272
0.582782
0.563621
0.680955
0.566207
0.581471
0.566638
0.683701
0.550176
0.553986
0.556586
0.661639
0.605774
0.597994
0.660434
0.582685
0.557010
0.587529
0.678241
0.595521
0.550312
0.658033
0.551870
0.554393
0.668792
0.565097
0.569922
0.557331
0.679367
0.554954
0.561050
0.566293
0.696380
0.549916
0.581242
0.554621
0.673532
0.567689
0.547787
0.550892
0.665733
0.556727
0.561854
0.561169
0.653986
0.547407
0.548645
0.552089
0.665929
0.561074
0.542085
0.656104
0.549818
0.552702
0.688573
0.562737
0.551314
0.546299
0.664305
0.569193
0.563899
0.686810
0.548124
0.563020
0.551241
0.663055
0.560048
0.562198
0.565937
0.661065
0.553298
0.554765
0.554774
0.670842
0.561941
0.547137
0.547860
0.688751
0.590527
0.567037
0.568747
0.656391
0.548768
0.553034
0.552900
0.695060
0.585173
0.545371
0.547320
0.654506
0.559218
0.561033
0.540760
0.649808
0.548427
0.551292
0.558980
0.704636
0.541805
0.572785
0.547520
0.664379
0.560594
0.560003
0.541821
0.666592
0.547871
0.566194
0.602962
0.669427
0.545284
0.612468
0.553423
0.690714
0.565747
0.566636
0.546758
0.664362
0.558039
0.556222
0.557621
0.680900
0.546606
0.548466
0.575911
0.668186
0.564520
0.562897
0.542644
0.655824
0.550420
0.552446
0.554025
0.679799
0.546526
0.545304
0.551766
0.658686
0.567665
0.564208
0.541259
0.553462
0.684862
0.554311
0.558999
0.561943
0.649393
0.548281
0.556930
0.567061
0.671509
0.563201
0.544028
0.545628
0.664575
0.582359
0.563212
0.562001
0.659428
0.549951
0.582252
0.664955
0.561858
0.564310
0.546223
0.666234
0.569196
0.556621
0.568877
0.673191
0.547009
0.548259
0.659870
0.554203
0.557331
0.576750
0.653448
0.555289
0.549416
0.552483
0.680057
0.563398
0.542280
0.558334
0.655700
0.551270
0.560211
0.559463
0.545295
0.694547
0.548846
0.577027
0.555141
0.674052
0.543795
0.546173
0.547691
0.660226
0.557547
0.574054
0.544197
0.661855
0.548319
0.550122
0.551928
0.688694
0.542681
0.545200
0.660071
0.551030
0.555267
0.562162
0.654520
0.550507
0.551407
0.553192
0.731871
0.589917
0.552922
0.666268
0.553870
0.573134
0.580589
0.696817
0.558013
0.557051
0.562874
0.684306
0.640160
0.576019
0.560051
0.675501
0.561841
0.562855
0.566155
0.688240
0.553391
0.556113
0.554077
0.703302
0.561695
0.566339
0.543775
0.674957
0.556810
0.555156
0.557393
0.675799
0.545214
0.549407
0.548252
0.720176
0.558649
0.593860
0.668668
0.549060
0.551487
0.685161
0.555737
0.561291
0.542518
0.658132
0.547804
0.550954
0.558223
0.689586
0.542397
0.545519
0.548531
0.664789
0.563996
0.563843
0.543177
0.701374
0.549475
0.592877
0.558919
0.680292
0.544180
0.549918
0.549825
0.661606
0.561495
0.561938
0.542851
0.656274
0.549882
0.550831
0.665205
0.566683
0.570385
0.545998
0.659792
0.551078
0.559924
0.699151
0.567490
0.547041
0.549543
0.662299
0.557250
0.560553
0.542949
0.654437
0.548512
0.569402
0.557723
0.672073
0.542982
0.546178
0.547149
0.550952
0.671577
0.561355
0.543196
0.547399
0.663074
0.550955
0.556914
0.559146
0.653502
0.545201
0.548636
0.552405
0.698644
0.562426
0.544219
0.552765
0.668485
0.559392
0.573381
0.565709
0.676646
0.552199
0.555148
0.556071
0.669092
0.567851
0.555193
0.667017
0.551877
0.554915
0.671867
0.562503
0.546865
0.546570
0.657590
0.551674
0.558464
0.561573
0.656387
0.555403
0.560454
0.578570
0.668095
0.560980
0.545081
0.545876
0.669242
0.552889
0.557927
0.561915
0.661187
0.546987
0.583830
0.558970
0.675515
0.568770
0.548106
0.662611
0.554680
0.556756
0.563219
0.676351
0.545486
0.550273
0.550800
0.670233
0.560695
0.561853
0.545672
0.667239
0.547470
0.577505
0.559887
0.667958
0.543615
0.546820
0.548348
0.656029
0.555576
0.560853
0.543003
0.660985
0.548756
0.551183
0.561012
0.669269
0.543774
0.545418
0.557200
0.553685
0.697583
0.562014
0.542701
0.655604
0.548612
0.549798
0.665240
0.565739
0.545590
0.648541
0.547958
0.549197
0.562335
0.679102
0.543414
0.545847
0.558619
0.694112
0.575981
0.603965
0.546384
0.660384
0.553483
0.581890
0.563548
0.675978
0.553179
0.550976
0.553096
0.667600
0.564747
0.563549
0.546377
0.564303
0.715026
0.558068
0.563902
0.566126
0.672761
0.560597
0.586563
0.558703
0.674833
0.573753
0.551804
0.661248
0.563027
0.561823
0.678313
0.568565
0.549456
0.668184
0.602750
0.557158
0.568166
0.671436
0.546350
0.549103
0.553118
0.671383
0.558702
0.565504
0.549259
0.659050
0.555153
0.552678
0.671490
0.563779
0.543418
0.548281
0.654104
0.551276
0.666547
0.567304
0.692298
0.550660
0.553707
0.564556
0.696429
0.568628
0.550880
0.549982
0.673164
0.581097
0.588513
0.581528
0.681029
0.569047
0.569386
0.680838
0.579662
0.584260
0.679358
0.568125
0.590544
0.724598
0.595617
0.580409
0.565382
0.685169
0.600612
0.569450
0.575499
0.698270
0.565285
0.567804
0.681441
0.595206
0.584443
0.585939
0.670611
0.570065
0.570044
0.681881
0.575302
0.580896
0.561575
0.681652
0.564385
0.570174
0.605974
0.699523
0.563631
0.571365
0.569900
0.683796
0.579974
0.581422
0.559909
0.708347
0.618513
0.581288
0.576432
0.702459
0.599043
0.587905
0.568811
0.681670
0.579417
0.581766
0.559874
0.680866
0.572326
0.571923
0.574910
0.686380
0.584534
0.571141
0.566293
0.683466
0.579228
0.579871
0.558701
0.676973
0.566335
0.568110
0.571847
0.693492
0.558905
0.566384
0.568652
0.691949
0.580841
0.582313
0.559007
0.679009
0.568783
0.573641
0.700029
0.581096
0.568311
0.681326
0.573443
0.576553
0.581510
0.722030
0.577646
0.577713
0.595299
0.686342
0.581667
0.579988
0.575570
0.676881
0.567723
0.568477
0.572996
0.690796
0.566137
0.555320
0.552662
0.675591
0.590255
0.563109
0.655250
0.551855
0.549592
0.569516
0.670204
0.561788
0.562426
0.546316
0.662637
0.549000
0.581794
0.563577
0.656425
0.547168
0.548092
0.550765
0.666832
0.562471
0.542886
0.544032
0.664245
0.552416
0.558751
0.559508
0.648190
0.545159
0.547557
0.549842
0.669519
0.572239
0.545711
0.543469
0.657042
0.551651
0.599496
0.587952
0.682714
0.544976
0.549067
0.553775
0.681209
0.564478
0.545095
0.670998
0.556149
0.556928
0.674179
0.568914
0.550155
0.697462
0.557722
0.624963
0.569750
0.701134
0.584087
0.559606
0.678115
0.565271
0.572911
0.574541
0.671152
0.561679
0.587899
0.572484
0.564384
0.685739
0.548559
0.582170
0.565839
0.681637
0.567107
0.563569
0.652512
0.554728
0.553258
0.554531
0.669206
0.564866
0.548055
0.549496
0.654307
0.555725
0.557013
0.567109
0.653401
0.546123
0.550065
0.550178
0.670217
0.563106
0.542216
0.544635
0.648096
0.551499
0.558217
0.559139
0.648296
0.544501
0.548086
0.549438
0.577448
0.694017
0.545302
0.561418
0.549997
0.695173
0.559860
0.562143
0.654988
0.547010
0.553986
0.581291
0.679664
0.560951
0.544368
0.549537
0.669809
0.552811
0.555022
0.561871
0.660646
0.544748
0.548752
0.550076
0.664764
0.560864
0.541128
0.664313
0.558035
0.558851
0.682433
0.572102
0.567854
0.551514
0.656398
0.550518
0.558969
0.565072
0.659325
0.551758
0.546827
0.548981
0.669636
0.572260
0.542895
0.544639
0.675437
0.581853
0.557290
0.561620
0.658341
0.560094
0.563529
0.665601
0.566505
0.568499
0.550778
0.686585
0.557620
0.563947
0.567846
0.680552
0.553803
0.556730
0.581257
0.556388
0.672049
0.568251
0.541965
0.546785
0.665069
0.551504
0.558428
0.679416
0.575948
0.547651
0.554227
0.679069
0.560468
0.576976
0.545268
0.680956
0.552508
0.588639
0.587120
0.698316
0.548704
0.549888
0.559335
0.738135
0.565414
0.572967
0.568350
0.670882
0.555028
0.557183
0.674807
0.564647
0.551211
0.550090
0.662120
0.553358
0.563297
0.589403
0.679265
0.568013
0.552134
0.559201
0.665221
0.564068
0.571521
0.554540
0.659495
0.551279
0.559193
0.561527
0.651166
0.547661
0.551675
