2.272946
1.476137
1.071702
1.019319
1.032240
1.042162
1.024532
1.036370
1.040488
1.032056
1.039230
1.045265
1.042810
1.040376
1.042069
1.059831
0.745575
0.711576
0.712062
0.731240
0.735029
0.757637
0.723629
0.729645
0.729107
0.728032
0.746789
0.731760
0.720773
0.725788
0.727874
0.723345
0.717963
0.721546
0.724316
0.723021
0.717916
0.731721
0.724333
0.737642
0.727416
0.732121
0.718434
0.699718
0.707129
0.695472
0.694313
0.701859
0.688874
0.695465
0.704266
0.709489
0.696427
0.697240
0.710067
0.696893
0.700252
0.701592
0.713626
0.713150
0.701406
0.708192
0.712649
0.733008
0.703561
0.716256
0.717119
0.717597
0.712479
0.722497
0.729785
0.711920
0.705085
0.707018
0.694466
0.715699
0.730295
0.701498
0.715277
0.724355
0.722418
0.713506
0.734672
0.704096
0.735518
0.717171
0.710728
0.703161
0.713944
0.704058
0.711091
0.700879
0.708195
0.713652
0.711542
0.711859
0.703848
0.705459
0.712819
0.719454
0.705565
0.723665
0.737126
0.725983
0.706355
0.692179
0.705983
0.705911
0.707816
0.716250
0.711174
0.714820
0.713728
0.722622
1.029421
1.024084
0.995544
1.034369
1.029746
0.720375
1.032929
0.732636
0.724119
0.723802
0.704906
0.701308
0.699814
0.712926
0.715980
0.719592
0.720949
0.712141
0.704633
0.701712
0.703618
0.720693
0.705877
0.705299
0.709264
0.712756
0.720082
0.703167
0.701000
0.700306
0.703286
0.710696
0.714217
0.720764
0.700013
0.703345
0.708796
0.728841
0.740363
0.722196
0.707242
0.707632
0.707929
0.709587
0.713138
0.705907
0.700877
0.709468
0.730573
0.694888
0.715403
0.697823
0.706398
0.700634
0.701380
0.702687
0.713680
0.714713
0.721436
0.723474
0.705096
0.710724
0.712913
0.727732
0.718350
0.723936
0.716779
0.720769
0.708701
0.706286
0.704346
0.725092
0.703590
0.697044
0.703392
0.721549
0.713214
0.719548
0.704940
0.716025
0.722488
0.723610
0.715627
0.718744
0.711915
0.720463
0.719200
0.709695
0.720216
0.712854
0.723825
0.717861
0.728764
0.712559
0.704849
0.710484
0.706837
0.705433
0.724137
0.727540
0.720077
0.707156
0.719822
0.718219
0.717991
0.709022
0.705630
0.703660
0.696605
0.703265
0.720238
0.717296
0.715046
0.732128
0.715264
0.714633
0.709357
0.712766
0.705796
0.693659
0.694601
0.706330
0.707443
0.711017
0.702122
0.707597
0.716920
0.697462
0.704955
0.712904
0.704499
0.704833
0.714842
0.702199
0.693322
0.702386
0.713167
0.718309
0.712631
0.719758
0.715617
0.700505
0.702982
0.712429
0.708801
0.711706
0.710029
0.692342
0.707610
0.700399
0.714101
0.710184
0.707655
0.712931
0.700892
0.703028
0.694147
0.994803
0.695665
1.019609
1.007701
1.005718
0.691891
0.701247
1.004626
0.990142
0.693302
0.704532
0.706997
0.716057
0.715197
0.720160
0.732059
0.712992
0.703635
0.702978
1.034095
1.030031
0.713100
0.715750
0.715819
0.717598
0.713097
0.745692
0.746468
0.712126
0.705915
0.709138
0.712516
0.702408
0.706250
0.699254
0.700619
0.714145
0.711743
0.706315
0.716109
0.711384
0.713240
0.721234
0.700299
0.706542
0.701613
0.708341
0.708199
0.705827
0.710742
0.706500
0.705838
0.719277
0.706598
0.717096
0.711994
0.704883
0.707095
0.721027
0.731601
0.725115
0.730726
0.698511
0.715164
0.726728
0.724131
0.747376
0.723868
0.710544
0.707131
0.696364
0.709330
0.707521
0.706013
0.697725
0.713179
0.709041
0.715916
0.713567
0.703151
0.720728
0.717489
0.717963
0.718536
0.722940
0.722460
0.723652
0.710809
0.729145
0.698025
0.713010
0.717627
0.709328
0.710447
0.718389
0.705914
0.718921
0.715300
0.703073
0.724718
0.695995
0.705647
0.690506
0.700882
0.713050
0.708597
0.696177
0.712060
0.703226
0.700838
0.702140
0.701590
0.704951
0.704511
0.711382
0.712175
0.715019
0.691964
0.708915
0.699767
0.721311
0.700974
0.705414
0.708112
0.712860
0.702985
0.711671
0.708538
0.700547
0.711793
0.714126
0.713211
0.726536
0.717067
0.704308
0.712791
0.711750
0.711988
0.716644
0.695107
0.691488
0.696854
0.705046
0.711503
0.716989
0.735831
0.733858
0.716788
0.736201
0.734421
0.728335
0.724591
0.737956
0.731427
0.737412
0.724982
0.705362
0.721404
0.705110
0.696876
0.698090
0.710703
0.720303
0.705655
0.703325
0.705520
0.713906
0.715674
0.721384
0.727660
0.724290
0.726189
0.716523
0.717746
0.715692
0.719223
0.714036
0.717767
0.730661
0.737439
0.739693
0.727339
0.721733
0.720091
0.723442
0.733609
0.733408
0.728944
0.716783
0.711096
0.708641
0.710553
0.705230
0.702380
0.729175
0.737079
0.728997
0.723937
0.730680
0.742484
0.740086
0.728721
0.730772
0.736454
0.732676
0.724063
0.736698
0.721599
0.723322
0.735636
0.719644
0.718099
0.728981
0.737603
0.731016
0.718551
0.725931
1.019319
0.716227
0.713547
0.730380
0.703518
0.708950
0.713804
1.041278
1.018097
1.021801
1.021870
1.035237
0.704557
0.710970
0.715234
0.725159
0.722237
0.709224
0.723115
0.713220
0.711832
0.710766
0.715958
0.710763
0.716832
1.029900
0.720586
0.709059
0.704210
0.728216
0.700499
1.001808
1.005386
1.022883
1.025482
1.014682
1.016231
1.020859
0.715745
0.707890
1.021589
1.029065
1.007014
1.011479
1.025901
1.027706
1.031572
1.032935
1.046239
1.028873
1.019459
1.029440
1.029422
1.003438
1.008356
1.015471
1.023724
1.007991
1.008051
1.026245
0.717424
0.710375
1.034858
0.707240
0.713245
0.703183
0.709350
0.706277
0.696982
1.014486
1.032358
1.033435
1.033824
1.048368
1.046205
1.021950
1.000311
1.002186
0.992540
0.990809
0.994562
0.992170
0.700389
0.703419
1.008278
1.001912
1.012702
1.009289
1.000995
1.020958
1.026120
1.001174
0.997775
1.011863
1.009292
1.009965
0.992007
0.998799
1.015035
1.023836
1.038720
1.045390
1.033956
1.034365
1.034653
1.034679
1.054498
0.708045
0.695066
0.691551
0.703919
1.014203
1.001561
1.016144
1.011329
1.010240
1.007494
0.994404
1.012818
1.015718
1.015140
1.019443
0.998343
1.026879
0.712314
0.715438
0.700602
1.007584
0.710104
0.708352
0.712138
0.724700
0.716011
1.043226
1.014835
1.017648
1.028643
1.029889
1.030565
0.718829
0.716385
0.723557
0.720712
0.714081
1.033615
1.311228
1.029498
1.309570
1.034773
1.003530
1.017724
1.020186
1.025053
1.035112
1.026151
0.694872
0.698492
1.019566
1.020928
1.025414
1.020931
1.016096
1.026054
0.996066
1.014065
1.003497
1.015108
1.023468
0.998107
1.018926
1.019282
1.014714
1.025165
1.023576
1.024879
1.006327
1.008865
1.024226
1.021443
1.012636
1.009452
0.731467
0.712341
0.710810
0.700210
0.708930
0.710605
0.716245
0.713374
0.704400
0.696608
0.704529
0.714951
1.016394
0.694782
0.701230
0.697085
0.710461
0.709944
0.708604
0.697889
0.696376
0.694492
0.709150
0.698302
0.696765
0.696500
0.700056
0.703006
0.707184
0.708139
0.720883
0.719175
0.715010
0.717976
0.723209
0.720174
0.713327
0.699975
0.716376
0.703398
0.702457
0.708007
0.699141
0.699653
0.713057
0.730687
0.712041
0.727621
0.719965
0.691136
0.688044
0.698729
0.721481
0.704625
0.695732
0.708755
0.695477
0.722956
0.729677
0.729434
0.719394
1.062164
1.052788
1.050308
1.027806
1.018598
1.018960
1.024877
1.034396
1.030069
1.031314
1.020413
1.032075
1.034589
1.008903
1.022156
1.018813
1.014507
1.013304
0.694855
0.710143
0.712666
0.703244
0.698854
0.709954
1.024456
1.028331
1.025935
1.000930
1.000911
1.004293
0.704837
0.706670
0.709328
0.708907
0.711806
0.718894
0.704343
0.708658
0.704483
0.701326
0.698529
0.723628
0.709907
0.712678
0.714336
0.705631
0.700527
0.695902
0.690153
0.692156
0.721593
0.707183
0.694207
0.708329
0.700980
0.703872
0.706548
0.697563
0.712192
0.698414
1.004967
1.007220
1.008943
1.032814
1.014264
1.013177
1.023471
1.007851
1.019295
1.014644
0.997494
1.030440
1.028605
1.039476
1.041344
0.998166
1.005437
0.991014
1.018136
1.002284
0.710685
0.712833
0.718756
0.722935
0.713133
0.703673
0.699772
0.714838
0.711820
0.707659
0.700098
0.711473
0.708990
0.710687
0.709622
0.707134
0.713281
0.710953
0.705412
0.713945
0.712727
0.713475
0.711587
0.714517
0.709669
0.725349
0.694351
0.705243
1.007841
1.017891
1.014859
1.006699
0.997963
1.018366
1.013381
1.008428
1.015359
0.694923
0.703619
0.702026
1.018973
1.013757
1.019353
0.999532
0.704187
0.713368
0.703351
0.703535
0.703530
0.716915
0.692891
1.020960
1.022050
1.018214
1.024710
1.033850
1.024564
1.022763
1.017616
1.026641
0.709464
0.703879
0.697056
0.698841
0.711681
0.721370
0.705655
0.707248
0.707174
0.710957
0.714623
0.716933
0.710903
0.721788
0.714821
0.722668
0.701791
0.719973
0.712892
0.725896
0.714401
0.716670
0.725206
0.714786
0.702923
0.695922
0.709687
0.704295
0.697622
0.700202
0.702694
0.716268
0.687893
1.008057
1.005080
1.036145
1.039043
1.017523
1.017404
1.022052
1.038667
0.719279
0.693310
0.706454
0.696701
1.024172
1.027503
1.018694
0.703826
0.695217
0.716680
0.700208
0.703807
0.758113
0.725842
0.726645
0.715649
0.709517
0.689397
0.718849
0.700231
0.711641
0.704263
0.708523
0.713908
0.700707
0.715184
0.712008
0.710502
0.718040
0.697841
0.721992
0.702178
0.718697
0.704541
0.709866
0.713799
1.038011
1.029288
0.710444
0.694900
0.999307
1.030023
1.032701
1.020408
1.016225
1.010743
0.997017
0.998588
0.997930
0.996041
1.011323
1.033593
1.013526
0.709293
0.718841
0.690515
0.707555
0.714947
0.713500
0.698622
0.696155
0.707506
0.704961
0.697673
1.009213
1.034909
1.044461
1.033111
1.034149
1.006605
1.027789
1.002464
1.012962
1.021976
0.707988
0.703669
1.041297
1.013202
1.004545
1.007793
1.021243
1.013414
0.996959
1.001939
1.021751
1.018601
0.997315
1.021851
1.026824
0.999594
0.986527
0.993478
1.015621
1.015923
1.010322
0.997419
0.993569
1.022764
1.016792
1.037278
1.029890
0.695148
0.711862
0.692792
0.705057
0.710844
1.023052
1.009489
1.000070
0.705581
0.707664
0.710737
0.706378
0.705584
0.770249
0.703567
0.724826
0.719791
1.030105
1.033087
1.021417
1.012235
1.011751
1.005590
1.027598
1.040427
1.044178
1.049462
1.025950
1.030829
0.710540
0.714561
0.711216
0.712572
0.709054
0.702105
0.702762
0.712903
0.704270
0.696322
0.701321
0.715977
1.031304
0.706294
0.721800
0.703485
0.716864
0.710526
0.722918
0.706220
0.708674
0.705234
0.711382
0.713062
0.705224
0.704737
1.016690
1.015911
0.707194
0.711370
0.712024
0.700448
0.710030
0.703221
0.713692
0.708169
1.000809
1.004155
0.999010
0.986488
0.999067
1.009591
1.019075
0.700693
0.709573
0.709489
0.743672
0.716576
0.724593
0.717960
0.688457
0.709873
0.698843
0.695061
0.995076
1.008368
1.013140
0.706444
0.713256
0.708141
0.699414
0.707344
0.709067
0.722793
0.725658
0.712625
0.706790
0.702093
0.697461
0.705143
0.697206
0.689974
1.004175
0.992414
1.010180
1.020840
1.005459
1.038881
1.007185
1.022090
1.004325
1.023912
1.012989
1.014365
1.019837
1.009275
1.036538
1.005890
1.015138
1.015302
1.043349
1.019269
1.020997
1.031460
1.017449
0.985974
0.998631
0.999549
1.003529
1.033281
1.019183
1.023509
1.003451
0.989679
0.698015
0.694210
0.694692
1.018572
1.035397
1.028548
1.020837
1.023320
1.007003
1.017823
1.021429
1.026963
1.021346
1.017304
1.042061
1.044997
1.051662
1.046931
1.044919
1.005991
0.997268
1.019642
1.034822
1.034446
1.045689
1.025980
1.019937
1.029504
1.014128
1.038070
1.022113
1.010220
1.021181
1.002215
1.009396
1.020691
1.009679
1.016772
1.022469
1.028130
1.034550
1.337560
1.005113
1.010923
0.995476
1.012142
1.005689
1.004834
1.001956
1.011309
1.005374
1.006774
0.998887
1.035398
1.013431
1.013287
1.017022
1.013295
1.026172
0.699700
0.704392
0.699302
0.707961
0.701840
1.029917
1.015639
1.005710
1.037327
1.012735
1.002940
1.012189
1.001211
1.062361
1.059691
1.034780
1.037666
1.034769
1.026191
1.042088
1.046239
1.051108
1.046652
1.029459
1.023101
1.037673
1.045214
1.028758
0.714578
0.724828
1.056104
1.352638
1.356280
1.367496
1.361240
1.373188
1.361789
1.383211
1.366491
1.386419
1.332182
1.333024
1.325795
1.024816
1.052125
1.051717
1.055383
1.054065
1.046258
1.044973
1.030077
1.027270
1.315947
1.342285
1.008839
1.310647
1.356030
1.336198
1.020267
1.029918
1.052865
1.006793
1.012246
1.020874
1.351895
1.323002
1.318745
1.323328
1.309469
1.366025
1.359890
1.358514
1.352195
1.357491
1.320839
1.336807
1.305960
0.993027
0.710277
0.711322
1.329056
1.034774
1.036352
1.034242
1.031196
1.048801
1.043345
1.045418
1.347421
1.665651
1.654389
1.338200
1.356269
1.345062
1.367088
1.043256
1.046255
1.025389
1.025891
1.049731
1.036325
1.083941
1.050932
1.059829
1.030413
1.023610
1.037615
1.056406
1.044135
1.046961
1.045665
1.048916
1.028519
1.032356
1.052826
1.040382
1.009199
1.048538
1.044605
1.014375
1.042099
1.038586
1.022063
1.024406
1.049490
0.727896
1.036755
1.042851
1.043488
1.043577
1.031677
1.037361
1.031931
1.043388
1.037861
1.036337
1.046649
1.033305
1.043990
1.336022
1.338116
1.344992
1.334435
1.035465
1.029198
1.027718
1.348787
1.033702
1.040340
1.072117
0.717909
0.728877
0.728436
0.737785
0.733058
0.702226
0.695208
0.689402
0.698260
0.709303
0.700229
0.717502
0.695813
0.701347
0.712332
0.723104
0.701223
0.722865
0.743713
0.716870
1.029006
0.704092
0.704831
0.711585
0.700649
1.052985
1.028978
0.712098
0.720756
0.711399
0.714795
1.000483
1.041888
1.032222
1.015045
1.047085
1.019683
0.699591
1.033682
1.056503
1.047023
1.034511
1.024221
1.021991
1.057201
0.720166
0.711705
0.706684
0.714436
0.705359
0.711895
0.697103
0.711402
0.743281
0.711778
0.710793
1.039614
1.040660
1.027905
1.028626
1.003998
1.009402
1.011639
1.021335
1.029880
1.029408
1.036967
1.296541
1.003818
1.356688
1.378258
1.365405
1.335015
1.658082
1.667665
1.626912
1.637109
1.332979
1.020859
1.672173
1.623223
1.657242
1.330960
1.315919
1.335624
1.351243
1.329263
1.682674
1.928674
1.962051
1.941510
1.959878
1.962403
1.976690
1.930305
2.288635
2.812665
2.890739
3.230493
1.037469
2.912908
1.959021
1.326604
1.632619
3.194932
0.696836
0.695375
0.700054
0.709170
1.015709
2.259576
1.961087
4.397574
4.078791
3.799531
3.486803
3.758834
3.202770
2.595760
1.974190
1.611049
1.931169
1.632424
1.675546
1.327400
1.000162
1.003979
1.012769
1.333737
1.346703
1.030423
1.022812
1.055985
1.046482
0.718898
1.026228
1.002400
1.039693
1.017227
1.008277
0.996618
1.009709
1.009163
1.020818
1.013129
1.034620
1.032508
1.009765
1.024605
1.012464
1.022160
1.029950
1.013946
0.709241
1.033749
1.016916
1.020193
1.024652
0.710286
0.707944
1.036927
1.037636
1.033508
1.016843
1.028143
1.005765
1.023135
1.010507
0.995581
1.008965
0.999426
1.025976
1.021416
1.014147
1.017298
1.022783
1.005802
1.013047
0.992205
0.707283
0.699320
0.693004
0.698116
1.016783
1.342818
1.366960
1.332651
1.330319
1.333176
1.316743
1.334068
1.331966
1.029536
1.355195
1.034961
1.360858
1.981122
1.637191
1.645331
1.613118
1.298643
1.003960
1.014527
1.019289
1.040486
1.031691
1.010704
1.325974
1.010151
1.042325
1.016777
1.027110
1.015196
1.021890
1.007769
0.997204
1.001788
1.001571
1.008675
1.026082
1.037211
1.048989
1.040725
1.040437
1.046710
1.040693
1.037100
1.033645
1.016588
0.997399
1.010406
1.014740
1.328517
1.308006
1.335048
1.326527
1.339679
1.327627
1.022520
1.013068
0.700915
0.706371
1.641168
1.349881
1.348641
1.350254
1.037074
1.343158
1.043353
1.665265
1.637460
1.323667
1.936634
1.643918
1.941969
1.342954
1.311097
1.636686
1.336335
1.374879
1.355587
1.368785
1.343680
1.341522
1.341182
1.009869
1.012275
0.996989
0.993281
1.361073
1.047776
1.041227
1.028930
1.036128
1.030102
1.030711
1.020573
0.694263
0.687947
0.999432
0.699521
1.013641
0.994202
1.014565
0.690847
0.691879
0.696360
0.709202
0.717439
0.718722
0.700767
0.704698
0.710346
1.012817
1.019739
1.023698
1.030085
1.037440
1.019837
1.009467
1.015667
1.015663
1.016808
1.033384
1.027767
1.030911
0.712314
0.725070
1.010467
1.019475
1.036390
1.030268
1.013359
1.033792
1.012252
1.009961
1.012798
1.023185
1.026227
1.609905
1.006933
1.004215
1.311111
1.021319
1.350345
1.032481
1.302446
0.993793
1.305104
1.304347
1.621180
1.674924
1.330560
1.343575
1.032716
1.027607
1.036244
1.024603
0.718932
0.705761
0.695706
1.021228
1.036323
1.029439
1.039266
1.390797
1.390090
1.353740
1.305820
1.325214
1.331645
1.337435
1.036729
1.339970
1.007648
1.359981
1.017532
0.995777
1.015924
1.009270
1.011128
1.320789
1.027705
1.335653
1.319529
1.326165
1.332666
1.007332
1.322304
1.014387
1.004144
0.985432
0.687123
0.697113
0.685200
0.708115
0.702666
0.716389
1.047428
1.040669
1.025507
1.368413
1.025997
1.353315
1.022490
1.356650
1.012118
1.329354
0.692689
0.689002
0.708964
0.709652
1.331735
1.335088
1.331577
1.022794
0.710719
1.031406
0.998582
1.013543
0.695273
0.696780
1.017741
1.031141
1.003807
1.008750
1.015265
1.001862
0.998968
0.694343
1.002184
0.708354
0.695741
0.708094
1.011719
1.021227
1.036630
1.029526
1.032527
1.051094
1.034259
1.017833
1.006180
1.020421
1.008799
1.019346
1.321429
1.321053
1.313973
1.304085
1.330171
1.368112
1.342924
1.320948
1.312319
1.315191
1.013336
1.333375
1.007597
1.321445
1.348996
1.340296
1.339528
1.006446
1.634564
1.323577
1.018429
1.021158
0.699676
0.705282
0.703253
0.692944
0.697082
0.703859
0.705088
1.020993
1.044891
1.026880
1.012510
1.030283
1.006865
1.022973
0.701519
1.035302
1.014139
1.011566
1.297536
1.013453
1.356739
1.356736
1.336694
1.347169
1.029134
1.030787
1.028272
1.030918
1.030716
1.029202
0.702096
0.704356
1.011891
1.036636
1.020524
0.720073
0.709309
0.714938
1.030883
1.021417
1.023604
1.022022
1.031079
1.029229
1.034588
1.327396
1.041064
1.333948
1.034136
1.355111
1.021579
1.335992
1.335958
1.344240
1.338822
1.341592
0.998757
1.048453
0.724461
0.698093
0.998360
0.994481
0.995060
0.999763
1.007365
0.700194
0.704117
0.702002
0.708901
0.712946
0.718707
0.719056
1.338848
1.344204
1.354640
1.357858
1.346945
1.298426
1.322201
1.007702
1.005884
1.006877
1.004377
1.312173
1.010754
1.348228
1.029773
1.001167
1.002665
1.014450
1.005074
1.311134
1.313384
1.018924
1.339107
1.036410
1.355697
1.022734
0.989001
1.027251
1.007952
0.705732
0.708660
0.715191
1.032733
1.341424
1.026085
1.331877
1.016159
1.310840
0.998477
1.012888
1.331251
1.009888
1.320740
1.302648
1.328457
1.613686
1.626904
1.311403
1.319672
1.318375
0.998135
1.319055
1.325162
1.019344
1.003219
1.023484
1.007902
1.007591
1.006971
1.003879
1.006463
0.704739
1.017664
1.003059
1.000552
1.022887
1.028115
1.015456
1.012979
1.009814
1.015931
1.029746
1.020205
1.032066
1.033708
1.031975
1.034824
1.032262
1.000030
1.316031
1.335462
1.653189
1.667850
1.607479
1.320477
1.324613
1.344241
1.653948
1.325014
1.306376
1.003826
1.005837
1.024221
1.006411
0.991585
0.999457
1.009660
0.690647
0.691403
0.698016
0.695959
1.036150
0.714177
1.019223
1.033154
1.025058
1.028977
1.018959
1.019453
1.033822
1.035029
1.035665
1.354063
1.040754
1.351271
1.032340
1.018331
1.321736
1.333399
1.320808
1.331848
1.357179
1.012657
1.000092
1.003635
1.019974
1.016190
1.017237
1.013118
1.018082
0.989829
1.005007
1.027058
1.013464
1.018345
1.005484
1.012214
1.020456
1.026931
1.031138
1.021347
1.022143
1.325827
1.028575
1.032007
1.018905
1.014361
1.006990
1.027408
1.017088
1.010572
0.704409
0.703790
0.708250
0.707336
1.326897
1.321222
1.025485
1.021599
1.020081
1.000132
1.011366
1.002585
1.008839
1.022874
1.023951
1.322619
1.003162
1.003080
1.315562
1.008356
1.018341
1.031584
1.020314
1.028810
1.033064
1.029503
1.005678
1.326773
1.018040
0.706133
0.719149
0.704358
1.011124
1.033183
0.714344
1.029059
1.026102
1.013989
1.024499
1.027304
1.025247
1.001856
1.021719
1.320287
1.327434
1.654632
1.681603
1.653356
1.634905
1.333158
1.322855
1.314176
1.329411
1.369004
1.034500
1.331839
1.322469
1.327360
1.027826
1.331637
1.640337
1.324666
1.001196
1.008044
1.026636
1.007581
1.022845
1.018497
1.028151
1.030465
1.035185
1.030294
1.351796
1.030823
1.024562
1.031008
1.069637
1.048784
1.028757
1.031785
1.026472
1.026900
0.721242
0.717415
0.700034
1.004495
0.696040
0.683234
0.689961
0.694451
0.694145
1.004136
1.027874
0.713154
0.699055
1.014719
1.027464
1.019973
1.032897
1.033962
1.006941
0.992352
0.991648
0.992071
1.006248
0.697664
1.035836
1.025096
1.009641
0.997002
1.022799
0.997614
1.026875
1.044475
1.048284
1.045190
1.025044
1.010856
1.013377
1.022497
1.021984
1.020937
1.340826
1.342127
1.033339
1.011008
1.015917
1.018403
1.035045
1.029752
1.036246
0.996219
1.004269
0.990223
0.996718
1.032431
1.032189
1.010004
1.039364
1.023957
1.013086
1.020843
1.045083
1.382374
1.048752
1.331727
1.318960
1.019332
1.666795
1.320368
1.349578
1.364857
1.048380
1.026409
1.340141
1.339059
1.345036
1.323007
1.322843
1.309791
1.034651
0.719346
0.725185
0.717199
0.721664
0.722669
1.373949
1.351122
1.332634
1.340169
1.337094
1.335601
1.046654
1.310449
0.998132
1.313491
1.034668
1.303347
1.006501
1.310517
1.010500
1.298464
1.004131
1.012610
1.357544
1.353529
1.016854
1.003002
1.033876
1.034259
1.015020
1.013445
1.020420
1.007361
1.018761
1.360135
1.333422
1.341394
1.368622
1.359037
1.376583
1.046523
1.049448
1.055582
1.010816
1.028555
1.030074
1.029100
1.027817
1.026210
1.017810
1.025391
1.034371
1.029550
1.348814
1.347626
1.352219
1.326044
1.332628
1.350465
1.355804
1.301132
1.299161
1.300324
1.001466
1.023710
1.334715
1.021384
1.052211
1.050008
1.373988
1.034434
1.012504
1.017183
1.026921
1.315406
1.004478
1.318992
1.332424
1.028512
1.336473
1.026702
1.000079
1.004352
1.046447
1.021348
1.019096
1.023012
1.003613
1.009373
1.014147
1.013899
1.022055
1.029030
1.027611
0.713309
1.350620
1.018145
1.022809
1.022997
1.029399
1.077888
0.709677
0.699804
0.719509
0.703802
1.023683
1.009211
1.325043
1.022028
1.022454
1.005566
1.017902
1.006893
1.007680
1.021585
1.015241
1.007110
0.709367
0.705543
1.006636
0.707987
0.708649
0.988008
1.018061
1.022524
1.019538
1.010517
0.999884
1.021545
1.010341
1.018299
1.018710
1.013713
1.025754
1.021122
1.023617
1.026755
1.017097
1.019716
1.016636
1.011658
1.016875
1.011315
1.013930
1.008326
1.010213
1.015666
1.030523
1.024288
1.013565
1.008638
1.011812
1.019528
1.029007
1.020419
0.707605
0.717337
1.023539
1.024048
1.022653
1.035196
1.030114
1.013726
1.000885
1.007546
1.027080
1.024264
1.013035
1.008104
1.021160
1.022403
1.022399
1.024675
1.024953
1.035867
1.644026
1.314566
1.332419
1.616138
1.788517
2.431855
2.019187
1.674212
2.002970
1.678349
1.679585
2.272155
1.667433
1.390072
1.046225
1.043966
1.033973
1.042765
1.038622
1.030318
1.024729
1.019947
1.007145
1.010212
1.031278
1.019293
1.329735
1.305204
1.313643
1.306601
1.317549
1.303733
0.991837
1.027693
1.009261
1.013797
0.724454
0.734019
1.004289
0.688202
0.703046
0.707272
1.019513
1.338193
1.340306
1.323092
1.039640
0.709783
1.654224
1.650974
1.654436
1.624074
1.619037
1.643221
1.311763
0.992116
1.333890
1.029092
1.332190
1.016209
1.027278
0.696734
1.620968
1.671552
1.654449
1.322803
1.010280
1.325242
1.007205
1.032801
0.736504
1.345487
1.031654
1.349803
1.351169
1.034995
1.354927
1.603921
1.621180
1.628819
1.674388
1.665172
1.648688
1.651655
1.347867
1.337709
1.026120
1.035086
1.034117
1.042478
1.023803
0.709993
0.708543
0.710010
0.714901
1.359609
1.303802
1.307619
1.007110
1.007315
1.613505
1.028871
1.013260
0.993048
1.298477
1.315007
1.009724
0.696389
1.036831
1.025767
1.036191
1.017508
1.009991
1.021513
1.022127
1.017001
1.002031
0.696956
0.708212
0.689895
1.313801
1.003320
1.032073
1.019218
1.022409
1.023156
1.028473
1.022377
0.722660
0.713464
0.718929
1.307958
1.627819
1.332251
0.998130
1.621957
1.653793
1.627725
1.326336
1.320033
1.340027
1.322277
1.021232
1.003615
1.021188
1.017606
1.042195
1.021269
1.016886
1.020219
1.007999
1.002643
1.028541
1.037505
1.035466
0.721335
1.038466
1.033227
1.034963
1.043107
1.036262
0.715180
1.026282
0.705495
0.703624
0.699313
1.017578
0.701043
0.713685
0.703932
0.714169
1.031444
1.023894
1.027457
1.025658
1.000351
1.016928
0.988194
1.010498
1.014294
1.031545
1.016063
1.007506
1.014741
1.001591
1.015516
1.015215
1.016216
1.037708
1.022266
1.034912
1.024184
1.015195
1.030306
0.718204
0.720445
0.734158
0.723456
0.719959
1.030573
1.022395
1.026879
1.011162
1.017103
1.016663
1.012929
1.011629
1.013147
1.023224
1.006298
1.013260
1.324925
1.010867
1.003282
0.997120
0.997840
1.026963
1.024260
1.022598
1.026238
0.713885
0.709852
0.714282
1.024293
0.712602
1.025212
1.010566
1.020540
1.017281
1.033014
0.700743
0.710796
1.017743
0.712557
0.701308
0.695395
0.701440
0.704337
1.018999
0.712289
0.703289
0.714137
1.021726
0.701902
1.024476
0.700490
0.698442
1.005208
0.696168
1.011310
1.005227
0.708386
1.037472
1.029471
0.998384
1.008103
1.012116
1.036472
1.019471
1.017435
1.019631
1.342340
1.005279
1.353915
1.034386
1.338005
1.390663
1.025222
1.020042
1.030424
1.044417
1.033571
1.021617
1.029960
1.032778
1.039467
1.040712
1.030356
1.360057
1.000735
1.330838
1.340293
1.018797
1.002984
1.338412
1.311186
1.316514
1.336430
1.334865
1.357511
1.344307
1.355429
1.337572
1.341898
1.321979
1.328269
1.335677
1.020783
1.349057
1.038408
1.369204
1.021557
1.013644
1.327177
1.021361
1.310556
1.002721
1.332434
1.087220
0.723211
1.049877
1.039591
1.664979
1.351604
0.707249
1.321413
1.017819
1.023619
1.012844
1.047967
1.693062
1.371873
1.308570
1.009171
1.333433
1.964900
1.674169
1.956994
1.333973
1.631994
1.622861
1.596889
1.331890
1.351369
1.025428
1.354292
1.341004
1.629904
1.301137
1.314330
1.028675
0.713770
0.707982
1.020275
1.023626
0.709081
0.707925
0.706929
0.715016
1.039965
1.041886
1.018099
1.023697
1.330751
1.032440
1.027195
1.005754
1.014222
0.721803
0.696375
1.000938
1.657618
1.316909
1.324404
1.327699
1.008531
1.013092
1.020333
1.005710
1.317588
1.348513
1.343392
1.018310
1.333644
1.342087
1.327279
1.333857
1.334140
1.021204
1.000686
1.335960
1.328132
1.007604
1.033224
1.320463
1.317527
1.339587
1.347448
1.010318
1.327254
0.704534
0.697127
1.637448
1.651533
1.350169
1.312651
1.331805
1.022322
1.044364
1.042592
1.031478
1.040864
0.999047
1.041400
0.731131
0.723205
0.721967
1.030011
0.777845
1.091776
0.737557
1.043843
0.732449
0.729594
0.724236
0.709783
0.737321
0.713034
0.710780
0.708122
0.694737
0.715864
0.723623
0.722028
0.726312
0.731593
0.719454
0.706309
0.705823
0.711319
0.705484
0.699632
0.710857
0.701155
0.693701
0.716054
0.718746
1.026236
1.033896
1.360323
1.039206
1.349421
1.343295
1.035691
1.336642
1.005903
1.298128
1.293521
1.320934
1.309326
1.327004
1.639159
1.635938
1.637889
1.643978
1.328278
1.348027
1.031930
1.349199
1.034473
1.355988
1.034140
1.030459
1.007543
1.019422
1.033265
1.322124
1.008398
1.003256
1.018994
1.009168
1.327083
1.027138
1.028440
1.002753
0.992522
0.695348
0.706509
0.710806
0.705052
0.719047
1.339824
1.346895
1.333740
1.013353
0.998135
1.327771
1.024130
1.026539
1.315223
1.325959
1.014087
1.310300
1.004743
0.996727
1.025645
1.023163
0.708087
0.719154
0.712380
0.722894
0.720967
0.711493
0.715939
0.722171
1.348521
1.334781
1.023338
1.306614
1.026633
0.997846
1.025322
1.329056
1.023320
1.013008
0.704333
0.703816
0.712605
1.010204
1.003579
1.012828
1.011121
1.005222
1.627464
1.623655
1.629326
1.621844
1.629661
1.337162
1.020360
1.363055
1.373450
2.065962
2.297875
2.596695
1.922604
2.244711
3.483442
4.084510
3.528136
2.864375
2.575520
1.935621
1.620632
1.626048
1.343712
1.360893
1.370341
1.025069
1.009812
1.335453
1.009177
1.005918
1.321223
1.000015
1.314828
1.350701
1.365013
2.323335
1.929466
1.627013
1.926931
1.334132
2.228064
2.232945
1.955440
1.647683
1.650855
1.337648
0.709496
1.314496
1.018843
1.006309
1.012030
1.011510
1.012059
1.011228
1.022590
1.000421
0.691566
1.333997
1.008740
1.322035
1.006119
0.992421
1.019436
1.030165
1.023309
1.029528
1.038386
0.723782
0.717918
1.355920
1.317928
1.344632
1.319795
1.021103
1.015449
1.342137
1.341513
1.331380
1.347330
1.344378
1.309594
1.312331
1.325887
1.643492
1.325014
1.021417
1.016556
1.018653
1.007055
1.320296
0.989640
1.052976
1.028640
1.032894
1.035165
1.053489
1.040490
1.011635
1.003333
1.012345
1.019708
1.005797
1.012416
1.017703
1.004267
1.012006
1.029098
1.044423
1.027524
0.712152
0.727337
0.727799
0.722581
1.050512
0.723040
0.736085
0.734334
1.058917
0.712629
1.026663
1.031835
0.713844
0.706869
0.694213
0.998759
1.005160
1.013153
1.035016
1.012429
1.016109
1.010698
1.025379
1.356923
1.031549
1.325783
0.707089
0.710083
0.711959
0.707960
1.015818
1.000101
1.018291
1.019652
1.035331
1.032935
1.042432
0.716259
0.721105
1.024751
1.019831
1.030380
1.353620
1.351289
1.046627
1.031769
1.010010
1.019197
0.705971
0.699195
0.720891
0.719125
0.718558
0.705686
1.015366
1.016371
1.011949
1.009381
1.001801
0.698857
1.005293
1.017257
1.034529
0.999116
0.998592
1.021956
1.000661
1.000693
1.001947
1.337268
1.054394
1.039174
1.056672
1.060750
1.046098
1.044569
1.046646
1.056405
1.048276
1.025651
1.029398
1.033483
1.038718
0.713574
1.026592
1.046421
1.044714
1.026016
1.032488
1.022902
1.021669
0.706873
1.014597
0.725062
1.035969
1.053915
1.041689
1.046408
0.726474
0.704907
0.702868
0.707494
1.031585
1.029247
1.021049
1.016291
1.014781
1.019729
1.009986
1.002788
0.993504
0.998526
1.014867
1.018369
0.997591
1.011680
1.345419
2.652809
3.209452
2.456986
2.470157
2.546832
2.790887
2.783323
3.167823
2.481019
2.189847
3.076022
3.511370
3.820882
3.230342
1.340986
1.035499
1.007269
1.020566
0.711384
1.008855
1.007789
0.696655
1.002598
1.023665
0.993966
1.012930
1.000458
1.013003
1.021444
1.030083
1.011903
0.712941
0.714959
0.715767
0.714294
0.727122
1.041919
1.007900
1.023777
1.015687
1.011770
1.042452
1.041761
1.031952
0.705631
0.713672
0.725147
0.736058
0.724418
0.722129
0.716456
0.699877
0.993458
0.995862
1.007419
1.040823
1.060701
1.052757
1.039258
1.025017
1.025283
0.999333
0.999952
1.012023
0.996837
0.697705
1.315262
1.325179
1.008675
1.010186
1.022177
1.026535
1.030311
1.014587
1.024258
0.714868
1.331244
1.331200
1.330603
1.334660
1.330695
1.310458
1.314601
1.377208
1.366153
1.357533
1.359516
1.321885
1.312509
1.324937
1.022477
1.332473
1.023997
1.029804
0.703892
0.697643
0.723520
1.019097
1.012552
1.007099
1.023371
1.010724
0.698738
0.707288
1.020840
1.028720
1.016416
1.010025
1.010794
1.021447
1.002323
0.690307
0.694586
0.697884
1.031650
1.018616
1.029005
1.017463
1.030442
0.717536
0.722794
0.729832
1.035681
1.005370
1.008807
1.008098
1.031522
1.021630
1.035340
1.043527
1.011759
1.014497
1.000928
0.997965
0.985272
1.007322
1.012229
0.694477
1.014113
1.020600
1.006864
1.013993
1.009279
1.009817
0.999179
0.994558
1.006574
1.003604
1.003418
1.030322
1.339702
1.329329
1.340750
1.329442
1.343513
1.346016
1.383939
1.009641
1.318136
1.017477
1.007778
1.312607
1.300693
1.318935
1.323367
1.326848
1.019219
1.016708
1.017663
1.012320
1.334153
1.012339
1.013947
1.031004
1.017319
0.697658
0.699557
0.699969
0.701148
1.017024
1.016993
1.015494
1.012497
0.704457
0.710084
0.707667
1.033881
1.336415
1.359147
1.344267
1.028265
1.018280
1.015966
0.711842
0.710998
0.724529
1.006832
1.019247
1.012234
1.338193
1.009385
1.024257
1.029117
1.336282
1.049897
1.378596
1.026242
1.023468
1.035491
1.043191
1.362496
1.045925
1.032413
1.062313
1.040675
1.034066
1.044451
1.048110
1.044981
1.043760
1.043915
0.724719
0.700778
1.032296
1.008474
1.040626
1.016625
1.024328
0.700818
0.716279
0.706858
0.711062
0.707019
0.706098
1.049277
1.044308
1.033422
1.014990
1.005443
1.339623
1.351434
1.373140
1.350864
1.372849
1.353533
1.332442
1.320379
1.332583
1.320306
1.309364
1.328116
1.016594
1.007771
1.321051
1.337965
1.024462
1.342952
0.713367
0.710840
0.721423
0.724965
0.727611
0.720859
1.039281
1.003517
1.310948
1.329075
1.006486
1.311859
1.008642
1.319719
0.999390
0.994397
0.694311
1.343620
1.328995
1.369257
1.358524
1.352376
1.342569
1.323512
0.698760
1.296586
1.008411
1.007082
1.326680
1.312533
1.023906
1.326569
0.708115
0.711501
0.709288
0.705755
0.708855
0.710470
0.719754
0.706347
0.709387
0.693823
0.712112
0.718666
1.030596
1.024383
1.021423
0.991199
1.018599
1.023632
1.359274
0.722243
0.720988
0.717505
0.716669
0.715766
0.715772
0.714499
0.712574
0.719542
0.712081
1.360217
1.024803
1.013724
1.006255
1.024294
1.017323
1.301924
1.344000
1.619399
1.621255
1.932542
1.904327
1.301757
0.993226
1.318422
1.630838
1.628898
2.885634
2.339263
1.341824
0.699902
0.708720
0.704103
0.701982
1.342142
1.038043
1.330108
1.042241
0.708278
1.018217
1.015605
1.019456
1.027253
1.336610
1.331926
2.256206
2.238563
1.651723
1.311020
1.001006
1.352787
1.371471
1.361822
1.347417
1.314119
1.311971
1.310418
1.334749
1.037167
1.327422
1.014851
1.014957
1.024155
1.019023
1.323995
1.023459
1.311054
1.337933
1.331373
1.324637
1.005125
1.007059
1.002646
1.004427
1.011685
1.028473
1.030781
1.351809
1.015319
1.035899
1.027228
1.019708
0.992709
1.018379
1.013000
1.021390
1.026618
1.013161
1.321014
1.357786
1.347425
1.345901
1.415285
1.362429
6.345602
2.236148
1.301276
1.003315
1.011505
1.324718
1.043651
1.012207
1.020105
1.042286
1.319824
1.307180
1.615868
1.311990
1.912386
4.460997
2.456841
2.154836
2.133001
2.170458
2.491336
2.189273
3.002612
2.198732
1.339346
2.140534
0.699591
1.326481
1.323350
0.704479
1.014103
1.036170
1.040480
1.024316
1.340698
1.334456
1.338853
1.025204
1.326915
1.003578
0.702879
0.705563
0.724555
0.701563
0.699833
1.019192
1.022830
0.720379
1.001425
1.040370
1.364846
1.033229
0.694416
1.645711
1.643447
1.349508
0.712226
1.013574
0.706937
0.702176
0.693712
1.023628
1.024392
1.003962
1.031780
0.712170
0.709591
0.712075
1.002197
0.708012
1.012040
1.017999
1.019416
1.024988
1.026458
1.020569
0.992474
1.013422
0.992822
1.001196
1.019316
1.024203
1.011481
1.022377
1.032732
1.338820
1.338841
1.050993
1.372090
1.053987
1.021334
1.030199
1.031142
1.019414
1.012480
1.016840
1.021621
1.003921
1.007355
1.008531
1.029078
1.026989
1.006839
1.027969
1.034183
1.013498
1.024632
0.707640
0.703333
0.707328
0.716180
0.704395
1.314311
1.021546
1.038823
1.022249
1.036681
1.035280
1.032557
1.031902
1.326420
1.005237
1.340604
1.021519
1.319975
1.320266
1.312118
1.314601
1.934085
1.658724
1.931883
1.669279
1.363030
1.018318
1.315846
1.033167
1.019663
1.631884
1.663902
1.327508
1.013648
1.024268
1.349133
1.002529
1.009028
1.024234
1.028522
1.327218
1.019606
1.335630
1.024199
1.021038
1.025870
1.030829
1.008322
1.036260
1.344349
1.007225
1.010277
1.333027
1.328115
1.306876
1.326418
1.340493
1.333558
1.327025
1.309569
1.325137
1.005990
1.319419
1.002860
1.314794
1.351071
1.319048
1.300694
1.311022
1.010162
1.340673
1.028192
1.033034
1.037687
1.031944
1.049847
1.048494
1.315500
1.009656
1.003523
1.035081
1.021710
1.035441
1.327455
1.295086
0.999467
1.019886
1.009045
1.030799
1.030022
1.360654
1.013978
1.348970
1.025396
1.022421
0.992067
1.319931
1.335923
1.334814
1.335883
1.018443
1.024007
1.322661
1.024664
1.032709
1.636835
1.316424
1.357585
1.347628
1.349375
1.338440
1.037446
1.333049
1.023986
1.010556
1.023343
1.015331
1.031933
0.995592
0.995772
1.016349
1.009012
1.014514
1.038655
1.040393
1.038564
1.040326
1.032869
1.050345
1.044261
1.050126
1.055567
1.067397
1.016403
0.992597
0.993986
0.991444
0.704260
1.016632
1.013545
1.004746
1.318863
1.336495
1.053050
1.033693
1.013341
1.002861
0.999719
1.033066
1.011375
1.352919
1.349241
1.380134
1.033226
1.042941
1.348598
1.040433
1.318057
1.315855
1.317969
1.354309
1.338182
1.016665
1.000970
0.997091
1.006978
1.006366
1.006569
1.012113
1.024492
1.030194
0.712970
0.704071
0.705801
1.037481
1.038661
1.037551
0.707702
0.712174
0.719318
1.017351
1.038351
1.328326
0.998505
0.999411
1.018479
0.998332
1.311914
1.315867
1.319214
1.316669
1.034007
1.364866
1.336957
1.333429
1.326637
1.348446
1.318530
1.341133
1.327102
1.010581
1.331518
1.010584
1.319931
1.340954
2.237492
1.920404
1.625132
1.952723
2.248454
2.556559
1.900139
1.957165
1.628144
1.639692
1.618239
1.908572
1.308382
1.330253
1.015546
1.034269
1.009656
1.023325
1.035222
1.023517
1.034185
1.048826
1.026050
1.337768
1.330032
1.322164
1.298032
1.316540
1.323718
1.031918
1.312331
1.304593
1.314355
1.302160
1.007344
1.308881
1.327352
1.345416
1.337406
1.290014
1.315351
1.376946
1.375825
1.355578
1.020467
1.339690
0.709505
0.709261
1.638246
1.313919
1.008286
1.016661
1.026373
0.710450
0.717877
1.036323
1.036322
1.321202
0.710628
0.700293
1.962657
1.639199
1.344559
1.013937
1.328774
0.720230
1.046090
1.318546
1.020864
1.029875
1.031378
1.033464
1.352869
1.365944
1.361449
1.360534
1.357647
1.294705
1.005082
1.295087
1.633641
1.629069
1.635850
1.017395
1.049539
1.032057
1.335213
1.025252
1.028222
1.324326
1.302921
1.340820
1.027355
1.013090
1.028558
1.021850
1.018095
1.034109
1.018490
1.002207
1.055339
1.042537
1.039783
1.016941
1.015395
1.019246
1.330638
1.037715
1.034130
1.033671
0.722078
1.050414
0.996185
1.000878
1.009000
1.017149
1.013809
1.001965
1.006653
1.012360
1.023730
1.025340
1.028369
1.365324
1.322196
1.325719
1.347175
1.343068
1.334872
1.018401
1.001763
0.988696
0.994556
0.699570
0.686997
1.006822
1.030137
1.016079
1.029155
1.038954
1.036829
1.047619
1.011834
1.024850
0.707837
1.423692
1.360795
1.360506
1.345758
1.322766
0.999089
1.014819
1.014570
1.020155
1.046815
1.025161
1.049328
1.347495
1.315411
1.349433
1.025616
1.036592
1.048902
1.048112
1.047892
1.061149
1.056620
1.044935
0.721874
1.059169
1.068024
1.054556
1.052077
1.068060
1.064433
1.023860
1.013364
1.029376
1.015150
1.013866
1.015350
1.026905
1.021761
1.033018
1.022709
1.029876
1.029884
1.039890
1.030445
1.043415
1.011704
1.018565
1.008373
1.016587
1.007702
1.014780
1.011098
1.036358
1.013260
1.007546
1.017413
1.033858
1.026292
1.028453
1.033841
1.015464
1.001796
1.008317
1.016277
1.019348
1.021132
1.031026
1.015092
1.040863
1.044736
1.037351
1.049480
1.012538
1.019372
0.701661
0.702766
1.346902
1.013338
0.711676
0.712987
0.719112
1.003173
1.014964
1.047969
1.051811
0.999875
1.011911
1.019603
1.326356
1.019497
1.028265
0.993141
0.997278
1.003940
1.032740
0.711735
0.691733
1.009413
1.012075
1.017045
1.016742
1.005903
1.028483
1.016482
1.064052
1.028829
1.021497
1.027438
1.010288
0.999620
1.030063
1.036211
1.021502
1.016599
1.047088
1.048107
1.018338
1.045635
1.015100
1.019698
1.014257
1.004100
1.029374
1.012199
1.019345
1.018758
1.010877
1.060673
1.021545
1.034155
1.011790
1.009728
1.009033
1.311241
1.308938
1.315076
1.325449
1.323397
1.342828
1.307693
1.304028
1.027617
1.674798
1.684109
1.636185
1.633623
1.332027
1.003426
1.310124
1.015523
1.328057
1.031211
1.347369
1.342911
1.974378
1.983638
2.028684
1.361412
1.396744
1.322324
1.313309
1.615181
1.653141
1.929444
1.319971
1.018072
1.350988
0.717564
1.073786
1.960001
1.629137
1.613696
1.629000
1.622520
1.346244
1.013854
1.335877
1.325342
1.325453
1.333138
1.011925
1.313239
1.605896
1.653502
1.370620
0.997162
1.337635
1.016801
1.025904
1.025204
1.033013
1.034232
0.730177
1.044498
1.035052
1.042784
1.052736
0.717730
1.038719
1.006249
1.028551
1.043692
1.016472
1.012919
1.037454
1.031710
0.726479
0.707082
1.088046
1.050297
1.339708
1.002538
1.028103
1.021553
1.012282
1.011510
1.005836
1.011061
1.334519
1.028249
1.335888
1.037097
1.352951
1.037561
1.027314
1.045970
1.040587
1.047286
1.048540
1.038276
1.354010
1.329285
0.992781
0.987352
1.010361
1.020747
1.342696
1.337860
1.333750
1.318328
1.327929
1.015634
1.013025
1.021886
1.028627
1.042229
1.352092
1.055533
1.053767
1.029865
1.036188
1.013094
0.710763
0.718736
1.001348
1.014574
0.712533
1.032101
0.695039
1.002243
0.699402
1.028487
1.044376
0.700156
1.029946
1.025561
1.320584
1.318448
1.312111
1.311941
1.020311
0.994866
0.991947
1.637385
1.663371
1.629793
1.953355
1.011389
1.344329
1.049009
1.045974
1.355741
1.333265
1.317076
1.329857
1.015683
1.009993
1.021635
1.017421
1.007053
1.000083
1.023127
1.010990
1.009268
1.002081
1.009469
1.014409
1.007968
1.018093
1.002767
0.714521
0.712370
0.702112
0.705921
0.717673
0.720962
0.715610
0.698966
1.339577
1.007828
1.013054
1.030410
1.017640
1.010249
1.013140
1.002079
1.007611
0.999624
1.304258
1.010726
1.318816
1.012047
1.018601
1.026442
0.718169
0.723531
0.707500
0.712902
0.704882
0.709931
0.714142
1.004724
1.007532
0.705310
0.710355
1.028340
1.030620
0.714295
0.726653
0.722713
0.719493
0.712443
1.034573
1.032369
1.038812
0.717751
1.036546
1.044527
1.034907
0.998005
1.335326
1.359691
1.337086
1.324651
1.293380
1.015909
1.334803
1.035815
1.328572
1.032811
1.021737
1.328572
1.027915
1.030922
1.036751
1.365669
1.344518
1.340649
1.330207
1.005399
1.031836
1.006183
1.317182
1.021963
1.013460
1.016120
1.324093
1.026404
1.318725
1.029297
1.018769
1.009900
1.012933
1.008537
0.997172
1.327844
0.713165
1.323658
1.336229
1.027118
1.329147
1.015475
1.310036
0.999614
1.019943
1.341483
1.358843
1.313055
1.310152
1.611053
1.916809
1.960261
1.640492
1.958303
1.935145
1.606191
1.938886
1.365007
1.078548
1.671047
1.326250
1.328877
1.329167
1.033486
1.356935
1.025759
1.029452
1.650870
1.657968
1.664425
1.319820
1.027855
1.039243
1.024698
1.048133
1.029026
1.342941
0.714919
0.721850
0.704653
0.700385
0.697697
1.010187
1.947201
2.546381
1.326019
1.299709
1.307854
0.715060
0.708952
0.700401
1.016431
0.709114
0.725683
0.695638
1.613658
1.618925
1.645837
1.412277
1.348745
1.328406
1.337265
1.011279
1.030826
1.037814
1.047490
0.730548
0.706909
0.705789
1.328757
1.329805
1.009813
1.011611
1.340600
1.346511
1.326866
1.331490
1.323492
1.005380
1.341960
1.342269
1.335851
1.025744
1.352894
1.041257
1.362328
1.342744
1.319020
1.021509
1.029448
1.004961
1.335849
1.022140
1.324745
1.342236
1.333353
1.336011
1.317293
1.316648
1.642140
1.326243
1.335521
1.327490
1.342666
1.013077
1.028195
1.012967
1.024082
1.011762
1.024469
1.020921
1.016650
1.030820
1.014829
1.007349
1.005533
1.035041
1.018857
1.037242
1.038912
1.033399
1.022244
1.306963
1.020896
1.314386
0.991631
1.006929
1.023668
1.010724
1.007007
1.020105
1.051193
0.720917
1.006546
0.704507
0.709400
0.709172
1.019450
0.695230
0.700974
1.017636
0.707189
0.697568
0.707558
0.715251
1.049936
1.028959
1.009632
0.710811
0.714636
0.711410
0.702598
1.020084
0.692884
0.693108
0.693521
0.999625
1.038328
1.031325
1.029196
1.030620
0.999996
1.015302
1.029907
1.027628
1.014096
1.012682
1.070957
1.069740
1.031993
1.023055
1.033663
0.710247
0.702941
0.708543
1.031541
1.020370
1.018341
1.022994
1.027490
1.028373
1.033645
1.052869
1.024716
1.034594
0.994808
1.008769
1.009900
1.029899
1.010823
1.028265
0.698568
0.712202
0.713380
0.706877
0.717563
0.706147
0.723666
0.719028
0.712137
0.703545
0.705386
0.707099
0.718579
1.024578
1.010257
1.037945
1.048440
0.727528
1.035192
1.025055
1.017859
0.727148
1.047707
0.721737
0.718245
0.713379
1.032885
0.703537
0.718417
0.700650
0.700484
1.019338
0.712810
0.700357
0.700293
0.710534
0.703667
0.699886
0.703550
0.694747
0.702620
0.721096
1.018738
1.023272
1.008566
1.030258
1.022587
1.029644
1.030162
1.021581
1.012715
1.009346
1.006538
1.005737
1.029930
0.706140
0.706058
1.030224
1.024876
1.012073
1.031297
1.005028
1.015133
0.698482
1.009036
0.693871
1.017311
1.023412
1.021230
1.023593
1.348135
2.316568
2.496051
1.861286
2.476519
1.863619
2.492467
2.488029
2.172430
2.172687
0.712371
2.286361
2.278107
4.412702
1.039773
1.027846
1.045643
1.038357
1.034572
0.719774
1.017186
1.649818
1.364622
1.024041
1.341302
1.007188
1.044914
1.030287
1.027632
1.024598
1.009299
1.022722
1.359325
1.341365
1.303342
1.019979
1.335588
1.013798
1.007959
1.003411
1.008955
1.038910
0.701237
1.323545
1.035593
1.010972
1.025317
1.031745
1.020268
0.703904
0.696478
0.996956
0.700540
0.711499
0.711098
1.007214
1.019586
1.022258
1.027394
1.032853
1.031681
1.033326
1.037086
1.023707
1.035564
1.014767
1.014017
1.333879
1.315514
1.315490
1.352863
1.332547
1.318768
1.321841
1.343865
1.364221
1.342458
1.047593
1.012801
1.029217
1.020383
1.022288
0.712249
1.046212
1.050058
1.042087
1.036850
1.045742
1.045595
1.038053
0.703016
0.714086
1.027582
1.029026
1.045647
1.061472
0.696000
0.699890
0.710007
0.998235
1.025818
1.031012
1.021893
0.689513
0.708367
0.696657
1.015476
1.024370
1.015187
0.698194
0.690707
0.703327
0.719189
0.698972
0.694196
0.707285
1.005402
0.999530
0.999093
0.705940
0.685766
0.690673
0.692993
0.694378
0.697470
0.691396
0.708910
0.704736
1.002604
1.005951
0.997994
0.702670
0.703549
1.320224
1.003306
1.004276
1.326612
1.032062
1.349241
1.332964
1.316929
1.006946
1.325032
1.029426
1.301707
1.016349
0.994946
0.995782
1.004755
1.013874
1.002850
0.715300
1.015926
1.619771
1.649480
1.662460
1.630680
1.621936
1.661720
1.624887
1.327643
1.331070
1.301022
1.330113
1.328352
1.345006
1.020533
1.020447
1.031050
1.035039
1.683495
1.350909
1.336745
1.007812
0.705370
0.699913
0.711600
1.017062
0.702609
0.711727
0.707576
0.718048
1.041260
1.344420
1.038766
1.048317
1.043900
1.045157
0.728395
1.063090
1.055297
1.043062
1.037259
1.048594
1.040050
1.023598
1.009236
1.022095
1.013743
1.029565
0.713126
1.041007
1.034400
0.718607
0.706475
1.028422
0.690218
0.716177
0.701654
0.709238
1.034528
1.021419
1.029834
1.038216
1.026685
1.033272
1.018300
1.017166
0.709914
1.035865
1.028084
1.027382
1.022958
1.036047
1.056452
1.057440
1.057994
1.013899
1.340653
1.000838
1.000827
1.040753
1.052059
1.051477
1.299743
1.316374
1.344087
1.005070
0.999578
1.022670
1.342178
1.338019
1.310887
1.010915
1.317225
1.377613
1.045415
1.027327
1.023955
0.720097
0.999636
1.004558
1.029413
1.322917
1.012477
1.326230
1.042980
0.714723
0.718136
1.037039
1.353011
1.365499
1.377682
1.394327
1.323828
1.031486
1.020428
1.417951
1.068850
1.052459
1.048857
1.392740
1.056910
1.079406
1.045026
0.712601
0.725805
1.048282
1.045223
1.025955
1.021684
1.043187
1.013850
1.030968
1.044012
1.051871
1.359470
1.030975
1.029913
1.042369
1.025582
1.022405
1.017722
1.017333
1.044886
1.032995
1.035465
1.033222
1.025276
1.040142
1.044602
1.662176
1.366307
1.348268
1.333803
1.647016
1.638239
1.626417
1.623606
1.661952
1.308829
1.326283
1.350444
1.043717
1.356213
1.013391
1.300273
1.012114
1.022727
1.014380
1.930660
1.651853
1.648483
1.652704
1.921583
1.621007
1.945730
1.644937
1.332372
1.325497
1.333407
1.034029
0.707293
1.034252
1.020535
1.055791
1.322197
1.025087
1.031196
1.013724
1.004500
0.695979
0.707872
0.705273
1.016821
1.321082
1.021558
1.318734
0.700200
0.714178
0.705689
1.633785
1.309629
1.023717
1.017326
1.020738
1.038805
1.053218
1.038265
1.040360
1.049215
1.015579
1.021177
0.715428
1.008011
1.018478
1.055508
1.040329
1.029878
1.031899
1.031941
0.694647
1.000937
1.017227
1.013156
0.999862
1.006870
1.030857
1.008331
1.018612
1.013768
1.036981
0.714417
0.718687
0.712744
0.718338
0.704938
1.336989
1.314206
1.022586
1.018277
1.345989
1.664291
1.968576
1.658181
1.948430
1.675175
1.639731
1.613396
1.613250
1.637627
1.327091
1.344478
1.342618
1.343616
1.332372
1.330364
1.021705
1.010432
1.025570
1.021889
0.998500
0.995313
1.006338
1.024854
1.014111
1.015956
1.014961
1.018708
1.012682
1.315636
0.716500
1.311010
1.011853
1.019029
0.700523
0.705731
1.328766
1.017575
1.015158
1.023667
0.714414
0.720489
1.339964
1.966354
0.722387
0.718128
1.320722
0.697207
1.019280
2.845338
1.637483
1.014028
0.698779
0.704069
0.706151
1.010047
1.027358
1.004644
0.696387
0.697775
1.020210
0.696736
0.705750
1.033178
1.022733
1.011463
1.021153
1.015763
1.034570
1.034360
1.124482
1.050790
1.045779
1.043345
1.033474
1.021123
1.028598
1.039337
1.013061
1.010851
1.038985
1.327464
1.026106
1.325220
1.023328
1.098338
1.052519
1.034102
1.360337
1.035717
1.032693
1.354032
1.330995
0.999246
1.030744
1.026115
1.033976
1.030895
1.033424
1.042395
1.019640
0.718192
0.714232
0.711888
1.339573
1.016902
1.008790
1.024059
1.036334
1.024441
1.029185
1.353526
1.356559
1.041266
1.050301
1.034705
1.028295
1.353375
1.353036
1.321547
1.300852
1.940567
1.667244
1.626587
1.638636
1.616416
1.343608
1.326623
1.363134
1.029824
1.312787
1.004268
1.021516
1.350338
1.366010
1.334128
1.315598
1.002376
1.327012
1.019331
1.013166
1.017189
1.635247
1.643777
1.646190
1.605995
1.635251
1.701801
1.653337
1.639139
1.642834
1.651930
1.975628
1.353197
1.337406
1.370509
1.034786
3.536804
2.884743
2.600832
1.901597
1.959001
1.344750
1.352876
1.358087
1.317334
1.300339
1.341527
1.004306
1.008625
1.002769
1.311336
1.310359
1.017814
1.033597
1.009454
1.019202
1.334877
1.006937
1.340320
1.005253
1.021680
1.028673
1.010119
1.012303
1.333437
0.999239
1.303820
1.297665
1.307005
1.326487
1.322902
1.348087
1.430413
1.363774
1.636087
1.647581
1.329340
1.309095
1.330353
1.333884
1.332904
1.332505
1.019382
1.023419
1.016626
1.002062
1.020184
1.033241
1.034425
1.040486
1.037678
1.029747
1.026310
1.031115
1.006741
1.018871
1.008789
1.022318
1.057738
1.019860
1.018550
1.013880
1.014779
1.012917
1.035514
1.022576
1.022660
1.023998
1.039972
1.026725
1.006687
1.016215
1.029272
1.025247
1.011494
1.030711
1.045500
1.040889
0.988327
0.991965
0.691393
0.695435
0.711591
1.023973
1.006641
1.007389
1.027861
1.031663
1.038070
1.036054
1.024990
1.360077
1.354427
1.028883
1.002291
1.009360
1.028707
1.300329
1.340443
1.325655
1.337817
1.020287
1.026321
1.058521
1.040327
0.740209
0.779339
0.725185
0.710781
0.701511
0.714354
0.720528
0.699731
0.712441
0.705232
1.001053
1.031108
1.021926
1.025566
1.030193
1.017573
1.022253
1.006269
0.701872
1.019197
0.696850
0.697007
1.030290
1.049139
1.037821
0.710766
0.723287
1.008481
1.008497
1.010182
1.017302
1.034834
1.029256
1.010894
1.013390
1.031415
1.024268
1.038724
0.720821
1.345446
1.028757
1.351057
1.329439
1.343416
1.338112
1.296556
1.018032
1.360702
1.348987
1.614521
1.930972
1.337494
1.330169
1.031860
1.331404
1.335866
1.076935
0.999695
0.996455
1.006639
0.716804
0.710340
1.031360
1.037451
1.037108
1.017750
1.005217
1.344676
1.025196
1.316242
1.001030
1.337184
1.004573
1.024157
1.322981
1.051219
1.359733
1.365253
1.330924
1.313856
1.359971
1.349794
1.344730
1.339997
1.031396
1.347548
0.699146
1.004833
1.017525
0.690533
0.694811
0.709865
0.708192
0.712134
1.013060
1.337077
1.025781
1.016098
0.706905
1.027932
0.712615
0.715104
0.709915
0.709527
0.707609
0.710492
1.013200
1.036312
1.005044
0.703423
1.028811
1.022182
1.001188
1.322183
1.360804
1.335358
1.330730
1.340181
0.991217
0.998683
1.009913
0.698794
1.295409
1.596734
1.623819
1.628155
1.319179
1.023107
1.344156
1.029268
1.035367
1.025438
1.020522
1.026382
1.059549
1.001497
0.995871
1.000069
1.028660
1.021554
1.024789
1.039532
1.025058
1.023741
1.022544
1.027214
1.347853
1.025140
1.017522
1.342847
1.017452
1.322874
1.019708
1.410211
1.048095
1.354785
1.334315
1.006003
1.014331
0.708625
1.007702
1.002169
1.323940
1.328876
1.349652
1.316265
1.348257
1.005657
1.027537
1.001661
0.702100
1.311574
1.040137
1.006810
1.017423
1.026877
1.024795
1.023382
1.029120
1.345682
1.016301
1.333451
1.994878
1.029052
1.333664
0.992106
1.009878
1.315506
1.011418
1.015631
1.015361
1.013582
0.706167
0.699810
0.697079
1.000192
0.989489
0.711482
1.025610
1.009462
1.011185
1.019345
1.005251
1.010055
1.003878
0.716247
1.030141
1.026689
1.029071
1.034133
1.020490
1.009485
1.028366
1.011405
1.002867
1.020276
1.013408
1.329321
1.044172
1.016863
1.031690
1.012270
1.318943
1.014521
1.010289
0.993950
1.023306
1.010844
0.998245
0.998202
0.999022
1.002911
0.713762
0.725496
1.062322
1.037836
1.028996
1.011822
1.021083
1.031254
0.705667
1.016447
1.006606
1.010909
1.014377
1.023655
1.009758
1.035002
0.721439
0.718012
0.706811
0.719057
0.713641
0.711483
0.714760
0.699872
0.998485
0.701809
1.028814
1.021634
1.015783
1.020294
0.717268
1.024996
1.022915
1.034253
1.029653
1.014235
1.021657
1.016751
1.008696
1.041391
1.034568
1.031872
1.029354
0.995976
0.996131
1.000397
1.009912
1.011535
1.028732
1.003841
1.012857
0.704043
1.012728
1.008106
0.695606
1.022355
0.701927
0.691573
0.696863
0.708604
0.704910
0.710856
0.716570
1.032919
1.030621
0.704966
0.709737
1.031148
1.009241
1.016378
1.016154
1.020983
1.032293
1.020889
0.997323
1.003043
1.015992
1.011367
1.004909
1.010463
0.997141
0.998424
1.020019
0.696897
0.698817
1.021016
1.005728
0.998497
1.022629
1.333707
1.031931
1.003668
1.324577
1.301400
1.004092
0.983261
0.989449
1.018073
1.009910
1.019736
1.319162
1.328019
1.306348
1.317422
1.318522
1.335804
1.318633
0.996402
1.038312
1.029014
1.359248
1.343295
1.659218
1.613394
1.644576
1.643648
1.662981
1.647094
1.946240
1.628525
1.633021
1.640941
1.659357
1.668919
1.364410
1.026535
1.013262
1.029753
1.042489
1.026364
1.026889
1.031398
1.038684
1.019348
1.022360
1.036043
1.043788
1.030317
1.027383
1.028604
1.029991
1.000335
1.027707
1.337385
1.324850
1.289738
1.327803
1.349295
1.031533
1.343449
1.023631
1.023465
0.707285
0.708998
0.714919
1.035270
1.032117
1.006611
0.693060
0.699321
0.997757
1.014268
1.022423
0.715032
0.714173
0.719924
0.724373
1.038424
1.637190
1.600660
1.301692
1.077276
1.383860
1.035310
1.367685
1.062512
1.387530
0.746408
1.016112
1.323636
1.625442
1.337629
1.325752
1.011442
1.004974
0.708516
0.717509
1.025286
1.026984
1.019912
0.712826
0.714534
1.043892
1.029607
1.001271
1.006020
1.027910
0.706339
0.703648
0.714917
0.710267
0.699212
0.697707
0.720169
1.652628
1.341581
1.314653
1.307049
1.318041
1.323211
1.311253
1.326778
1.013360
1.015369
1.009753
1.025413
0.997137
0.693566
0.699026
1.011467
1.017091
1.015216
1.037015
0.714477
1.025706
1.016657
1.013618
1.023041
1.356606
1.008156
1.002042
1.010544
1.004887
0.993936
1.028247
1.022248
1.069836
1.029587
1.086929
1.067991
1.018477
1.029260
1.052713
1.056602
1.020222
1.015207
0.719594
0.701367
0.716920
1.047205
0.731123
0.726122
0.717555
0.722981
0.713253
0.726270
0.719986
0.722375
1.038144
1.038808
1.060237
1.091047
1.104430
0.709699
0.732580
1.057913
0.734722
0.733466
1.031742
0.725231
1.028453
0.716490
1.021773
1.023991
0.705417
0.709166
0.713157
0.707180
0.711226
0.725445
0.719060
0.724121
1.043491
1.044764
1.012912
1.013904
1.004170
0.700108
0.703908
0.699676
0.711034
0.775754
0.757830
0.738606
1.068578
1.058048
1.048492
1.035974
1.041313
1.033091
1.035336
1.036105
1.023471
1.031277
1.036789
1.037915
1.036980
1.044814
1.055944
1.059433
1.038471
1.021189
1.021369
1.022371
1.352238
1.039867
1.050219
1.021614
1.015756
1.334539
1.032924
1.346824
1.354678
1.352248
1.356653
1.338859
1.334913
1.352691
1.375428
1.345856
1.032631
1.345708
1.028020
1.337842
1.033946
1.358128
1.039154
1.348836
1.033625
1.662716
1.337914
1.036278
1.053543
1.034167
0.998245
1.337060
1.021790
1.343329
1.025385
1.351890
0.721848
0.697345
1.056877
1.033995
1.061227
1.036469
1.039245
1.048584
1.046043
1.022596
0.707127
0.717614
0.722238
0.710310
1.330787
1.365521
1.039188
1.344407
1.034417
1.326371
1.987999
2.286789
2.251968
2.282581
2.268130
1.945359
1.618871
1.664610
1.613576
1.615700
1.316142
1.040970
1.381861
1.330821
1.025997
1.051336
1.056723
1.030856
1.027672
1.023909
1.029310
1.930184
1.608661
1.948862
1.636531
1.956954
1.643572
1.658182
1.638651
1.635352
1.625241
2.256749
1.957510
1.300196
1.343372
1.329518
1.012336
1.319687
1.018390
1.013247
1.011789
1.340372
1.028249
1.041819
1.034544
1.980043
1.676102
1.661576
1.611706
1.623654
1.933488
1.637569
1.626032
1.327120
1.326538
1.333439
1.328321
1.323004
1.043514
1.022881
1.032709
1.029040
1.028316
1.032249
1.023019
1.016148
0.697135
0.713215
0.698574
1.335804
1.320645
1.014599
1.324068
1.333289
1.365261
1.342722
1.350543
1.317182
1.302842
1.309434
1.012993
1.000709
0.999390
1.039978
1.033225
0.723780
0.723260
1.046406
1.335345
1.077701
1.075817
1.365164
1.025527
1.336843
1.339923
1.334402
1.020340
1.366943
1.319083
1.322669
1.343931
1.036943
1.367738
1.038022
1.052098
1.054647
1.041655
1.045421
1.024121
1.043311
1.030700
1.049916
1.041554
1.091864
1.066151
1.036372
1.016517
1.019888
1.015800
1.022055
1.012458
1.011564
1.018659
1.032768
1.016833
1.006352
1.002763
1.037412
0.696917
1.010578
1.001857
0.706815
0.708492
0.718238
0.709368
0.708015
0.740452
1.022062
1.016077
1.028872
1.334732
1.334690
1.333056
1.315280
1.306557
1.948461
1.644334
1.923067
1.635531
1.632933
1.660447
1.660617
1.664420
1.027601
1.341213
1.037036
1.032292
1.013920
1.029596
1.031573
1.024599
1.008220
1.004416
1.020586
1.020956
1.020037
0.715872
0.727347
0.718388
0.714900
1.007889
1.005427
1.011320
1.009151
1.017092
1.002815
1.009265
1.008846
0.999022
1.010999
1.011825
1.012073
1.003335
1.004529
1.014910
1.015822
0.708283
0.710544
1.027081
0.701989
1.006482
1.004933
0.998304
0.703315
0.699112
1.068855
0.718768
0.708649
1.023179
0.707952
0.698397
1.025172
1.014507
0.714020
0.695797
0.696891
0.705542
0.702545
1.019635
0.717972
1.025299
1.038746
1.040708
1.026690
1.032332
1.019834
0.710726
0.722582
0.701514
0.700473
0.704389
0.696049
0.704180
0.710417
0.720199
0.714849
1.038993
1.031094
1.020831
1.025661
1.020619
1.043043
1.032758
1.032637
1.050314
1.020455
1.007664
1.001779
1.007083
1.017922
1.026177
1.022173
1.021477
1.031875
1.007972
1.021238
1.027425
1.015071
1.008721
1.016957
1.031183
1.029296
1.314272
1.030838
1.350364
1.314619
1.344570
1.007508
1.326244
1.029101
1.005681
1.015179
1.306835
1.317602
1.325844
1.017582
1.027762
1.034185
1.013898
1.023518
1.015013
1.020726
0.707703
0.705867
0.713021
0.699308
0.712508
1.020124
0.717601
0.713821
1.031867
1.025031
1.016796
1.014965
1.041534
1.038471
1.007909
1.019126
1.009580
1.029543
1.056854
1.050857
1.058028
1.067807
0.728127
0.710397
0.708275
0.702752
0.716581
0.714696
0.707009
1.026725
1.022737
1.019575
1.020908
1.039462
1.343502
1.311029
1.013766
1.018406
1.026734
0.703891
1.020552
1.028458
1.331952
1.308340
1.342039
1.322259
1.009887
1.004129
1.018426
0.708628
0.704525
1.025073
1.335908
1.031041
1.314940
1.328766
1.316759
1.312932
1.333962
1.062983
1.067671
1.053407
0.710391
1.003812
1.005824
1.018767
1.015428
1.020277
1.023431
1.029263
1.037093
1.041411
1.031427
1.019086
1.032977
1.048052
1.364059
1.022579
1.357603
1.016062
1.321748
1.331461
1.341994
1.348544
1.030713
1.331047
0.733375
0.700528
1.030063
1.355356
1.028325
1.355909
1.043893
1.044439
1.344594
1.021030
1.014494
1.036484
1.025791
1.025024
1.076202
1.021989
1.029353
1.019168
1.018850
1.003855
1.009760
1.015341
0.711001
0.703152
1.030050
1.014348
0.716036
0.700832
0.711119
0.710247
0.710794
1.040727
1.045857
1.030209
1.038456
1.033248
1.018062
1.012448
0.701523
1.006783
0.698851
0.710263
0.727821
1.040131
1.343605
1.319002
1.019956
1.342399
0.998012
1.311586
1.317952
1.313547
1.001938
1.010551
1.026076
1.001812
1.012230
1.005262
0.697566
0.710770
1.022303
1.031660
1.020667
1.653061
1.649891
1.646476
1.660246
1.339841
1.619992
1.612684
1.647196
1.334364
1.021732
1.330444
1.026523
1.354840
0.707380
0.706226
0.695331
0.699972
1.014733
1.001526
1.028208
1.003798
1.016746
1.010425
1.016441
1.324781
1.005332
1.038889
1.020770
1.014820
1.325352
1.025534
1.016013
1.312974
0.707959
0.705111
0.702674
1.313813
1.331656
1.033821
1.351619
1.341801
1.311918
1.331436
1.301719
1.321813
1.320896
1.013296
1.002083
1.014991
1.011119
1.010072
0.702163
0.726580
0.725013
1.045516
1.044408
1.018943
1.048268
1.036257
1.051211
1.406762
1.351324
1.029511
1.028571
1.018512
1.334042
1.316087
1.329652
1.346064
1.331156
1.296559
1.290150
1.362529
1.354205
1.359332
1.356053
1.323927
1.021080
1.025364
0.711618
0.715723
0.722030
1.056480
1.351625
1.013505
1.313351
1.037115
1.004028
1.352185
1.366416
1.311179
1.001095
0.705385
0.712283
0.718492
1.016857
0.709589
0.713266
0.704715
0.729903
1.295693
1.314492
1.314893
1.331262
1.337376
1.352797
1.338286
1.314004
1.363248
1.331013
1.330541
0.716280
1.029666
0.994152
0.988634
0.993969
1.011059
0.999505
0.699293
0.710423
0.714721
0.732807
0.716755
0.724878
0.705332
0.701860
0.707938
0.710027
0.693709
0.708250
0.708664
0.703951
0.705041
0.699171
0.691835
1.008422
1.021678
0.701947
0.713549
1.329594
1.358597
1.295501
1.307808
0.993661
1.642420
1.339927
1.029468
1.313543
1.299458
0.688820
0.690409
0.691178
0.711801
1.044986
1.044740
2.002970
1.660402
2.058409
1.669592
1.972376
1.351582
1.358445
1.345115
0.697332
1.002565
3.185546
1.025959
1.658138
1.662894
1.320293
1.031865
0.716690
1.043908
0.723022
0.711085
1.654937
1.675319
2.000014
1.649483
3.217626
1.332104
1.629810
1.633143
1.653560
1.949013
1.612775
1.608584
1.328871
1.343987
1.630448
1.332600
1.033209
1.009071
1.010918
1.000278
1.037083
1.009806
1.020670
1.014028
1.036887
0.994067
1.020700
1.035772
1.013537
1.028660
1.021896
1.013898
1.029246
1.031024
1.010468
1.001660
1.029941
1.024881
1.029752
1.030699
1.013676
0.998531
1.313278
1.006792
1.311116
1.002590
1.325891
1.312621
1.649959
1.643832
1.666593
1.633983
1.642884
1.663354
1.359686
0.708795
1.352946
1.675999
1.639711
1.958764
0.998933
2.513634
1.011665
0.717930
0.709683
2.182484
2.146283
2.987949
1.021133
1.030517
2.506790
2.586802
1.362210
2.157538
1.870195
2.483699
2.149388
1.846527
2.692478
3.446260
1.046579
2.167914
0.718624
1.634374
1.359817
0.711964
0.703277
0.703467
0.716421
0.703447
1.018308
0.706738
0.726774
0.725955
0.702263
1.315469
0.709036
1.320491
1.395467
0.712656
0.722956
0.715555
1.328745
0.705167
0.713482
1.011683
1.016456
1.323539
1.006266
1.034765
1.002695
1.003165
1.004897
1.001467
0.998018
0.996164
1.001739
0.720064
0.708942
0.717302
0.719812
0.699699
0.700046
0.694385
1.021843
0.715673
1.031593
1.024267
0.719969
0.707061
0.703995
0.713334
1.025891
1.036298
1.029548
1.033245
1.015581
1.025388
1.010788
1.022676
1.019115
1.019370
1.038063
1.035779
1.012588
1.006919
1.010389
1.025675
1.027649
1.020757
1.010209
1.004165
1.029998
1.033314
1.348987
1.031575
1.354908
1.324586
1.322915
1.010251
1.017994
1.004061
1.002496
1.006412
1.013212
1.340424
1.327103
1.316229
1.024908
1.012876
1.130917
1.051004
1.024060
1.048027
1.038181
1.035032
1.030120
1.354858
1.028042
0.994170
1.001994
1.310592
1.036847
1.005888
1.034526
1.020401
1.326245
1.331068
1.384226
1.346492
1.329080
1.013142
1.337374
1.333779
1.346866
1.325830
1.341158
1.315108
1.314733
1.022279
1.641994
1.322267
1.020063
1.345754
1.013527
1.331703
1.020243
0.695213
0.754106
0.722750
1.368298
1.330179
1.341884
1.330215
1.022361
1.029319
1.049733
1.032891
1.013299
1.027040
1.010674
1.037142
1.016394
1.005053
1.312918
1.336637
1.354666
1.358437
1.341297
1.025589
1.970969
1.638900
1.689345
1.945052
1.344885
1.613045
1.651086
1.643417
1.337750
1.015298
1.327374
1.013902
1.333505
1.033899
1.337201
1.039115
1.048614
1.046298
1.046912
1.060193
1.045181
1.019729
1.042839
1.024709
1.029699
1.023263
1.036102
1.022139
1.302061
0.714643
1.327225
1.350581
1.010688
1.017936
1.039617
1.033230
1.032979
1.050434
1.007311
1.019404
1.015350
1.020164
1.022275
1.025333
1.024417
1.017227
1.010263
1.007889
1.333537
1.036164
1.344117
1.060279
1.343664
1.015416
1.633396
1.636928
1.325844
1.321046
1.030253
1.341169
1.343800
1.322149
1.031636
1.314489
1.013031
1.009382
1.005884
1.009370
0.704773
1.026809
1.032528
1.047446
0.728604
1.045919
1.040647
1.049328
1.041568
1.029455
1.005908
1.004063
1.041655
1.007436
1.011580
1.020214
1.024801
1.013846
1.004580
1.018880
1.017334
1.002024
1.024653
1.006824
1.014417
1.007362
1.024119
1.009828
1.027614
1.018216
1.036919
1.045476
1.004600
1.016909
1.001986
1.368170
1.025932
1.025257
1.348077
1.023244
1.008475
0.996744
0.715742
1.037359
1.001344
1.019419
1.037745
0.719100
0.709561
1.004031
1.009877
1.003706
1.013012
1.003147
1.016944
0.689857
0.715611
0.720208
0.718044
0.724224
0.727888
0.723585
0.693818
0.693301
1.024516
1.023187
0.713746
0.699349
1.006465
1.005350
0.700245
1.007113
1.023130
1.027385
0.701554
0.702695
0.708750
0.709337
0.693443
1.010576
1.015015
1.007536
1.030138
0.997674
1.615701
1.644840
1.641112
1.635836
1.617065
1.951725
1.646087
1.644114
1.688455
1.692885
1.605804
1.630744
1.623040
1.320695
1.030108
1.307333
0.697288
1.008402
1.013951
1.014220
1.019692
1.003005
0.694333
0.712129
1.027487
1.035963
1.337825
1.038630
1.010523
1.035311
1.028802
1.007723
0.995597
0.998396
1.011588
1.011184
1.014587
1.024203
1.010864
0.711263
0.714352
0.712182
0.712900
0.700478
1.119200
1.096922
0.737032
0.721074
1.052211
0.721453
0.731306
0.731853
1.377232
1.334710
1.334124
1.348587
1.360327
1.337351
1.351267
1.026658
1.026767
1.334895
1.030992
1.334543
1.020679
1.046418
1.039467
0.707322
1.046121
1.037960
1.022342
1.047648
1.032894
1.333901
1.027636
1.035483
1.054324
1.052483
1.023002
1.033992
1.341268
1.370358
1.389025
1.403446
1.045355
1.342805
1.666457
1.647505
1.605941
1.650999
1.981405
1.682726
1.635525
1.636834
1.610734
1.631385
1.651400
1.649988
1.656483
1.911310
1.006328
1.327862
0.717641
0.706106
0.710169
0.706154
1.017717
1.019583
1.328477
1.030384
1.017338
1.009210
1.032950
1.028017
1.025551
1.041268
0.697975
0.706226
0.724882
0.702867
0.707317
1.011074
1.015607
1.008118
1.345023
1.334320
1.341556
1.346009
1.030478
1.319469
1.310527
1.315149
1.328592
0.996873
1.007139
1.006551
1.002726
1.031766
1.300785
1.007275
1.322329
1.005226
1.345614
1.339015
1.346945
1.030159
1.036287
1.318547
1.338275
1.013223
1.030023
1.025005
0.703462
0.717877
0.726478
0.707788
0.716834
0.697520
0.707564
1.034730
0.999932
1.309514
1.310244
1.031608
1.027576
1.023945
1.348348
1.026834
1.049523
1.049113
1.029493
1.019180
1.017961
1.033351
1.335177
1.342101
1.018266
1.030040
1.034468
1.025541
1.036247
1.321330
0.994122
1.303721
1.022252
1.010566
1.032049
1.021971
1.047007
1.046438
0.726983
0.728041
0.725556
0.742095
0.726323
1.028970
1.038282
1.055166
1.054439
1.040545
1.052767
1.040563
1.032317
0.716099
0.715295
1.014447
0.729206
0.734560
1.042928
1.053141
1.051424
1.045359
1.052936
1.038463
1.032212
1.021589
1.042155
1.029967
1.018492
1.001783
1.030690
1.010346
1.018715
1.031730
1.032302
1.027720
1.015298
1.025409
1.021502
1.016645
1.019586
1.030410
1.024489
1.033111
0.992741
0.996693
1.003177
1.011350
1.026077
1.044858
1.033047
1.047894
1.008257
1.014927
1.012863
1.024389
1.027027
1.054589
1.057443
1.022820
1.009175
1.021355
1.036800
1.031751
1.038913
1.029516
1.016764
1.014615
1.030551
0.716931
1.040559
0.715998
1.016540
1.011205
0.703398
1.023908
0.694481
0.704146
1.041246
1.027846
1.015260
1.008237
0.998849
1.003282
1.010391
1.021551
1.020839
1.035354
1.005903
0.996698
1.013398
0.992896
1.320818
1.309068
1.343143
1.330096
1.343818
1.381381
1.037333
1.351748
1.076681
1.037825
1.369031
1.392924
1.395022
1.406596
1.375957
1.049324
1.033582
1.036115
1.022414
1.024240
1.047716
1.063022
1.054953
1.037568
1.034295
1.025368
1.023113
1.015303
1.018000
1.019266
1.044488
1.019108
1.023126
1.025780
1.023557
1.028391
1.039380
1.021133
1.041713
1.628400
1.308048
1.324376
1.334674
1.340634
1.353880
1.353672
1.346895
1.348173
1.352401
1.020727
1.673276
1.351651
0.719687
0.732027
0.722895
0.704872
0.716362
0.716690
0.710591
1.023512
1.020884
1.368650
0.732129
1.023361
0.700625
0.695110
0.705928
0.699115
1.030678
0.999995
0.702954
1.312004
1.005971
1.309074
1.340961
1.326207
1.301823
1.303189
1.017950
1.005575
1.011837
1.005603
1.036865
1.355854
1.348594
1.371896
1.388034
1.387014
1.344057
1.349507
1.031768
1.371664
0.715670
1.048765
1.351204
1.342777
1.041349
1.014449
1.334511
1.012931
1.023657
1.032418
1.013011
1.004711
1.338086
1.023608
1.033506
1.311187
1.343695
1.358252
1.370541
1.344120
1.329977
1.314960
1.031486
1.016628
1.330766
1.017431
1.362350
1.344012
1.029289
1.334514
1.326368
1.324606
1.343059
1.363563
1.018806
1.043470
1.030697
0.998554
1.043449
1.028163
1.041280
1.028505
1.034884
1.000498
1.014265
1.027334
0.712074
0.696547
1.009231
0.718436
0.719209
0.709699
0.715552
0.715451
1.021751
0.696457
0.696601
0.696405
0.702509
0.725072
0.708260
1.032513
0.711016
0.713635
0.728430
0.719932
0.714269
1.043953
1.039813
1.018035
1.014193
1.013997
1.016122
0.700881
1.014051
1.032427
0.696149
0.733248
0.714351
0.715929
0.710236
0.710283
1.023202
1.045056
1.037031
1.015723
0.716439
1.027036
1.002622
1.026014
1.004991
1.010862
1.002891
1.003266
1.015434
1.022498
1.017832
1.028032
1.035066
1.017753
1.009867
1.039240
1.045695
1.322776
1.013541
1.025615
1.010043
1.612532
1.630773
1.636517
1.328553
1.338890
1.024874
0.720135
0.717340
0.710774
0.718633
0.714810
0.727405
0.721360
0.725542
1.055318
1.037021
1.327291
1.335189
1.329446
0.992758
1.301137
1.027213
1.043280
1.027317
1.662119
1.672696
1.653048
1.627491
1.621582
1.659355
1.622935
1.650673
1.629283
1.632976
1.635295
1.381813
1.335743
1.019231
1.024025
1.023384
1.005323
1.639866
1.647883
1.361235
1.320696
1.317903
1.332817
1.326129
1.340271
1.327612
1.339101
1.323438
1.346437
1.351569
1.344177
1.341054
1.028317
1.039139
1.020486
1.018989
1.326526
1.006653
0.703495
1.021307
1.039764
1.678007
1.640373
1.626326
1.937363
1.929561
1.956534
1.958666
1.669295
2.039947
1.724526
2.577961
2.319175
2.891347
2.854695
2.917053
2.305780
1.963193
1.653817
1.317096
1.032590
1.314591
0.709761
1.009669
1.336957
0.717799
0.713923
0.713082
1.314719
1.334942
1.357803
2.284019
2.271643
2.232145
1.951211
1.646565
2.262837
1.938194
0.698927
1.017591
1.654085
2.581502
1.971862
1.644403
1.642541
1.642425
1.330285
1.647835
1.673983
1.936646
1.639676
1.971392
1.637282
1.969576
1.641533
2.649924
2.001269
1.635961
1.976154
1.029128
1.323294
1.023822
1.019974
0.706011
0.688406
0.696917
0.699929
0.998552
1.318970
1.337226
1.382436
1.208533
1.407164
1.024886
1.064884
1.038451
1.037386
1.344826
1.027957
1.038535
1.028475
1.022545
1.031842
1.365614
1.042206
1.323404
1.332278
1.357917
1.030791
1.026983
1.354512
1.349653
1.023504
1.029810
1.340475
1.303031
1.332208
1.327323
1.385524
1.370074
1.362231
1.320989
1.317037
1.007292
1.029758
1.029771
1.013247
1.028447
1.037491
1.022621
1.044981
1.034335
1.016626
1.030255
1.028187
1.020533
1.003829
1.045415
0.720455
0.729200
1.008895
1.036047
0.720354
0.705624
0.709912
0.713108
0.721487
1.035774
1.011622
0.724625
0.718778
0.713495
0.711324
0.707181
0.717145
1.378761
1.380204
1.372678
1.348982
1.668544
1.666302
1.663084
1.684044
1.347747
1.327984
1.323186
1.024464
1.029366
1.056787
1.046107
1.030715
1.041107
0.738945
0.720527
1.048143
1.048292
1.056552
1.057257
1.395953
1.407698
1.384208
1.347592
1.340006
1.360005
1.362054
1.358423
1.368463
1.322617
1.035296
1.036844
1.024815
1.041517
1.045536
0.720088
0.729119
1.049589
1.050346
1.054205
1.058684
1.040413
1.030779
1.045864
1.072066
1.045633
1.043228
1.053052
1.026303
0.715252
1.053691
1.039006
1.025088
1.025776
1.002536
1.006032
1.012256
1.010087
1.012673
1.022492
1.010492
1.008885
0.698145
1.032358
1.020951
1.014333
0.698198
0.705687
0.720973
0.712627
0.700542
0.713833
0.694985
0.723766
1.018446
1.029240
1.013324
1.032248
1.040009
1.062389
1.038016
1.043982
1.012152
1.033602
0.997428
0.703736
0.715687
1.054356
1.031938
1.032821
1.646143
5.315535
1.029253
1.025820
1.039526
1.033723
1.075116
1.028111
1.310568
1.000947
1.025024
1.025729
1.031093
1.035215
0.709105
0.724409
0.709209
0.704019
0.704233
0.710443
1.014349
1.020253
1.017794
1.031853
1.034775
0.725227
0.722565
0.723284
0.727127
0.715987
0.706116
0.706560
0.702034
1.029930
1.011825
1.033622
1.027669
1.079501
1.035051
1.029146
1.028570
1.018171
1.008658
1.024977
1.025301
1.029957
1.001460
1.003962
0.999491
1.021518
1.024882
1.007884
1.344230
1.023232
1.372984
1.008975
1.023644
1.027089
1.029760
1.342474
1.010815
1.021364
1.000684
0.722152
0.699565
1.007047
1.029639
1.027938
1.025722
1.325408
1.013742
1.018785
1.005149
1.006910
1.014458
0.701205
0.701238
1.023543
0.696346
0.699452
0.709746
1.010249
0.998114
0.714886
0.704918
1.037524
1.011824
1.019088
1.021407
1.009016
1.007970
1.027600
1.017329
1.025290
1.013168
0.692100
1.002248
1.021312
1.048024
1.058531
1.046538
1.045250
1.030271
1.030591
1.037393
1.018744
0.696855
0.701021
1.010849
1.027542
0.703516
0.702719
0.693495
0.709069
0.703179
0.722854
0.697186
0.701647
1.020266
1.025948
1.035506
1.024693
1.013587
1.004392
1.024702
0.723600
0.721278
0.718898
0.720080
0.704664
1.000068
1.304042
1.334641
1.310699
1.328073
1.022430
1.332669
1.316055
1.028192
1.026903
1.113375
1.068523
1.052020
1.026142
1.027122
0.995884
0.997590
0.712766
1.031415
1.024476
1.035510
1.020277
1.005755
1.005724
1.023411
1.353109
1.306740
1.317523
1.009704
0.992352
1.592261
1.608619
1.636483
1.652747
1.658206
1.693305
1.632824
1.654046
1.988919
1.341910
1.329216
1.628088
1.658569
1.653503
1.343436
1.028285
1.038310
1.034229
1.013106
1.312170
1.328290
0.710341
0.708920
1.023464
1.013393
1.010468
1.034975
1.020612
1.028725
1.029345
0.705751
0.713726
1.329091
1.034293
1.022789
1.031861
1.032521
1.008945
1.025345
1.011928
1.024174
1.043901
1.036183
1.041282
1.015876
1.015035
0.709865
1.049028
1.017294
1.019171
1.002461
1.010427
1.019270
1.017806
0.702906
0.717466
1.028007
1.032023
1.048414
1.060855
1.054564
1.027589
1.017402
1.033242
1.034514
1.018382
1.029520
0.706795
0.709876
0.698215
0.700435
1.034170
1.012393
1.026356
1.011349
1.000114
0.694727
0.703001
0.729610
0.725525
0.722643
0.718775
0.715027
0.725453
1.009155
1.013759
1.008564
1.010790
1.006302
1.007987
1.015960
1.020079
1.305572
1.017962
1.011835
1.015012
1.015493
1.036954
1.027445
1.001524
0.995489
1.003314
1.013970
1.008589
1.349612
2.582735
5.890021
1.007282
1.032375
1.037244
1.035684
1.054507
1.005604
1.019349
1.024938
1.023648
1.011618
1.016506
1.016521
1.032388
1.337623
1.039729
1.059628
1.018795
1.013693
1.002339
1.021381
1.046735
0.707462
0.699192
0.703143
1.025256
1.021754
1.032127
1.023391
1.032422
1.015558
0.724021
0.703097
0.730488
0.733440
0.708135
0.712489
1.024275
1.023457
1.022688
1.028474
0.716702
1.044845
1.025123
1.003210
1.009624
1.024041
1.009713
0.995159
1.007161
0.699637
1.006800
1.002141
1.008308
1.345426
1.350187
1.334143
1.333844
1.306580
1.304780
1.316770
1.341747
1.358837
1.355849
1.320556
1.330328
1.015728
1.313245
1.306095
1.326103
1.320845
1.015687
1.344166
1.320577
1.303802
0.997520
0.690724
0.706060
0.714095
0.704687
0.712813
0.721712
1.005093
0.718680
0.715120
1.040455
1.026983
1.025148
1.042673
1.031094
0.707135
0.720995
0.702744
0.716233
1.022439
1.346214
1.014261
1.622114
1.365170
1.342976
1.350633
1.343843
1.332010
0.999364
1.347348
0.742535
1.073555
1.055627
1.034055
1.023807
1.019861
1.319071
1.044215
1.323030
1.032457
1.338529
1.053874
1.326103
1.008488
1.010428
1.008662
1.007465
1.329259
1.304602
1.302867
1.002817
1.321635
1.018739
1.014160
1.351595
1.644805
1.341058
1.343531
1.321861
1.319894
1.333299
1.333169
1.336430
1.315410
0.993500
1.337227
1.014341
1.610765
1.618666
1.934919
1.624114
1.931063
1.602918
1.606854
1.952758
2.311032
2.605498
2.240145
2.531379
2.577103
1.933059
1.664214
1.357106
1.033412
1.029194
1.041984
4.419551
2.846851
3.208827
1.628263
2.867933
1.620367
1.933021
1.010503
1.297913
1.335724
1.030845
1.330744
0.715157
0.730677
0.714560
0.704043
0.712805
1.337202
1.334817
1.330643
1.326826
1.010977
1.017758
1.342397
1.333439
1.016993
1.019737
1.022932
1.032085
1.009032
1.020626
1.032514
1.020127
1.030484
1.027985
0.708598
0.716069
0.691526
0.997630
1.000025
1.018358
0.708633
1.048326
1.004027
1.028566
1.634326
1.309282
1.322826
1.001904
1.009409
0.700268
0.699868
0.717467
1.026503
1.317873
1.028697
1.017849
1.019505
0.710833
1.018960
1.019671
1.043131
1.017403
1.035016
1.021983
1.057059
1.060692
1.028358
1.022304
0.706953
0.687200
1.017431
1.025483
1.029115
1.032442
1.039455
1.035755
1.006102
1.007285
1.004823
1.026549
1.009235
1.040728
1.344229
1.339620
1.323215
1.306014
1.366508
1.377179
1.689013
1.633034
1.342155
1.343574
1.331895
1.310380
1.323884
1.007361
1.019498
1.045403
1.012768
1.008797
1.009781
1.027278
0.697004
1.009197
1.015652
1.005418
1.018747
0.703823
0.706013
0.695326
0.703518
1.021819
1.004920
1.625731
1.645534
1.329417
1.632110
1.301730
1.300464
1.310730
1.316856
1.323696
1.015590
1.335748
1.340622
1.336357
1.010844
1.608731
1.004440
1.016839
1.015292
1.027919
1.024825
1.023535
1.055716
1.051361
1.052222
1.030696
1.020925
1.326466
1.002133
1.009728
1.021537
1.008473
1.018801
1.012904
1.036181
1.021212
0.702849
0.707878
0.697979
1.023063
1.027321
1.003926
1.018262
0.705268
0.716736
0.722940
1.027386
0.707818
0.701004
0.707132
0.703776
0.710613
1.014654
1.024710
1.022225
1.043409
1.051254
1.051769
1.055134
1.044896
1.018036
1.021075
1.022266
1.033532
1.031868
1.023877
1.340526
1.344750
1.030219
1.035305
0.717903
1.026436
1.017875
1.026621
1.027842
0.990443
0.991330
1.003170
1.333744
1.039193
1.035732
1.022133
1.022879
1.017093
1.326520
1.330199
1.328723
1.339789
1.334169
1.343003
1.349474
1.331729
1.335306
1.027942
1.014461
1.046834
1.037529
1.044135
1.035495
1.002840
0.999659
1.003166
1.020629
1.328272
1.289726
1.319643
1.019393
1.370059
1.372169
1.351522
1.004886
1.017862
1.014243
1.031257
1.045092
1.052603
1.020132
1.016452
0.708970
1.025130
1.009233
1.317417
0.993106
1.002831
1.035533
0.735936
0.721478
0.717857
1.331548
1.339347
1.339297
1.358115
1.318336
1.330643
1.325434
1.351971
1.335562
1.340598
1.331181
1.033476
1.954659
1.608349
1.647911
2.931361
2.576547
2.268976
2.229883
2.235299
1.601710
1.595865
1.322420
1.017342
1.314058
1.014250
1.009172
1.351507
1.028215
1.334565
1.329716
1.003638
1.011913
1.033443
1.001012
1.001999
1.022806
1.019951
1.045532
1.030332
1.014610
1.004246
1.032957
1.067597
1.014490
1.017255
1.339426
1.016211
1.355062
1.041458
1.027579
1.332805
1.314587
1.326040
1.373214
1.402763
1.358146
1.021551
0.993771
1.295384
1.062796
1.353944
1.033857
1.317013
1.308191
1.339126
1.320407
1.309856
1.323133
1.013319
1.319967
1.022673
1.362655
1.040739
1.024624
1.339507
1.328190
1.354421
1.353968
1.356501
1.336998
1.318496
1.337181
1.333919
1.314331
1.353887
1.326835
1.016120
1.013179
1.330817
1.015752
1.037096
1.360620
1.041201
1.404453
1.079041
1.067550
1.039662
1.031948
0.723320
1.006858
1.011503
1.010536
0.986914
1.292819
1.018508
1.009485
1.014545
1.008683
1.030340
1.034403
1.025435
0.711479
0.714908
0.705360
0.695420
0.705456
0.708073
1.029664
0.718708
0.717494
0.722680
0.745304
0.720505
0.719466
0.743700
0.721638
0.758304
1.008505
1.044839
1.022115
0.701835
0.705995
1.019443
1.006761
1.035929
0.697880
0.694182
1.339467
1.018687
1.028985
1.026992
0.706850
0.748438
0.746683
1.019737
1.007068
1.009614
0.723321
1.030104
1.015605
1.020754
0.724394
0.733360
1.014455
0.716588
1.016854
1.344028
1.317800
1.324440
1.028961
1.374998
1.342629
1.336506
1.361853
1.353958
1.370200
1.369001
1.041028
1.359302
1.380904
1.054151
1.048784
1.046141
1.386748
1.047836
1.335917
1.347896
1.026030
1.041969
1.021243
1.340592
1.029591
1.029221
1.033363
1.027782
1.343753
1.357836
1.034890
0.721194
0.720206
0.718849
0.717085
1.038885
1.046864
1.045191
1.020504
1.050531
1.338582
1.308798
1.011860
1.623283
1.657615
1.627176
1.334889
1.019346
1.009461
1.306265
1.032057
1.345550
1.031873
0.714790
0.719489
0.716788
0.707920
0.714774
0.689660
0.709705
0.711433
0.718108
0.714736
1.036685
1.063156
1.029370
0.713866
0.710745
1.035219
1.027334
1.357488
1.044147
1.333631
1.306567
1.320964
1.027433
0.706722
0.706392
0.708445
0.716639
1.700657
1.640031
1.329056
1.319554
1.033496
1.037986
1.347825
1.350467
1.344080
1.338498
1.014587
0.705157
1.010677
1.032459
1.009908
0.997695
1.032964
1.008990
1.004046
1.005969
1.306610
1.022520
1.015372
1.007937
1.021830
1.007017
1.022269
1.011370
1.007927
1.075513
1.026879
1.035247
1.031573
1.025783
1.014828
1.351046
1.340614
1.344083
1.345921
1.341838
1.024371
1.023858
1.021953
1.022258
1.034238
1.030231
1.004292
0.999100
0.993698
0.708911
0.705530
0.709564
1.007639
1.031455
1.021230
1.016059
1.339932
1.330770
1.008310
1.022363
1.024994
1.342261
0.992536
0.990579
1.000388
1.015848
1.025664
1.025444
1.035013
1.011366
0.999899
1.018908
1.010728
1.009641
1.019305
1.020259
1.052522
1.062159
1.037353
1.030162
1.030070
1.033420
0.995464
1.005551
1.002814
1.004927
1.019947
1.013188
1.029857
1.019598
1.010911
1.013893
1.002399
1.002050
1.013995
0.999644
1.005073
1.019767
1.014797
0.709594
1.020043
0.714900
0.701686
0.702355
0.711344
0.693967
0.708575
0.705554
1.006096
0.710682
0.704750
0.707837
1.017968
0.697295
0.708449
1.006049
0.999251
0.994029
0.996437
1.013199
1.012101
1.000923
1.021565
1.016292
1.326496
1.320027
1.025138
1.028942
1.333896
1.321918
1.312523
0.990778
1.002394
1.012986
1.000313
1.029239
1.024266
1.331379
1.012985
1.033936
1.040073
1.031437
1.326918
1.304477
1.328133
1.006150
1.009762
1.020002
1.027765
1.015026
1.012273
1.013311
1.003679
1.011092
1.013012
1.331715
1.329978
1.377272
1.350466
1.318217
1.324683
1.321150
1.330890
1.686469
1.656806
1.624773
1.297832
1.340939
1.016354
1.341896
1.009828
1.018325
1.009540
0.998406
1.011426
1.020252
1.011504
1.013633
1.011811
1.030635
1.007238
1.029286
1.349148
1.005779
1.012336
1.007189
1.012083
1.016405
1.312456
1.019338
1.026481
1.029619
1.006303
1.309075
1.005714
1.002436
1.002477
1.014671
1.041893
1.035584
1.023798
1.032145
1.006104
1.030105
1.024881
1.020566
1.002758
1.016513
0.706325
0.717424
0.722266
0.730885
1.047649
0.721656
0.718779
0.715885
0.711948
1.030015
1.046964
1.036327
1.009977
1.032677
1.015951
1.045354
1.008739
1.014812
1.013154
1.020203
1.027315
1.032745
1.350264
1.015270
1.019282
1.314500
1.313678
1.296661
1.008985
1.031142
1.058462
1.000125
1.020239
1.019351
1.020058
0.994132
1.020316
1.013804
0.703564
0.720980
0.718445
0.710313
0.716573
1.018137
0.689737
0.706225
1.024996
0.706628
1.025030
1.029509
1.019470
1.026988
0.713645
0.715795
1.023293
1.020493
1.022737
1.016824
1.019182
0.705924
1.024290
1.030619
1.028210
0.727215
0.720707
0.713440
0.713825
0.709086
0.707175
0.726438
0.714911
1.032920
1.025933
0.714231
0.720714
0.719120
0.727390
0.732188
0.729492
0.715926
0.724271
0.746316
1.021390
1.035525
1.035554
1.005117
1.035736
1.032250
0.707277
0.698522
0.701783
1.035224
1.039077
1.032892
0.712151
0.714390
0.713412
0.715068
0.713495
0.697894
0.692474
0.700385
0.688906
0.695402
0.699000
1.031388
0.708890
0.711641
0.712884
0.716337
0.699627
0.707879
0.706343
0.713039
0.720197
1.002680
0.733110
0.709759
0.712323
0.702391
0.709307
0.700192
0.699903
0.699609
0.706175
0.705707
0.714794
0.720675
0.721791
0.719486
0.718321
0.709856
0.710038
0.716327
1.029844
0.718347
0.717460
0.710722
1.034936
1.028065
1.021301
1.029006
1.026536
1.014415
1.012515
1.028839
0.713483
0.724408
0.714686
0.712770
0.727502
0.707381
0.715591
1.341374
1.301643
1.321457
1.317732
1.357122
1.332075
1.305788
1.315922
1.316052
1.324900
1.012711
1.317072
1.305359
1.027789
1.008197
0.987979
1.007907
1.006176
1.009896
1.005511
1.029905
1.029530
1.027927
1.033579
1.021739
1.031143
1.036600
0.770686
0.735057
0.779257
0.737133
0.725396
0.722516
1.026094
1.035710
0.997126
1.027407
1.036593
0.710799
0.690950
0.703107
0.693736
0.701485
0.702710
0.712910
1.011307
1.022559
0.716643
0.707880
1.022388
1.018747
1.026469
1.041184
1.031515
1.013878
1.028663
0.732026
1.030055
1.017218
1.022443
0.704418
0.717009
0.705967
1.066876
1.023799
1.012469
1.028659
1.021028
1.027215
0.711656
0.695774
0.712737
0.707862
0.713283
0.747638
0.721579
0.716048
0.712620
0.712099
0.722871
0.725621
0.701357
0.703170
0.710382
1.035930
1.027119
1.019108
1.000933
0.702458
0.699831
0.722256
0.709044
1.027241
1.017301
1.032303
1.030864
1.030135
1.030840
1.013180
0.999235
0.984753
1.008177
1.009040
1.026860
1.024544
1.032051
1.012981
0.712194
0.703882
0.696725
0.696806
0.703789
0.688814
0.713530
0.731442
0.704042
0.724622
1.029092
1.020034
1.012199
0.708333
0.710958
0.708174
0.712114
0.717497
0.713868
0.719236
0.725269
0.708058
0.713736
0.721495
0.715032
0.727351
0.704616
0.713232
0.709086
0.732211
0.719680
0.710619
0.700781
0.717900
0.695215
0.697819
0.714036
0.703337
0.719766
0.713507
0.720437
0.738654
0.733596
0.696767
0.717870
0.714471
0.719539
0.702042
0.734239
0.724986
0.718707
0.713073
0.720344
0.708187
0.692009
0.996584
1.021523
0.993067
1.026755
1.012224
0.702373
0.708977
0.720384
0.708046
0.720928
0.717126
0.698908
0.705032
0.708046
0.722862
0.721268
0.721462
0.725100
0.725352
0.725463
0.735097
0.728664
0.715710
0.724398
0.704459
0.713447
0.703735
0.709752
0.703908
0.708097
0.700457
0.699814
0.695794
0.703925
0.718354
0.702793
0.717922
1.028906
1.040757
0.709692
0.705223
0.691843
0.691029
0.689531
0.686778
0.706879
0.692680
0.714216
0.709729
0.718406
0.717745
0.703459
0.706235
1.021134
1.014949
1.008468
0.996717
1.089224
1.039040
1.023200
1.028322
1.016158
1.019138
1.020894
1.003892
1.017645
1.016471
0.988711
1.013478
1.028309
1.028536
1.008565
0.719582
1.023066
1.015742
1.022092
0.717763
0.724438
0.735310
0.746995
0.711320
0.707610
0.708296
0.705046
1.036905
0.708693
0.718390
0.704981
0.712055
0.693952
1.000692
0.693321
0.703470
1.013840
1.016035
1.020883
1.024713
1.035179
1.029631
1.024835
1.030066
1.038114
1.015918
1.003509
1.011366
1.000278
1.027697
0.702914
1.020253
0.706318
0.722510
0.722074
0.708787
0.708182
0.704933
0.711597
1.050471
1.011002
0.703638
0.708296
1.011985
0.705214
0.717900
0.702344
0.715307
0.712913
0.702858
0.705065
0.690067
0.688957
0.703829
0.703394
1.025173
1.017532
0.693351
0.706670
0.710852
0.725842
0.701457
0.714667
0.718476
0.707747
1.039405
1.021405
1.022886
1.048243
1.032441
1.036646
1.048381
1.060472
1.052366
1.040974
1.034072
1.027837
1.032166
0.711524
1.034312
1.065845
0.717416
1.030381
0.702397
0.720840
0.706057
0.724363
0.721457
0.700970
0.706981
0.716235
0.720477
0.708083
0.703816
0.712006
0.702882
0.709749
0.708925
0.704129
0.715326
0.701367
0.690944
0.712562
0.715483
0.722047
0.715862
0.717958
0.715463
0.711107
0.693933
0.701961
0.712627
0.726918
0.720625
0.713025
0.706115
0.700539
0.697714
0.698609
1.012697
0.707668
0.716019
0.699848
0.707480
0.702669
0.708146
0.708750
0.707403
0.697918
0.704351
0.711992
0.694556
0.688637
0.712570
0.687010
0.691421
0.698013
0.709010
0.704150
0.710518
0.706171
0.706631
0.707914
0.710623
0.708606
0.711390
1.030882
0.722434
1.015783
1.032009
0.701482
0.701469
0.697837
0.699569
0.715863
0.733084
0.708177
0.700031
0.707310
0.719674
0.721550
0.726242
0.727608
0.715883
0.702391
0.713318
0.721452
0.710641
0.713936
0.717201
0.716494
0.707969
0.721754
0.719208
0.706774
0.711570
0.712359
0.709885
0.716448
0.717359
0.699503
0.708115
0.703197
0.694400
0.708450
0.719006
0.707925
0.705437
0.698728
0.705192
0.701958
0.725788
0.709502
0.715715
0.713486
0.708060
0.710254
0.705909
0.710675
0.708471
0.721031
0.715260
0.695932
0.695822
0.700673
0.699332
0.690972
0.693611
0.710573
0.705099
0.707677
0.721446
0.714366
0.711342
0.704052
0.700961
0.690054
0.714929
0.709634
0.705569
0.705273
0.701078
0.699996
0.696234
0.708335
0.700416
0.700877
0.693514
0.713402
0.713748
0.712861
0.697053
0.710506
0.719612
0.716951
0.720129
0.714993
0.701867
0.715047
0.714631
0.717355
0.732148
0.710550
0.711463
0.707239
0.706454
0.705324
0.708859
0.705503
0.716265
0.701016
0.705806
0.700219
0.701976
0.705794
0.704332
0.718088
0.708351
0.709126
0.715442
0.701799
0.717564
0.709744
0.711324
0.700099
0.701119
0.694659
0.709882
0.715881
0.711862
0.700472
0.709858
0.704562
0.699876
0.714380
0.696819
0.718927
0.721203
0.709544
0.714833
0.722727
0.710650
0.704232
0.713480
0.710505
0.725569
0.700153
0.726646
0.705736
0.718456
0.710680
0.708943
0.714906
0.722393
0.713571
0.717729
0.714898
0.718588
0.704540
0.692730
1.034009
1.026292
0.704273
0.710349
0.732343
0.721434
0.720647
0.709616
0.691731
0.690693
0.691561
0.685764
0.697724
0.710005
0.712085
0.727081
0.711448
0.736670
0.725899
0.709046
0.723565
0.722334
0.727582
0.734467
0.722225
0.735848
0.723553
0.717936
0.722162
0.735650
0.722302
0.716754
0.705228
0.721926
0.714086
0.719889
0.730261
0.728483
0.724917
0.726064
0.732176
0.726792
0.722757
0.724107
0.737855
0.725776
0.721372
0.718236
0.722548
0.738202
0.719782
0.712842
0.710721
0.711376
