1.579575
1.585212
1.594426
1.558457
1.530885
1.623721
1.528060
1.536866
1.539315
1.538361
1.518899
1.623791
1.587164
1.563763
1.569956
1.525951
1.588286
1.557801
1.545351
1.533176
1.522114
1.519680
1.607210
1.574828
1.508384
1.589251
1.528485
1.578484
1.530185
1.520892
1.527118
1.517860
1.519872
1.574548
1.600735
1.596499
1.522714
1.534961
1.588154
1.517585
1.531193
1.571492
1.507933
1.674909
1.590444
1.562440
1.579275
1.531236
1.575164
1.535072
1.517062
1.527358
1.532381
1.522014
1.587986
1.684260
1.522796
1.581241
1.526239
1.599892
1.524967
1.529408
1.522662
1.519000
1.549515
1.583559
1.611213
1.577519
1.612304
1.528779
1.593938
1.551467
1.517000
1.525015
1.527376
1.588681
1.586106
1.558731
1.567769
1.527847
1.598057
1.514937
1.531890
1.548546
1.555491
1.526123
1.587866
1.581043
1.521003
1.570930
1.526597
1.581811
1.524054
1.529165
1.534415
1.523279
1.532147
1.584778
1.565481
1.517959
1.571537
1.531620
1.578485
1.533954
1.521032
1.527389
1.540455
1.583733
1.524177
1.621635
1.574670
1.523057
1.639032
1.522671
1.519142
1.531299
1.526209
1.517136
1.546538
1.583952
1.669222
1.585101
1.526407
1.580693
1.525031
1.519951
1.524065
1.530336
1.513949
1.580240
1.621508
1.518981
1.575489
1.525377
1.574391
1.513486
1.531035
1.526128
1.522912
1.558948
1.539806
1.572175
1.598754
1.614127
1.525243
1.590512
1.518526
1.520948
1.540591
1.517966
1.618683
1.587223
1.607422
1.599787
1.520580
1.565348
1.554641
1.532610
1.520502
1.521131
1.530347
1.618443
1.589531
1.570334
1.598876
1.512065
1.606614
1.528559
1.535847
1.537509
1.527249
1.530084
1.603279
1.573841
1.605525
1.612116
1.523896
1.577532
1.520742
1.525233
1.522179
1.541696
1.604049
1.575197
1.592613
1.596995
1.534309
1.602769
1.507250
1.524230
1.526697
1.522033
1.526147
1.606349
1.621798
1.509919
1.569668
1.574781
1.568118
1.528334
1.515898
1.527758
1.546775
1.533002
1.585091
1.580976
1.506904
1.565254
1.528261
1.567286
1.550441
1.558914
1.526097
1.524439
1.560837
1.554827
1.577472
1.702442
1.522375
1.582251
1.535843
1.529984
1.520846
1.529189
1.528066
1.590928
1.569863
1.569973
1.581931
1.534064
1.569691
1.539613
1.574292
1.517907
1.522757
1.541642
1.618357
1.580574
1.565094
1.563728
1.520155
1.598548
1.519782
1.522037
1.548695
1.522067
1.532231
1.586621
1.581097
1.565766
1.563088
1.653789
1.525620
1.536381
1.514846
1.520083
1.539565
1.601514
1.566770
1.569340
1.565436
1.556636
1.597972
1.522612
1.529470
1.524969
1.521175
1.531228
1.587950
1.601793
1.508473
1.580912
1.529000
1.589856
1.558694
1.553038
1.517693
1.539816
1.666463
1.634561
1.588553
1.574234
1.547435
1.599319
1.526647
1.528408
1.533411
1.540508
1.524691
1.579370
1.649497
1.677416
1.559413
1.552073
1.615319
1.527487
1.520270
1.521061
1.530833
1.528102
1.584528
1.589327
1.510392
1.559815
1.538896
1.583000
1.536001
1.546575
1.540514
1.520986
1.668661
1.518425
1.619249
1.751068
1.541278
1.596430
1.527117
1.530171
1.520924
1.532450
1.524103
1.591516
1.569624
1.671996
1.557828
1.569793
1.584635
1.526027
1.533225
1.524397
1.530302
1.638983
1.625613
1.572545
1.578903
1.529075
1.519229
1.589965
1.518742
1.546823
1.559167
1.522130
1.535662
1.583429
1.577256
1.574752
1.555227
1.570399
1.520208
1.538798
1.526330
1.528103
1.533552
1.591931
1.568574
1.578346
1.569700
1.527983
1.571962
1.538320
1.549431
1.563299
1.502905
1.522101
1.594419
1.583374
1.518709
1.574202
1.526206
1.563103
1.519902
1.530245
1.514657
1.530200
1.567015
1.600579
1.603077
1.566238
1.512001
1.651620
1.522041
1.513604
1.529005
1.546125
1.531864
1.570415
1.577482
1.560736
1.580496
1.530105
1.585392
1.556602
1.539797
1.506861
1.521020
1.523720
1.621731
1.587843
1.559777
1.567609
1.530876
1.574511
1.547502
1.528477
1.528235
1.525220
1.548575
1.592319
1.578114
1.582409
1.532021
1.527480
1.591970
1.515706
1.526350
1.534486
1.521100
1.537516
1.583227
1.591931
2.489504
2.486086
1.663361
1.653314
1.641219
1.648882
1.641469
1.687379
1.730361
1.698288
1.637682
1.697300
1.629376
1.632519
1.644065
1.632811
1.634701
1.697390
1.728967
1.688879
1.649463
1.696016
1.673410
1.656026
1.634945
1.642850
1.653930
1.690073
1.704443
1.679929
1.644669
1.691017
1.680618
1.642467
1.655177
1.663053
1.658274
1.631713
1.696244
1.696907
1.685081
1.705215
1.629988
1.636549
1.650979
1.645794
1.700378
1.638794
1.682840
1.694001
1.687320
1.735923
1.644628
1.639973
1.670545
1.638611
1.638696
1.530659
1.567806
1.605064
1.571637
1.577197
1.526114
1.520082
1.522140
1.525299
1.520177
1.588797
1.582766
1.529078
1.581267
1.580192
1.595489
1.513985
1.535614
1.531586
1.520097
1.532517
1.610403
1.592659
1.528788
1.590977
1.575607
1.575596
1.556730
1.527530
1.523216
1.535660
1.566198
1.574630
1.610071
1.600507
1.583375
1.585580
1.542219
1.542817
1.508740
1.566597
1.515146
1.605365
1.612689
1.585272
1.570782
1.571770
1.594699
1.525363
1.524465
1.540749
1.528295
1.528408
1.602225
1.565738
1.525662
1.846376
1.531506
1.670255
1.537135
1.542684
1.540650
1.524029
1.549079
1.623564
1.615243
1.573167
1.557135
1.572280
1.510410
1.511080
1.520028
1.518126
1.530860
1.606094
1.616650
1.534424
1.591969
1.577435
1.606007
1.546632
1.547905
1.533417
1.529486
1.555808
1.585719
1.585777
1.581616
1.573634
1.616536
1.555545
1.526350
1.543328
1.534362
1.529427
1.619663
1.585038
1.574316
1.591293
1.553615
1.574731
1.543413
1.526441
1.527607
1.540519
1.532282
1.585966
1.588605
1.583616
1.570375
1.556865
1.577997
1.544884
1.540582
1.540536
1.528237
1.552873
1.623076
1.571413
1.587449
1.512729
1.589653
1.541801
1.532132
1.534564
1.535519
1.532436
1.553678
1.662138
1.602625
1.586683
1.533094
1.597017
1.547345
1.560910
1.524879
1.522032
1.617284
1.616893
1.595315
1.676138
1.688628
1.548250
1.683103
1.534767
1.524052
1.568694
1.529815
1.669942
1.593192
1.583503
1.668683
1.556557
1.573393
1.511116
1.556612
1.511243
1.528412
1.545652
1.598733
1.589631
1.567486
1.702903
1.513481
1.580856
1.575037
1.517772
1.554914
1.521126
1.660473
1.523489
1.572152
1.566139
1.531957
1.581350
1.538200
1.540538
1.526206
1.523612
1.529476
1.597793
1.548400
1.582065
1.578187
1.593008
1.584125
1.532156
1.528337
1.541578
1.509878
1.547705
1.552663
1.602836
1.561673
1.842374
1.536885
1.667784
1.538574
1.583430
1.528516
1.518046
1.609985
1.579840
1.600708
1.581748
1.524001
1.604013
1.523038
1.529825
1.535195
1.527515
1.529794
1.599834
1.603913
1.565218
1.600029
1.540670
1.584295
1.532852
1.521998
1.526181
1.538624
1.613901
1.602920
1.595031
1.612197
1.529244
1.597261
1.529855
1.522105
1.529243
1.525261
1.535353
1.599213
1.584451
1.682872
1.595360
1.523567
1.611629
1.529119
1.531399
1.532507
1.544567
1.531382
1.561451
1.603226
1.570044
1.837203
1.689352
1.531670
1.531500
1.537556
1.535379
1.545839
1.554029
1.558200
1.690388
1.585686
1.529039
1.580851
1.567966
1.523110
1.536568
1.537728
1.530142
1.543906
1.583851
1.574616
1.579382
1.552462
1.575372
1.527035
1.539313
1.528229
1.547505
1.592187
1.586446
1.609199
1.582341
1.538749
1.582607
1.561543
1.550734
1.531793
1.521031
1.576716
1.625026
1.585577
1.561286
1.664200
1.523764
1.605314
1.542482
1.572104
1.521854
1.542047
1.594774
1.587810
1.573954
1.788319
1.531589
1.530249
1.704265
1.525922
1.526341
1.540666
1.530206
1.558748
1.580659
1.670502
1.611287
1.538526
1.566664
1.543148
1.554756
1.520042
1.552185
1.537044
1.589830
1.581876
1.577317
1.563479
1.559841
1.584700
1.524145
1.539322
1.545579
1.526228
1.537307
1.593000
1.577020
1.565244
1.579316
1.589161
1.538252
1.566891
1.533364
1.523138
1.537581
1.622228
1.597451
1.619364
1.580308
1.534011
1.627259
1.518261
1.536403
1.535614
1.544422
1.529701
1.600128
1.584478
1.562061
1.852067
1.516434
1.700771
1.533473
1.527817
1.528467
1.542312
1.607223
1.641603
1.576338
1.599876
1.529320
1.584925
1.528873
1.529483
1.562029
1.521073
1.535058
1.588157
1.566100
1.566510
1.585343
1.523688
1.585863
1.536889
1.530162
1.525256
1.538535
1.662641
1.579177
1.573534
1.582410
1.547651
1.597214
1.531041
1.536562
1.546631
1.524130
1.533563
1.608399
1.582086
1.702633
1.591849
1.534996
1.567436
1.559648
1.521073
1.540646
1.537620
1.545587
1.581871
1.578103
1.584638
1.829098
1.684208
1.527894
1.526368
1.534327
1.525610
1.527238
1.576199
1.579866
1.665449
1.578412
1.534786
1.579791
1.538065
1.548858
1.540442
1.563534
1.554250
1.572417
1.750562
1.660616
1.737618
1.643825
1.556750
1.513963
1.531284
1.530147
1.517175
1.682953
1.592288
1.560099
1.582288
1.539909
1.585183
1.537087
1.548713
1.518408
1.541952
1.546465
1.595942
1.582836
1.578408
1.574424
1.534215
1.575667
1.523920
1.538641
1.545363
1.551888
1.545612
1.582972
1.567873
1.582818
1.526704
1.610418
1.556741
1.523180
1.527793
1.539641
1.517097
1.594095
1.665057
1.585045
1.595670
1.533702
1.579307
1.533181
1.535633
1.527154
1.529350
1.542400
1.593199
1.603780
1.579429
1.586668
1.518964
1.585843
1.531053
1.547748
1.537575
1.536358
1.536388
1.578026
1.567831
1.576507
1.525071
1.631377
1.566024
1.531825
1.534052
1.529256
1.527246
1.566976
1.653452
1.576436
1.558152
1.520953
1.594088
1.530807
1.529082
1.532501
1.517853
1.530432
1.607153
1.594051
1.582303
1.578195
1.545632
1.567304
1.536790
1.574156
1.509924
1.524077
1.548350
1.559248
1.583342
1.584352
1.517175
1.676511
1.525069
1.531346
1.537225
1.532407
1.525301
1.601019
1.579786
1.694900
1.586144
1.520504
1.573952
1.563934
1.518699
1.523384
1.537659
1.539495
1.597523
1.584129
1.578439
1.582980
1.538193
1.570528
1.547563
1.546749
1.527301
1.529055
1.529260
1.591983
1.584090
1.587384
1.548509
1.576747
1.533259
1.528170
1.534367
1.538520
1.527149
1.596207
1.575116
1.809491
1.577138
1.537147
1.601983
1.532054
1.531511
1.540619
1.527998
1.546531
1.565328
1.581298
1.574335
1.831745
1.528131
1.700844
1.519636
1.531191
1.536512
1.530232
1.603201
1.644639
1.584006
1.574262
1.529006
1.568396
1.528893
1.558900
1.520082
1.528470
1.533703
1.590013
1.585415
1.585459
1.571176
1.537118
1.596279
1.525040
1.520004
1.547791
1.525208
1.527225
1.587046
1.574881
1.582041
1.551742
1.655627
1.527614
1.536337
1.542415
1.521250
1.560818
1.635869
1.603370
1.658291
1.566206
1.526682
1.591623
1.525664
1.530283
1.541670
1.535282
1.528038
1.591920
1.588487
1.588496
1.562099
1.542954
1.581170
1.536703
1.528486
1.538559
1.529321
1.530258
1.588607
1.607108
1.570150
1.534959
1.585602
1.550323
1.538759
1.548540
1.531504
1.531175
1.581497
1.614854
1.563472
1.585099
1.530983
1.575781
1.520774
1.522251
1.516993
1.542702
1.539069
1.626078
1.646019
1.589480
1.587647
1.576684
1.587150
1.533833
1.531026
1.512839
1.519155
1.602814
1.627365
1.568810
1.565174
1.524718
1.578141
1.536049
1.547732
1.525526
1.527292
1.538376
1.610478
1.570707
1.665506
1.584563
1.557378
1.571246
1.540368
1.543490
1.532295
1.528288
1.542635
1.580507
1.573133
1.564458
1.813555
1.533903
1.587875
1.549409
1.531231
1.552326
1.515574
1.530046
1.579713
1.696915
1.564623
1.559032
1.590289
1.529177
1.565891
1.525566
1.526344
1.520801
1.592787
1.571165
1.566532
1.558579
1.515574
1.609467
1.504225
1.511427
1.521446
1.532347
1.596425
1.698593
1.584133
1.604106
1.528393
1.676531
1.514683
1.527266
1.532483
1.536477
1.538527
1.579345
1.605816
1.672347
1.578115
1.532431
1.589232
1.528420
1.509544
1.561112
1.524590
1.536447
1.627734
1.579848
1.572386
1.582673
1.554658
1.576702
1.530424
1.530528
1.528253
1.559746
1.543396
1.575202
1.600150
1.570181
1.531572
1.588649
1.524907
1.527256
1.535521
1.544587
1.540664
1.590049
1.559871
1.773576
1.584965
1.553455
1.570184
1.533227
1.534343
1.531346
1.555989
1.536073
1.566495
1.591869
1.793779
1.615100
1.535934
1.685403
1.558853
1.531240
1.531904
1.531723
1.602031
1.569639
1.804337
1.596332
1.555639
1.559742
1.541309
1.532849
1.528217
1.536286
1.523908
1.586681
1.601180
1.556797
1.853444
1.639658
1.528525
1.532209
1.535599
1.533952
1.530274
1.570179
1.580637
1.659347
1.614223
1.526326
1.591416
1.535020
1.524002
1.529232
1.528060
1.529046
1.651095
1.588397
1.566574
1.592663
1.532102
1.579326
1.520863
1.544684
1.499121
1.516962
1.545358
1.602255
1.561056
1.573492
1.501972
1.671094
1.539854
1.527919
1.555761
1.544779
1.529549
1.606425
1.616014
1.669764
1.560084
1.540967
1.558097
1.549061
1.543721
1.539323
1.507862
1.573027
1.585096
1.567842
1.570727
1.554967
1.518509
1.577068
1.527878
1.525202
1.535366
1.518817
1.528128
1.626169
1.548535
1.577606
1.547931
1.633878
1.531923
1.532191
1.518862
1.529342
1.531573
1.564053
1.561676
1.586179
1.581482
1.548727
1.613755
1.525140
1.519973
1.546686
1.524119
1.518189
1.568144
1.577626
1.560154
1.576132
1.500291
1.574134
1.543889
1.517636
1.518878
1.522375
1.524051
1.548725
1.588113
1.548187
1.836498
1.675713
1.521731
1.525919
1.535517
1.522721
1.528362
1.537847
1.577600
1.568133
1.594243
1.517912
1.593050
1.525780
1.523603
1.528608
1.531147
1.526265
1.593685
1.579733
1.598017
1.590301
1.533737
1.590885
1.544276
1.540613
1.528187
1.527230
1.534320
1.569295
1.580917
1.618703
1.595802
1.515476
1.580156
1.531922
1.528078
1.538351
1.525194
1.547924
1.569776
1.673288
1.603327
1.559307
1.587735
1.548443
1.558830
1.526257
1.525040
1.541623
1.599789
1.571455
1.590644
1.663413
1.543324
1.569274
1.522652
1.542104
1.544044
1.527582
1.544577
1.616347
1.582337
1.558518
1.532655
1.647006
1.508767
1.529152
1.535627
1.553799
1.545342
1.719827
1.567899
1.578191
1.565078
1.552695
1.580001
1.546944
1.566250
1.530379
1.521859
1.508942
1.582436
2.456122
2.366391
1.681900
1.737044
1.647754
1.641105
1.638087
1.636228
1.726654
1.759354
1.712480
1.682425
1.702111
1.634813
1.634618
1.638311
1.623037
1.641481
1.741143
1.690092
1.687804
1.682470
1.672674
1.522950
1.533191
1.528085
1.525261
1.530122
1.562017
1.622185
1.685705
1.585824
1.524578
1.566605
1.529075
1.505234
1.542122
1.515048
1.529146
1.580992
1.572903
1.558377
1.572482
1.515156
1.578131
1.527066
1.523150
1.524034
1.554757
1.513006
1.643059
1.586763
1.559470
1.693589
1.590753
1.544475
1.549763
1.539406
1.528139
1.531381
1.552263
1.562087
1.719791
1.570434
1.521567
1.589890
1.531563
1.517805
1.522834
1.528168
1.522242
1.567178
1.649633
1.555756
1.569439
1.520828
1.568051
1.537453
1.551836
1.511654
1.522107
1.540551
1.633894
1.561584
1.580184
1.521264
1.670669
1.523600
1.524000
1.527208
1.539163
1.524297
1.555829
1.568445
1.572136
1.565194
1.534665
1.582933
1.550434
1.548797
1.520020
1.520540
1.568703
1.564497
1.590240
1.572120
1.586672
1.530423
1.599087
1.524934
1.520921
1.538249
1.526318
1.528109
1.608993
1.573228
1.570943
1.704411
1.642810
1.527846
1.547673
1.529374
1.542603
1.533349
1.634079
1.616633
1.561044
1.573366
1.545956
1.608643
1.530064
1.523985
1.547414
1.526105
1.532593
1.580909
1.713768
1.560665
1.826345
1.533438
1.676868
1.533991
1.531120
1.525224
1.536341
1.542675
1.573592
1.579179
1.567428
1.516574
1.592439
1.547168
1.522230
1.542280
1.526735
1.530203
1.603732
1.582108
1.564120
1.609733
1.543638
1.593810
1.543772
1.550863
1.519002
1.538680
1.538475
1.591818
1.608484
1.569352
1.617241
1.670328
1.557212
1.581444
1.524201
1.529629
1.537266
1.724127
1.564866
1.573523
1.580243
1.519621
1.565009
1.562851
1.532434
1.524849
1.531876
1.527908
1.606503
1.586370
1.564662
1.565302
1.555159
1.588214
1.528015
1.547739
1.536523
1.527199
1.573368
1.620400
1.574950
1.571701
1.521283
1.575816
1.539729
1.526318
1.530408
1.536135
1.542611
1.569009
1.599138
1.569238
1.574154
1.538929
1.580037
1.547522
1.533279
1.536820
1.535425
1.541133
1.593774
1.586275
1.619272
1.573240
1.554965
1.593800
1.531113
1.524148
1.546795
1.532277
1.531508
1.608917
1.578033
1.565497
1.546413
1.563805
1.529428
1.536648
1.518026
1.518984
1.541427
1.602050
1.535468
1.796487
1.566996
1.549031
1.585977
1.535267
1.529100
1.530508
1.523975
1.528988
1.629979
1.584964
1.576151
1.703374
1.521371
1.575243
1.551095
1.519210
1.523731
1.549456
1.547105
1.577919
1.592615
1.565634
1.521138
1.591440
1.550212
1.548694
1.539410
1.528182
1.539590
1.558781
1.581594
1.580603
1.572239
1.522324
1.587579
1.534881
1.530097
1.526975
1.538387
1.524768
1.600380
1.589134
1.568314
1.564064
1.571201
1.566145
1.527734
1.534031
1.530335
1.529207
1.558752
1.621187
1.565396
1.576632
1.538377
1.575532
1.540260
1.532379
1.528167
1.534234
1.538422
1.559685
1.577653
1.656086
1.574959
1.529715
1.589933
1.555356
1.521704
1.522802
1.532339
1.538102
1.644992
1.577358
1.568944
1.569870
1.548860
1.579150
1.530595
1.522731
1.541503
1.527109
1.534343
1.579476
1.576990
1.583718
1.519343
1.611828
1.525451
1.536397
1.536492
1.525016
1.536298
1.561723
1.578105
1.799083
1.567916
1.538061
1.580061
1.521740
1.537193
1.547701
1.508374
1.527051
1.610202
1.580782
1.571436
1.585316
1.541826
1.570486
1.566051
1.529189
1.535306
1.531814
1.522848
1.585792
1.581249
1.557933
1.532619
1.589757
1.523692
1.528397
1.540364
1.528835
1.529411
1.606107
1.577047
1.680972
1.583317
1.535231
1.577645
1.558172
1.515361
1.510975
1.532443
1.511721
1.588939
1.572940
1.564380
1.566759
1.522814
1.579002
1.549716
1.547041
1.533942
1.526643
1.540090
1.611416
1.570011
1.583889
1.514472
1.535808
1.701619
1.525473
1.530289
1.528865
1.524084
1.583171
1.590542
1.702848
1.603489
1.547261
1.575451
1.515184
1.605187
1.529080
1.554825
1.595792
1.660393
1.594576
1.762520
1.513681
1.681209
1.563269
1.566154
1.507383
1.574224
1.550977
1.586357
1.606145
1.563852
1.606039
1.530249
1.567186
1.519207
1.535413
1.521752
1.513612
1.541365
1.584622
1.712314
1.570705
1.846702
1.517058
1.624300
1.520923
1.519052
1.557433
1.520906
1.640921
1.593878
1.802777
1.602752
1.540066
1.629770
1.510624
1.514776
1.524894
1.543305
1.522090
1.604302
1.585795
1.585210
1.837339
1.524704
1.696262
1.547403
1.527036
1.569806
1.529337
1.600115
1.608788
1.576282
1.564124
1.533428
1.600569
1.526419
1.553657
1.527141
1.528098
1.543824
1.588866
1.616370
1.592685
1.561837
1.558433
1.591998
1.530127
1.520382
1.531278
1.532081
1.526865
1.592193
1.597663
1.583216
1.564457
1.568607
1.531409
1.546060
1.546335
1.541257
1.541159
1.616004
1.587534
1.684037
1.609968
1.529447
1.585217
1.534879
1.531309
1.540405
1.528397
1.528910
1.599915
1.568430
1.562733
1.842626
1.531577
1.696030
1.529113
1.525006
1.530406
1.542418
1.557738
1.599291
1.652675
1.585842
1.526597
1.589904
1.520815
1.534274
1.542271
1.536786
1.543332
1.595314
1.572785
1.569323
1.580945
1.551779
1.581982
1.534145
1.531439
1.530062
1.536458
1.542260
1.570326
1.587312
1.562856
1.522233
1.671317
1.545737
1.552710
1.535218
1.524975
1.529299
1.553581
1.579230
1.768958
1.588874
1.521226
1.572428
1.563299
1.521285
1.523635
1.536790
1.533367
1.603189
1.615550
1.578128
1.824172
1.529551
1.687466
1.532048
1.531375
1.538523
1.529227
1.610277
1.571364
1.714425
1.587935
1.520666
1.576616
1.556819
1.556680
1.534418
1.538464
1.539566
1.584579
1.603107
1.734402
1.738602
1.675877
1.550056
1.546591
1.568492
1.526826
1.530461
1.555910
1.629698
1.658889
1.603414
1.519881
1.575806
1.539464
1.562824
1.512258
1.530773
1.525672
1.594863
1.584914
1.742393
1.766706
1.633365
1.532301
1.537306
1.582209
1.518141
1.516932
1.596750
1.618436
1.702998
1.574715
1.549362
1.572038
1.543538
1.534213
1.545558
1.524380
1.520006
1.611007
1.579238
1.561982
1.718207
1.533654
1.574466
1.526958
1.532963
1.531918
1.528172
1.609948
1.551069
1.578550
1.585066
1.526892
1.618493
1.549827
1.508528
1.540588
1.546015
1.533997
1.609535
1.616980
1.623675
1.573255
1.555867
1.602907
1.519060
1.528477
1.516295
1.529220
1.564062
1.611498
1.571256
1.749542
1.544288
1.684700
1.525434
1.539435
1.536442
1.547493
1.577485
1.601812
1.642561
1.738905
1.571546
1.559835
1.588627
1.549695
1.532152
1.515825
1.611276
1.554921
1.617804
1.570605
1.752101
1.539912
1.572842
1.537037
1.545094
1.514025
1.569066
1.513762
1.607727
1.610582
1.591736
1.681579
1.591771
1.560891
1.542422
1.564044
1.525312
1.570540
1.529858
1.600026
1.589627
1.594080
1.771165
1.629252
1.547588
1.535420
1.532339
1.538155
1.549566
1.584465
1.626450
1.582722
1.564176
1.530008
1.585822
1.525628
1.535226
1.525704
1.524517
1.543572
1.593904
1.575144
1.578395
1.582077
1.551530
1.605323
1.526104
1.539537
1.541616
1.530379
1.526892
1.596312
1.569087
1.573347
1.544840
1.645626
1.531004
1.532188
1.539286
1.574302
1.533323
1.543772
1.591725
1.772581
1.571359
1.524070
1.583774
1.524036
1.546923
1.524994
1.584350
1.554460
1.583605
1.572023
1.692253
1.748081
1.643023
1.521795
1.542021
1.526286
1.531043
1.537291
1.641358
1.628560
1.574863
1.636749
1.522268
1.620605
1.512082
1.513771
1.603082
1.510571
1.550381
1.653629
1.612760
1.626636
1.733960
1.676400
1.545143
1.547226
1.547928
1.515656
1.549882
1.625619
1.570097
1.700810
1.603691
1.527728
1.589836
1.522733
1.527059
1.530932
1.522457
1.524760
1.602524
1.573734
1.583277
1.848818
1.528524
1.689356
1.557628
1.519113
1.549377
1.532327
1.541738
1.732297
1.669249
1.566947
1.528108
1.589750
1.547511
1.537211
1.560369
1.534098
1.533114
1.571208
1.603014
1.553784
1.862654
1.661954
1.533606
1.532051
1.519817
1.527138
1.531319
1.605283
1.577623
1.674657
1.563888
1.555075
1.584794
1.523650
1.528225
1.541437
1.527001
1.530119
1.608309
1.592818
1.580511
1.582102
1.518713
1.580277
1.531692
1.544537
1.544975
1.526350
1.523136
1.576452
1.579348
1.587160
1.530774
1.632765
1.516740
1.530184
1.538479
1.523384
1.527021
1.540137
1.559224
1.584429
1.586593
1.524028
1.573595
1.556334
1.536426
1.523811
1.541442
1.523713
1.599119
1.573989
1.557103
1.579850
1.526947
1.616600
1.528107
1.542433
1.524178
1.530365
1.543620
1.601150
1.573216
1.626647
1.617569
1.523723
1.710988
1.546496
1.527941
1.550726
1.527114
1.553620
1.577226
1.777955
1.577032
1.539894
1.581409
1.531988
1.541548
1.532364
1.525208
1.547611
1.576609
1.637155
1.627321
1.726290
1.723503
1.529316
1.515874
1.532308
1.522281
1.547778
1.634755
1.644954
1.636669
1.619241
1.554878
1.597026
1.510179
1.563746
1.515680
1.577741
1.587462
1.609218
1.602969
1.680478
1.647159
1.635112
1.525706
1.583839
1.511730
1.521085
1.520121
1.562847
1.698588
1.573341
1.592201
1.544279
1.577488
1.531519
1.534367
1.526159
1.518110
1.552884
1.615503
1.588226
1.568339
1.614067
1.538764
1.617542
1.543156
1.528400
1.553527
1.515084
1.582631
1.594604
1.570119
1.601923
1.559637
1.568500
1.517628
1.565992
1.546847
1.524144
1.543948
1.651491
1.561402
1.605290
1.579773
1.553551
1.587587
1.524807
1.530214
1.541474
1.524194
1.516161
1.579581
1.604951
1.564424
1.719658
1.537614
1.575357
1.564581
1.512379
1.528032
1.541408
1.542086
1.578348
1.610044
1.605580
1.522771
1.590205
1.518479
1.530278
1.514745
1.512663
1.538188
1.569159
1.565948
1.598699
1.563251
1.526825
1.581802
1.563764
1.528300
1.526066
1.548725
1.527147
1.585983
1.574435
1.592556
1.820416
1.545725
1.673009
1.534965
1.536648
1.537627
1.528924
1.605449
1.581655
1.798723
1.648354
1.517848
1.564936
1.511288
1.512489
1.510669
1.526917
1.568098
1.572636
1.598480
1.617515
1.859756
1.635475
1.520239
1.512632
1.530928
1.517860
1.568452
1.636856
1.623399
1.595662
1.587393
1.530519
1.567467
1.541163
1.556008
1.554850
1.550000
1.513500
1.587993
1.653852
1.559521
1.712742
1.549240
1.591925
1.551696
1.529410
1.507886
1.514982
1.656040
1.542889
1.601544
1.596502
1.518902
1.567216
1.570183
1.514862
1.537731
1.530148
1.599631
1.603285
1.612929
1.568591
1.616194
1.521573
1.584051
1.522947
1.518081
1.545830
1.517034
1.583395
1.622813
1.586211
1.607521
1.629076
1.641613
1.516732
1.532541
1.536576
1.526125
1.541543
1.557934
1.627762
1.677912
1.599708
1.528009
1.599384
1.511271
1.531261
1.516266
1.517096
1.546701
1.591988
1.608242
1.617298
1.599008
1.573606
1.605928
1.559918
1.529096
1.523992
1.546648
1.569008
1.627699
1.570327
1.582147
1.546805
1.568593
1.521484
1.560229
1.503909
1.572726
1.559045
1.618282
1.590069
1.588469
1.587257
1.548254
1.580428
1.531345
1.525803
1.578089
1.510506
1.533715
1.597496
1.575440
1.614706
1.755948
1.644748
1.547347
1.530655
1.528189
1.520100
1.531152
1.600504
1.654298
1.696037
1.589589
1.530983
1.593350
1.528846
1.534688
1.546549
1.526315
1.534212
1.602498
1.569756
1.574136
1.824586
1.537073
1.663375
1.529006
1.525152
1.523220
1.540559
1.596676
1.561150
1.599440
1.584910
1.529082
1.587618
1.526925
1.525150
1.535623
1.533428
1.524727
1.607552
1.598745
1.571445
1.587424
1.550514
1.561351
1.546081
1.532179
1.533212
1.544507
1.536157
1.584888
1.616749
1.617478
1.527240
1.680804
1.527078
1.535303
1.528110
1.531560
1.524117
1.624727
1.571352
1.776393
1.593573
1.524971
1.574563
1.536372
1.547818
1.542817
1.541540
1.528322
1.592711
1.595803
1.682810
1.743240
1.661336
1.527427
1.532381
1.534378
1.529455
1.526365
1.599715
1.562142
1.682505
1.581603
1.529701
1.575620
1.542012
1.555839
1.522148
1.545317
1.528712
1.587731
1.588282
1.568306
1.603777
1.536871
1.580305
1.553506
1.537172
1.530383
1.540810
1.546369
1.602351
1.570535
1.604251
1.533165
1.563999
1.531783
1.526512
1.536919
1.534253
1.533430
1.563892
1.687149
1.568844
1.584282
1.543471
1.571425
1.527351
1.535115
1.530192
1.534584
1.531018
1.718139
1.567925
1.605952
1.842732
1.515989
1.669686
1.522083
1.528211
1.533017
1.521822
1.613234
1.541296
1.734064
1.580043
1.577246
1.588622
1.506664
1.542911
1.533802
1.533170
1.563798
1.594398
1.603382
1.587746
1.707040
1.525405
1.584281
1.522682
1.529145
1.541681
1.528374
1.524385
1.600271
1.574185
1.577046
1.569095
1.575597
1.530181
1.549500
1.520104
1.524270
1.531320
1.609335
1.777390
1.804058
1.662806
1.588031
1.622108
1.579475
1.583242
1.599642
1.587100
1.611131
1.623631
1.725897
1.618721
1.597853
1.745584
1.727899
1.579355
1.638886
1.621784
1.601673
1.577840
1.609055
1.607633
1.520075
1.619153
1.542605
1.523874
1.543588
1.535234
1.523069
1.595677
1.632650
1.621123
1.585809
1.516252
1.584740
1.521040
1.624521
1.518300
1.522146
1.620433
1.594837
1.588453
1.637795
1.501359
1.603264
1.520181
1.554288
1.514968
1.540636
1.535131
1.631807
1.689230
1.604928
1.585841
1.567345
1.605061
1.542271
1.557761
1.535395
1.532466
1.564945
1.602499
1.628544
1.598488
1.746867
1.585037
1.534557
1.530395
1.533279
1.529386
1.528480
1.546405
1.576584
1.771088
1.563263
1.552554
1.566240
1.534760
1.534093
1.528246
1.526273
1.534444
1.588114
1.565016
1.626170
1.714870
1.525126
1.577938
1.529743
1.537655
1.539404
1.532221
1.632968
1.545004
1.571122
1.558914
1.531543
1.580013
1.524933
1.525863
1.521901
1.522054
1.538470
1.596932
1.560437
1.717711
1.579104
1.553647
1.598943
1.537323
1.526379
1.519161
1.538503
1.599859
1.639233
1.693848
1.748185
1.570687
1.565459
1.530872
1.544944
1.500613
1.538064
1.555121
1.618788
1.693527
1.596187
1.558590
1.560698
1.573177
1.559293
1.556631
1.520087
1.521385
1.563984
1.656105
1.641675
1.608593
1.693070
1.601440
1.584077
1.599149
1.512700
1.526407
1.533527
1.564953
1.606279
1.727759
1.568535
1.524631
1.583772
1.571940
1.541497
1.556749
1.529082
1.558047
1.573226
1.664748
1.617454
1.693564
1.635774
1.539280
1.551881
1.540742
1.527106
1.567100
1.611299
1.652675
1.622893
1.576906
1.549694
1.596963
1.518224
1.568093
1.534262
1.556975
1.563608
1.596229
1.628697
1.585521
1.726810
1.651034
1.532555
1.556612
1.553922
1.541687
1.562083
1.593789
1.572583
1.675048
1.583116
1.530118
1.583060
1.539137
1.533433
1.533394
1.529282
1.530253
1.579073
1.574839
1.564908
1.581071
1.533427
1.586533
1.540210
1.541508
1.505306
1.551787
1.553823
1.595062
1.607041
1.581031
1.529024
1.589106
1.524828
1.522315
1.537569
1.544859
1.522280
1.608926
1.600121
1.577386
1.585097
1.530726
1.578306
1.532887
1.567251
1.534419
1.546396
1.544303
1.590903
1.583121
1.569437
1.575417
1.570612
1.583974
1.532145
1.539693
1.524056
1.530257
1.543274
1.569639
1.592595
1.587022
1.546976
1.586162
1.515593
1.516753
1.532938
1.530995
1.523876
1.601339
1.580389
1.772398
1.578939
1.535909
1.605154
1.532938
1.552948
1.527219
1.540565
1.535363
1.588792
1.573866
1.785941
1.613442
1.526625
1.681375
1.525879
1.550126
1.564470
1.520930
1.578270
1.658220
1.777836
1.565929
1.536059
1.582097
1.532921
1.535431
1.536169
1.528251
1.545610
1.599987
1.603526
1.620259
1.587039
1.541316
1.619254
1.534128
1.550765
1.541074
1.555903
1.613187
1.568787
1.615405
1.602860
1.563590
1.589008
1.546138
1.543582
1.540427
1.550827
1.552547
1.642179
1.606006
1.612522
1.589598
1.545011
1.599768
1.548595
1.557980
1.541501
1.547459
1.561170
1.659886
1.602702
1.594721
1.553599
1.598116
1.546337
1.545582
1.546829
1.541381
1.545508
1.618491
1.600766
1.601688
1.599838
1.541213
1.614904
1.534473
1.538476
1.539825
1.539616
1.555983
1.633604
1.607980
1.593599
1.546319
1.615601
1.542053
1.547508
1.536410
1.544634
1.559697
1.632897
1.611748
1.618162
1.598685
1.539011
1.600681
1.535225
1.547832
1.548839
1.529767
1.547686
1.752575
1.622086
1.701052
1.554396
1.606100
1.569976
1.585435
1.539277
1.622385
1.554583
1.641064
1.597916
1.705849
1.616213
1.540280
1.598554
1.549673
1.550728
1.552641
1.540255
1.543824
1.631491
1.598341
1.598614
1.554571
1.589855
1.544296
1.542390
1.539709
1.544640
1.549355
1.638154
1.598045
1.611018
1.603114
1.545950
1.603878
1.540141
1.537248
1.552635
1.554741
1.544691
1.615341
1.610834
1.613230
1.719928
1.658032
1.539068
1.540794
1.545409
1.541496
1.541438
1.632686
1.635317
1.627801
1.602647
1.536105
1.640641
1.537881
1.554559
1.539239
1.547034
1.535722
1.650990
1.632569
1.681809
1.637608
1.607105
1.532728
1.574220
1.520899
1.544432
1.553688
1.607871
1.614283
1.623848
1.595553
1.545484
1.589709
1.551672
1.537505
1.556916
1.532112
1.558718
1.722597
1.599634
1.593783
1.634116
1.642216
1.553328
1.563833
1.536558
1.549874
1.555717
1.632918
1.590093
1.690391
1.593248
1.526919
1.604934
1.536285
1.539762
1.575958
1.541086
1.642948
1.561823
1.607045
1.594955
1.645580
1.631897
1.537908
1.550690
1.550755
1.541450
1.533232
1.621745
1.595777
1.713119
1.595682
1.551360
1.586188
1.547269
1.540581
1.538036
1.545556
1.554827
1.595781
1.612895
1.584976
1.720454
1.655269
1.540568
1.551690
1.548690
1.543263
1.530384
1.602935
1.602930
1.575166
1.564243
1.556437
1.577075
1.528572
1.528329
1.545623
1.534288
1.529062
1.581175
1.582956
1.558027
1.582071
1.527886
1.573609
1.545548
1.531247
1.527432
1.532360
1.531117
1.582800
1.584533
1.617318
1.530588
1.538637
1.676286
1.517153
1.540008
1.531518
1.525797
1.624361
1.625436
1.583637
1.579044
1.530218
1.578753
1.528793
1.530413
1.519193
1.535264
1.528114
1.575788
1.569823
1.591393
1.586870
1.537773
1.578641
1.525328
1.540627
1.532245
1.558110
1.603110
1.577349
1.576380
1.583477
1.521754
1.663363
1.525066
1.525366
1.516533
1.534530
1.516092
1.615250
1.678943
1.599033
1.619327
1.516638
1.567247
1.553981
1.529851
1.524781
1.529482
1.543134
1.590988
1.578759
1.574584
1.604689
1.507544
1.588751
1.539165
1.526609
1.545500
1.554408
1.564225
1.621052
1.578478
1.575767
1.559583
1.601305
1.524229
1.521780
1.525230
1.529073
1.535574
1.630532
1.581266
1.576903
1.584085
1.548837
1.572181
1.545581
1.562548
1.540664
1.527928
1.530950
1.618471
1.599374
1.563699
1.698906
1.560033
1.587023
1.524340
1.525018
1.531638
1.539191
1.540238
1.573201
1.600686
1.570779
1.528415
1.595589
1.526772
1.549087
1.549825
1.535528
1.527873
1.597954
1.573259
1.600562
1.630608
1.526892
1.571754
1.545358
1.527286
1.525200
1.537046
1.676148
1.576193
1.586419
1.578164
1.687030
1.645274
1.524911
1.528120
1.538704
1.510863
1.514788
1.602879
1.528225
1.744083
1.598361
1.530020
1.575565
1.557549
1.521065
1.534576
1.531165
1.539331
1.568224
1.594981
1.571233
1.567159
1.539719
1.583250
1.524845
1.529288
1.522795
1.534588
1.551815
1.598920
1.664567
1.596181
1.533806
1.586738
1.532249
1.558915
1.528221
1.542284
1.523181
1.594260
1.610206
1.578340
1.579712
1.540022
1.575876
1.530087
1.525434
1.523990
1.532535
1.521146
1.585896
1.574460
1.570672
1.578806
1.516828
1.575454
1.519918
1.520942
1.543426
1.520072
1.527329
1.578351
1.668131
1.607132
1.527757
1.648828
1.550570
1.540372
1.511959
1.526049
1.539522
1.587857
1.513533
1.765173
1.570943
1.543665
1.610505
1.519500
1.516550
1.540589
1.520010
1.529167
1.590024
1.570615
1.577563
1.594434
1.521857
1.577653
1.553723
1.526244
1.525250
1.529366
1.567203
1.624841
1.589810
1.567226
1.537394
1.593029
1.502903
1.521021
1.521529
1.518918
1.525244
1.605951
1.514848
1.590635
1.596170
1.503636
1.558088
1.528290
1.519885
1.518019
1.533483
1.519740
1.593780
1.576116
1.581276
1.569416
1.515697
1.577533
1.514995
1.552406
1.515574
1.519737
1.528382
1.583955
1.581951
1.639176
1.728389
1.675435
1.542019
1.516033
1.525989
1.534351
1.527471
1.660087
1.613365
1.725304
1.556860
1.543177
1.566294
1.560062
1.514463
1.507687
1.518608
1.525385
1.580630
1.575347
1.521931
1.569971
1.523947
1.588873
1.521474
1.549590
1.520932
1.519848
1.531023
1.579383
1.686361
1.568337
1.537857
1.588482
1.538477
1.539528
1.530330
1.523703
1.531364
1.591939
1.607725
1.805624
1.582213
1.534289
1.573402
1.509086
1.533910
1.538813
1.527113
1.511815
1.561259
1.668740
1.522230
1.710537
1.545552
1.591857
1.526950
1.537197
1.531551
1.536443
1.591777
1.522932
1.587379
1.594301
1.528994
1.585864
1.527035
1.530301
1.526890
1.528157
1.528385
1.624867
1.557320
1.676892
1.591018
1.525716
1.575380
1.534511
1.548353
1.549999
1.541738
1.534110
1.593056
1.576262
1.781100
1.525360
1.685210
1.526823
1.546843
1.541616
1.532256
1.539673
1.599956
1.629172
1.675326
1.591750
1.527117
1.574651
1.533199
1.529301
1.527215
1.549690
1.532314
1.587032
1.580955
1.761328
1.744494
1.658609
1.527994
1.525252
1.532348
1.524665
1.519887
1.582751
1.562097
1.572261
1.596076
1.523014
1.596920
1.547756
1.508645
1.512028
1.523495
1.522503
1.572259
1.620089
1.558195
1.570452
1.547091
1.586165
1.549063
1.530544
1.515023
1.551716
1.672764
1.586025
1.550891
1.617193
1.546102
1.646308
1.551001
1.547824
1.507840
1.549923
1.541620
1.596939
1.620434
1.604810
1.588032
1.531811
1.573182
1.550145
1.539351
1.527073
1.522260
1.534256
1.590941
1.603669
1.603776
1.568720
1.523623
1.589079
1.555769
1.538209
1.537620
1.533501
1.516499
1.578850
1.575835
1.583041
1.533090
1.577959
1.547411
1.559885
1.550055
1.529201
1.528490
1.608050
1.592394
1.681784
1.575314
1.550711
1.578357
1.537823
1.524091
1.546821
1.526220
1.539543
1.603115
1.586704
1.570320
1.815054
1.529006
1.582955
1.531002
1.513882
1.511980
1.523951
1.569494
1.551999
1.580446
1.580972
1.525944
1.599126
1.528045
1.527258
1.540337
1.525193
1.526318
1.614665
1.593381
1.586015
1.576347
1.528990
1.596872
1.539569
1.528252
1.525217
1.528173
1.525076
1.584141
1.611710
1.641343
1.747210
1.637906
1.572389
1.527223
1.532021
1.523947
1.529427
1.612771
1.627238
1.682479
1.575885
1.530231
1.572236
1.539410
1.535293
1.590079
1.524831
1.520257
1.566172
1.588457
1.570337
1.822447
1.529729
1.568390
1.532332
1.530655
1.533315
1.525013
1.622812
1.513062
1.679112
1.584355
1.537963
1.580157
1.545940
1.528294
1.537552
1.533377
1.528286
1.585690
1.571704
1.568087
1.561993
1.535997
1.575497
1.522654
1.550040
1.527493
1.526972
1.543607
1.620496
1.589160
1.579225
1.736849
1.645269
1.533743
1.524884
1.516973
1.531141
1.525145
1.589846
1.545152
1.590351
1.584258
1.573979
1.637223
1.512423
1.538206
1.535956
1.540725
1.533419
1.591021
1.580803
1.585390
1.610868
1.529581
1.580538
1.526621
1.536209
1.543105
1.528583
1.519200
1.570410
1.574796
1.606032
1.536046
1.669716
1.554691
1.525316
1.526869
1.532036
1.531864
1.604091
1.575120
1.669866
1.558913
1.543215
1.588399
1.518713
1.536768
1.540998
1.526320
1.541414
1.584275
1.573198
1.578431
1.603860
1.545507
1.591076
1.547026
1.558189
1.530521
1.518624
1.618748
1.581377
1.588974
1.609625
1.525924
1.603597
1.524500
1.524773
1.534449
1.552841
1.555967
1.583356
1.609474
1.695092
1.596057
1.537131
1.572127
1.534985
1.525267
1.528321
1.533499
1.543490
1.598864
1.593875
1.592225
1.749793
1.651508
1.524779
1.529360
1.533289
1.516986
1.517975
1.590753
1.612304
1.693100
1.592385
1.521056
1.579683
1.551748
1.541568
1.549915
1.520357
1.516386
1.589795
1.609790
1.581145
1.570363
1.535378
1.571017
1.539383
1.537224
1.525317
1.522045
1.544424
1.606521
1.593727
1.579818
1.528765
1.574277
1.534443
1.521899
1.531573
1.552819
1.554813
1.596154
1.638213
1.578413
1.578305
1.532321
1.579974
1.522832
1.542684
1.548753
1.541118
1.543812
1.588982
1.574191
1.618190
1.575473
1.523643
1.574712
1.527118
1.517021
1.539624
1.523086
1.580031
1.611617
1.569105
1.567057
1.534938
1.594761
1.523530
1.536096
1.511253
1.513919
1.527339
1.543688
1.564129
1.578548
1.579024
1.564160
1.604178
1.519304
1.530265
1.541348
1.534377
1.527263
1.631694
1.575607
1.570718
1.599937
1.590656
1.572042
1.528739
1.529921
1.548996
1.548919
1.585340
1.730161
1.571752
1.580664
1.536632
1.633976
1.513846
1.513849
1.544897
1.522478
1.529183
1.627840
1.590904
1.606950
1.576281
1.551035
1.567116
1.524495
1.517677
1.526620
1.554235
1.520166
1.587390
1.609255
1.595064
1.835329
1.698078
1.507090
1.510760
1.549266
1.538043
1.532924
1.623506
1.586165
1.677970
1.571770
1.515744
1.569735
1.567398
1.520215
1.531121
1.533657
1.532402
1.596106
1.598520
1.608789
1.577281
1.537004
1.574557
1.534224
1.544749
1.529313
1.537667
1.597837
1.563806
1.567976
1.584743
1.528473
1.580833
1.555184
1.551877
1.527155
1.545422
1.524356
1.581615
1.618774
1.667308
1.561923
1.539038
1.579678
1.541156
1.558780
1.543090
1.539092
1.555826
1.581273
1.601194
1.677350
1.588271
1.526551
1.578237
1.530148
1.533190
1.534083
1.529225
1.547796
1.579374
1.594050
1.562585
1.549240
1.579476
1.525037
1.549878
1.527278
1.538454
1.535590
1.640313
1.578488
1.572071
1.574928
1.527416
1.583813
1.523848
1.519024
1.555885
1.552932
1.522986
1.586365
1.574611
1.676796
1.761227
1.652362
1.523791
1.539624
1.531273
1.534266
1.528408
1.593974
1.584471
1.764093
1.574166
1.551314
1.613216
1.532224
1.530568
1.532106
1.534464
1.549760
1.584183
1.586872
1.566106
1.851981
1.537161
1.685066
1.534406
1.529343
1.534162
1.543856
1.599077
1.622415
1.584134
1.560415
1.561163
1.583465
1.531190
1.525812
1.533998
1.533457
1.599038
1.595665
1.575416
1.565913
1.590484
1.525114
1.598276
1.533333
1.539316
1.557528
1.539420
1.583885
1.593465
1.607899
1.575865
1.542096
1.585305
1.560661
1.542606
1.522892
1.539363
1.512979
1.592839
1.561471
1.666372
1.587859
1.524925
1.581722
1.559867
1.528443
1.530043
1.532255
1.530470
1.583636
1.616243
1.786498
1.611816
1.700821
1.528961
1.532376
1.548642
1.531077
1.523319
1.588721
1.643282
1.680849
1.580502
1.539847
1.600999
1.536255
1.518699
1.537742
1.526777
1.540346
1.576244
1.597347
1.559701
1.577771
1.538487
1.583021
1.537216
1.527033
1.529266
1.525894
1.597325
1.575228
1.569647
1.601797
1.518953
1.578356
1.546568
1.531249
1.529338
1.545679
1.523214
1.585789
1.615953
1.690140
1.594363
1.531801
1.589928
1.527571
1.524436
1.529317
1.518048
1.525732
1.605511
1.580413
1.594678
1.831287
1.531255
1.691244
1.532362
1.533432
1.540537
1.531368
1.602367
1.622340
1.574579
1.622238
1.569675
1.568255
1.540523
1.534890
1.538897
1.526979
1.554437
1.582468
1.590885
1.535291
1.629244
1.549272
1.580000
1.520526
1.542076
1.533045
1.535274
1.603883
1.582898
1.556265
1.594358
1.644784
1.679687
1.510721
1.540770
1.532770
1.530081
1.546572
1.652083
1.574552
1.587365
1.612607
1.521412
1.585894
1.566093
1.549592
1.550960
1.536351
1.548630
1.733366
1.573944
1.871400
1.623093
1.583352
1.542974
1.600343
1.519672
1.522912
1.537926
1.594989
1.579104
1.572462
1.640111
1.525709
1.583477
1.563702
1.534619
1.546531
1.517937
1.649525
1.540103
1.585610
1.580079
1.612252
1.572811
1.516240
1.544830
1.555839
1.548999
1.551590
1.600098
1.603846
1.581261
1.630710
1.693617
1.571667
1.519841
1.536004
1.543339
1.532078
1.595582
1.824286
1.585722
1.574521
1.652240
1.610668
1.625706
1.577877
1.510735
1.535034
1.538751
1.613149
1.593921
1.578954
1.631922
1.581208
1.605929
1.532726
1.528352
1.536473
1.534295
1.525070
1.597105
1.579384
1.579164
1.630422
1.715104
1.529919
1.556738
1.528533
1.529587
1.526818
1.638160
1.595141
1.574512
1.649852
1.595693
1.589247
1.531797
1.584326
1.533890
1.541562
1.650176
1.872995
1.588838
1.571681
1.607657
1.579325
1.525076
1.525320
1.515119
1.529549
1.556141
1.601013
1.645761
1.567298
1.613972
1.836391
1.593812
1.516303
1.527576
1.544903
1.551456
1.587487
1.694974
1.613665
1.601330
1.538107
1.583528
1.534042
1.545786
1.527207
1.528226
1.537094
1.595114
1.612522
1.772030
1.599825
1.531888
1.586906
1.536244
1.529306
1.544682
1.525221
1.537344
1.590627
1.574412
1.508628
1.597473
1.515004
1.582609
1.549127
1.535672
1.517840
1.552578
1.656558
1.535539
1.701637
1.600831
1.628268
1.599906
1.514753
1.508960
1.525742
1.506752
1.509901
1.617181
1.607227
1.571453
1.575788
1.553856
1.574236
1.553027
1.536594
1.529966
1.539403
1.621669
1.603851
1.611724
1.604714
1.528597
1.584022
1.532879
1.542775
1.531983
1.524920
1.554942
1.753716
1.686381
1.570049
1.577614
1.535024
1.580717
1.561522
1.553945
1.532365
1.557717
1.539451
1.600241
1.601541
1.518840
1.571885
1.578902
1.624231
1.515190
1.538218
1.526675
1.522943
1.572427
1.752887
1.746025
1.610763
1.525116
1.583614
1.533342
1.525455
1.530053
1.544583
1.512682
1.601097
1.580360
1.520624
1.567735
1.551807
1.596024
1.531198
1.532320
1.525198
1.532604
1.569034
1.582592
1.572224
1.587222
1.524043
1.620293
1.538784
1.534588
1.538752
1.537588
1.537433
1.561728
1.605655
1.734552
1.571822
1.549539
1.581487
1.529905
1.556105
1.539292
1.516043
1.563613
1.582116
1.608073
1.622752
1.577520
1.533131
1.602049
1.555724
1.532430
1.543270
1.539518
1.554914
1.609255
1.560930
1.581106
1.539059
1.582711
1.524745
1.560930
1.557813
1.535753
1.545468
1.606354
1.590015
1.582547
1.595293
1.524346
1.588427
1.535257
1.524860
1.538256
1.519869
1.527114
1.598024
1.567863
1.591735
1.575960
1.556655
1.587334
1.532765
1.531450
1.527302
1.553869
1.654403
1.564751
1.585149
1.582178
1.544391
1.598887
1.524618
1.523451
1.529129
1.528223
1.529539
1.588291
1.582482
1.568861
1.587906
1.533405
1.583668
1.542143
1.522874
1.527422
1.544085
1.580359
1.605441
1.599807
1.562458
1.565446
1.528976
1.609614
1.529943
1.543195
1.527129
1.531178
1.619656
1.571262
1.559106
1.581166
1.537310
1.575490
1.563619
1.556035
1.525272
1.545679
1.528004
1.579494
1.585327
1.586813
1.562916
1.536860
1.581096
1.528886
1.540226
1.524395
1.518057
1.555432
1.594565
1.583700
1.544326
1.575712
1.565646
1.600003
1.521473
1.528960
1.545592
1.519358
1.621584
1.575376
1.567092
1.597541
1.548768
1.580745
1.522265
1.537286
1.533412
1.536250
1.541789
1.602723
1.589376
1.593574
1.571402
1.553228
1.643537
1.521660
1.524955
1.536118
1.525863
1.547634
1.619000
1.580324
1.511735
1.606795
1.558118
1.571922
1.537442
1.529091
1.526002
1.539271
1.569098
1.592570
1.582102
1.563925
1.529936
1.644189
1.532654
1.519855
1.538267
1.535474
1.527025
1.579611
1.629939
1.780820
1.576328
1.527072
1.581983
1.553025
1.549900
1.536074
1.525343
1.620612
1.518516
1.586141
1.587342
1.513873
1.633694
1.536494
1.545597
1.542427
1.547659
1.529241
1.608184
1.577004
1.683712
1.567959
1.521783
1.582453
1.547884
1.520447
1.511868
1.563009
1.563212
1.577526
1.595539
1.559499
1.618090
1.577048
1.583173
1.523494
1.540596
1.542421
1.528219
1.626459
1.699262
1.571699
1.579528
1.558519
1.583024
1.580668
1.550616
1.533138
1.553846
1.514928
1.606504
1.604228
1.564447
1.573639
1.538899
1.603830
1.558308
1.546229
1.553729
1.525241
1.576804
1.649098
1.608618
1.578803
1.534066
1.601078
1.541479
1.541634
1.531262
1.528356
1.523098
1.638340
1.602181
1.785526
1.565908
1.559707
1.576714
1.533292
1.539544
1.531093
1.532358
1.565937
1.595369
1.580532
1.523755
1.586326
1.556537
1.593330
1.528085
1.535258
1.535406
1.539677
1.605720
1.617395
1.574107
1.578009
1.546644
1.576211
1.525017
1.545755
1.540695
1.530338
1.592133
1.600534
1.760865
1.544276
1.577024
1.536091
1.599934
1.532058
1.529286
1.531911
1.563186
1.654494
1.607684
1.576166
1.558590
1.541280
1.585007
1.543295
1.556811
1.560934
1.520104
1.540164
1.663371
1.623708
1.576461
1.575253
1.524263
1.594167
1.546553
1.529272
1.541783
1.533588
1.533357
1.701911
1.682477
1.539649
1.610428
1.558603
1.605593
1.538278
1.524848
1.531663
1.548755
1.613372
1.613489
1.762065
1.564996
1.555052
1.584463
1.529793
1.531308
1.545788
1.527269
1.540328
1.636244
1.808873
1.508437
1.617985
1.553651
1.608973
1.528114
1.532161
1.526132
1.540347
1.640485
1.586388
1.561978
1.563267
1.537243
1.589335
1.531892
1.527005
1.550747
1.534629
1.531154
1.623857
1.574276
1.556900
1.599743
1.525726
1.610976
1.534125
1.525132
1.526765
1.529444
1.530316
1.629315
1.610168
1.810933
1.541347
1.591462
1.545642
1.529122
1.519897
1.509417
1.518864
1.612287
1.570114
1.688234
1.570991
1.540905
1.565776
1.556459
1.535397
1.527908
1.533200
1.538624
1.595460
1.584737
1.601036
1.584137
1.544397
1.583785
1.551305
1.537684
1.534169
1.531805
1.585830
1.617084
1.595444
1.576597
1.530509
1.579772
1.543240
1.529168
1.530231
1.537423
1.527202
1.599247
1.690998
1.540841
1.574079
1.550152
1.591164
1.528664
1.551773
1.524047
1.544217
1.595024
1.603911
1.578332
1.567166
1.572944
1.534262
1.597999
1.530088
1.522335
1.541409
1.527380
1.653790
1.725183
1.679154
1.573886
1.551092
1.585056
1.532163
1.538361
1.539787
1.553974
1.553590
1.590561
1.579426
1.582624
1.561009
1.545917
1.613058
1.516415
1.550358
1.566806
1.510464
1.567985
1.683089
1.569146
1.575461
1.545027
1.583365
1.523653
1.543560
1.527268
1.524113
1.556781
1.696888
1.579338
1.579646
1.572816
1.532190
1.587842
1.533013
1.533447
1.544455
1.538557
1.614132
1.878702
1.584636
1.560713
1.541887
1.615787
1.529704
1.539591
1.525074
1.531151
1.557037
1.626315
1.598631
1.570455
1.572215
1.530044
1.593567
1.548369
1.567089
1.529209
1.531096
1.511698
1.605325
1.558280
1.572758
1.588198
1.525724
1.602075
1.542766
1.535295
1.536493
1.521923
1.646035
1.782319
1.570573
1.572192
1.541130
1.596686
1.527788
1.528194
1.549547
1.550867
1.530419
1.607740
1.579306
1.566547
1.583423
1.547525
1.581907
1.528189
1.516621
1.518207
1.541180
1.541145
1.595948
1.580324
1.522704
1.570592
1.548293
1.608230
1.530665
1.542291
1.524150
1.531389
1.699800
1.690954
1.577329
1.589561
1.531006
1.575747
1.565896
1.524950
1.525151
1.536097
1.531116
1.638086
1.678008
1.527720
1.577066
1.537377
1.579710
1.524073
1.529522
1.526219
1.520094
1.594856
1.608691
1.581719
1.619474
1.542134
1.639637
1.562385
1.520982
1.530714
1.535573
1.521977
1.628653
1.603433
1.565343
1.574928
1.543756
1.585620
1.530115
1.541552
1.526262
1.528120
1.541627
1.704903
1.600964
1.653977
1.566491
1.517587
1.574307
1.518771
1.511944
1.519058
1.521205
1.581325
1.646491
1.580876
1.574543
1.547932
1.578755
1.526968
1.547238
1.529055
1.539518
1.535464
1.643260
1.774747
1.562927
1.566488
1.531764
1.608690
1.532020
1.529123
1.567113
1.541542
1.586426
1.694838
1.561984
1.583009
1.520986
1.633457
1.549837
1.522538
1.554051
1.534027
1.535244
1.740118
1.689532
1.574329
1.587517
1.514874
1.585652
1.537492
1.527066
1.528861
1.549570
1.599579
1.643878
1.618618
1.800734
1.556107
1.590872
1.531688
1.544573
1.532028
1.535880
1.553590
1.705689
1.924329
1.528277
1.576548
1.563217
1.608888
1.529918
1.527716
1.555483
1.533670
1.619509
1.591455
1.560051
1.575831
1.549078
1.588977
1.556354
1.544583
1.555854
1.521681
1.530097
1.644889
1.675043
1.565993
1.577473
1.556483
1.588698
1.545060
1.527369
1.541013
1.560890
1.532486
1.655599
1.683545
1.592450
1.541346
1.682691
1.524813
1.534181
1.525062
1.526250
1.537481
1.627498
1.698255
1.570324
1.579198
1.533308
1.591730
1.552360
1.532473
1.532130
1.529492
1.533252
1.824489
1.576993
1.508338
1.584412
1.530757
1.594165
1.527548
1.517845
1.535754
1.545365
1.676880
1.615973
1.686290
1.567723
1.552864
1.599321
1.528400
1.539711
1.528887
1.536692
1.529964
1.634141
1.660505
1.730529
1.582771
1.541695
1.575675
1.565888
1.521897
1.540939
1.546040
1.604089
1.574958
1.574447
1.570988
1.539353
1.582264
1.562321
1.529224
1.535556
1.531478
1.531951
1.620198
1.583993
1.771812
1.566449
1.530043
1.619078
1.530024
1.527906
1.532933
1.541611
1.549694
1.769626
1.570859
1.574683
1.527870
1.613490
1.532415
1.530356
1.538629
1.521774
1.527260
1.647289
1.595812
1.575413
1.583154
1.535349
1.587569
1.567905
1.516994
1.547713
1.539844
1.531368
1.604214
1.636570
1.513944
1.572162
1.549330
1.605098
1.565319
1.528138
1.519002
1.529011
1.580285
1.590733
1.591205
1.590748
1.521218
1.582681
1.554473
1.591652
1.509929
1.535461
1.531542
1.636993
1.594582
1.572837
1.594592
1.547688
1.578131
1.541325
1.587035
1.537925
1.520889
1.694739
1.626506
1.628424
1.598212
1.554114
1.631903
1.531839
1.537930
1.541043
1.539441
1.533058
1.640388
1.602308
1.611538
1.576133
1.534641
1.588937
1.546428
1.549102
1.520096
1.524031
1.721663
1.698378
1.573179
1.646930
1.537041
1.538198
1.716842
1.550061
1.518891
1.549536
1.541368
1.604299
1.611541
1.669215
1.585256
1.563806
1.574462
1.528181
1.536293
1.521278
1.534381
1.639726
1.638222
1.591409
1.548641
1.581364
1.530308
1.592065
1.535189
1.542686
1.544676
1.560842
1.599046
1.625468
1.813720
1.579105
1.558146
1.583022
1.573208
1.548939
1.532068
1.537261
1.560000
1.590153
1.592619
1.525911
1.571653
1.550966
1.620228
1.531747
1.525478
1.541306
1.548684
1.627733
1.523417
1.581289
1.563876
1.560295
1.582616
1.530594
1.540786
1.534147
1.529292
1.544735
1.593136
1.551205
1.672838
1.620091
1.535893
1.586782
1.526152
1.529289
1.547497
1.552947
1.616267
1.675834
1.600710
1.659991
1.547254
1.665594
1.549452
1.539235
1.527169
1.536588
1.531435
1.588729
1.591287
1.700360
1.577107
1.529837
1.579729
1.578070
1.525092
1.543623
1.528322
1.540371
1.614228
1.571866
1.704837
1.564552
1.523428
1.623189
1.519722
1.529766
1.552055
1.586310
1.602556
1.580461
1.586425
1.581323
1.526118
1.606028
1.545532
1.531359
1.542362
1.534706
1.532081
1.599730
1.598937
1.560974
1.573996
1.530164
1.585137
1.536683
1.544404
1.549453
1.515571
1.572915
1.587680
1.602122
1.645550
1.531036
1.532203
1.690201
1.535352
1.546364
1.540643
1.537665
1.621575
1.656163
1.563261
1.568340
1.529081
1.591789
1.562680
1.514750
1.543423
1.534258
1.528939
1.591827
1.582177
1.576564
1.571304
1.558402
1.590548
1.518007
1.553687
1.525209
1.558232
1.606024
1.710079
1.570326
1.566694
1.531707
1.570027
1.536922
1.530251
1.523220
1.529284
1.524055
1.627914
1.578262
1.568471
1.553437
1.553755
1.589085
1.520663
1.524585
1.527286
1.517282
1.613592
1.669050
1.593244
1.577559
1.588319
1.566633
1.575481
1.531113
1.541452
1.521097
1.501383
1.614836
1.573904
1.580759
1.552648
1.506639
1.591343
1.547648
1.550404
1.522942
1.517062
1.544442
1.645026
1.728687
1.574524
1.572285
1.612066
1.606319
1.556689
1.535424
1.581347
1.532554
1.648444
1.594754
1.580076
1.608719
1.547469
1.567511
1.557859
1.532469
1.517318
1.559998
1.571237
1.608206
1.568996
1.578693
1.580226
1.522295
1.590364
1.533917
1.525337
1.544679
1.525512
1.540544
1.581712
1.587888
1.625714
1.570563
1.525680
1.637920
1.540302
1.561123
1.521171
1.543594
1.727926
1.668555
1.573486
1.584604
1.519990
1.583851
1.555475
1.566870
1.535377
1.518040
1.595502
1.613758
1.557484
1.603563
1.576177
1.576334
1.596028
1.544469
1.544443
1.536664
1.554416
1.605269
1.562965
1.593907
1.576921
1.524806
1.605950
1.527682
1.528076
1.590610
1.546445
1.520010
1.607602
1.601823
1.559192
1.602259
1.531119
1.580838
1.544459
1.521074
1.522825
1.542613
1.551914
1.599072
1.583840
1.518969
1.573713
1.535272
1.594916
1.532089
1.542439
1.527015
1.535300
1.579399
1.566162
1.582699
1.584702
1.540504
1.620437
1.539233
1.531321
1.533619
1.544206
1.522291
1.631215
1.632899
1.665407
1.598399
1.534305
1.576174
1.527064
1.548830
1.522190
1.550778
1.572154
1.578246
1.592753
1.575699
1.574755
1.541741
1.582644
1.533399
1.527053
1.535175
1.533533
1.663743
1.748328
1.562060
1.575138
1.550061
1.577973
1.516793
1.544264
1.534763
1.527359
1.550671
1.582625
1.593258
1.571320
1.598771
1.541985
1.606928
1.521751
1.527340
1.537925
1.583555
1.529122
1.587769
1.584314
1.603080
1.536740
1.531505
1.681362
1.543193
1.528181
1.529224
1.537166
1.611628
1.599940
1.774948
1.565564
1.550562
1.585132
1.529095
1.548785
1.545377
1.538591
1.538472
1.603819
1.607022
1.523806
1.578709
1.553391
1.587950
1.550349
1.529281
1.530463
1.541878
1.659394
1.575054
1.588956
1.568224
1.536025
1.596604
1.532046
1.537459
1.540421
1.529403
1.530349
1.600362
1.596638
1.545028
1.581694
1.537272
1.575895
1.535097
1.520140
1.540655
1.590341
1.605766
1.618586
1.624374
1.691897
1.517086
1.512550
1.674144
1.508654
1.527174
1.521978
1.526582
1.611880
1.646969
1.849882
1.570025
1.525268
1.638053
1.532392
1.562966
1.529392
1.598713
1.588495
1.580249
1.650612
1.560877
1.547313
1.720553
1.561180
1.515083
1.543867
1.532083
1.520968
1.696095
1.607005
1.593198
1.616537
1.550514
1.594197
1.528161
1.623363
1.519334
1.523833
1.570919
1.671592
1.608110
1.604780
1.546182
1.731245
1.520834
1.536740
1.530965
1.513907
1.522103
1.620181
1.663233
1.561316
1.601889
1.543871
1.581528
1.586772
1.572561
1.540715
1.533742
1.570013
1.642045
1.636951
1.509198
1.585271
1.535795
1.592501
1.529253
1.557561
1.566225
1.499590
1.683543
1.717381
1.701606
1.606561
1.538481
1.591342
1.559657
1.522905
1.558991
1.529856
1.543721
1.577267
1.638927
1.638803
1.580582
1.550621
1.617988
1.523918
1.540083
1.523980
1.555037
1.755582
1.599104
1.687367
1.597359
1.565553
1.589620
1.562210
1.557258
1.517046
1.553705
1.547396
1.684581
1.603576
1.566232
1.580010
1.535332
1.605144
1.552814
1.551451
1.525375
1.541677
1.604265
1.597568
1.567635
1.592547
1.540419
1.578530
1.536185
1.552595
1.535586
1.542624
1.525268
1.593048
1.594968
1.513891
1.571265
1.546378
1.580554
1.534246
1.532283
1.529327
1.523119
1.562888
1.558864
1.575225
1.536313
1.581139
1.605755
1.595603
1.530097
1.525207
1.537345
1.522099
1.633735
1.518971
1.574572
1.576890
1.587890
1.576127
1.522941
1.528868
1.526466
1.530174
1.542576
1.597106
1.584158
1.541808
1.587837
1.757707
1.575037
1.532976
1.533544
1.521865
1.513688
1.553769
1.611975
1.579902
1.646091
1.582246
1.532353
1.604400
1.522978
1.526444
1.557361
1.542826
1.560961
1.578207
1.599867
1.582273
1.574652
1.657188
1.551515
1.508810
1.551742
1.537036
1.548695
1.597754
1.571678
1.530799
1.615062
1.565144
1.580641
1.565546
1.513549
1.551654
1.545559
1.561122
1.579553
1.579191
1.575892
1.732485
1.582553
1.555397
1.509278
1.552642
1.514784
1.543321
1.614677
1.566352
1.535535
1.604550
1.584761
1.574563
1.549985
1.552939
1.520883
1.515035
1.590656
1.588766
1.591396
1.585490
1.781624
1.620589
1.540086
1.590553
1.547648
1.511155
1.525057
1.638170
1.610152
1.533708
1.594803
1.781603
1.578218
1.544521
1.528301
1.532473
1.535453
1.540474
1.573602
1.584431
1.636786
1.700964
1.680213
1.523852
1.516986
1.534600
1.564018
1.538685
1.622668
1.528076
1.629563
1.591958
1.573510
1.578604
1.560758
1.530982
1.530299
1.535470
1.533470
1.594803
1.587678
1.561026
1.592947
1.770502
1.585450
1.537128
1.537535
1.550867
1.532358
1.556931
1.577599
1.576999
1.600166
1.572473
1.585737
1.526368
1.529563
1.526268
1.535639
1.527165
1.592942
1.575441
1.529007
1.607713
1.627152
1.578359
1.536287
1.535471
1.517024
1.542760
1.590251
1.544687
1.584998
1.671335
1.581156
1.522258
1.612151
1.532168
1.532175
1.530545
1.539657
1.591867
1.527148
1.595725
1.579668
1.595824
1.603633
1.536484
1.533374
1.527211
1.533482
1.555755
1.588620
1.577822
1.538493
1.586763
1.574271
1.622186
1.537321
1.529391
1.547701
1.526261
1.647944
1.525133
1.560190
1.585431
1.597054
1.664985
1.537943
1.528341
1.538511
1.582239
1.532472
1.586564
1.600711
1.551697
1.579732
1.563741
1.609801
1.515727
1.525751
1.534457
1.532446
1.517980
1.587139
1.598762
1.516691
1.582864
1.761060
1.580917
1.572064
1.517950
1.531500
1.551616
1.591858
1.516020
1.604033
1.583422
1.580399
1.586705
1.550321
1.523950
1.538295
1.533135
1.527072
1.609157
1.582232
1.524023
1.595810
1.575473
1.580767
1.536444
1.536594
1.553662
1.564189
1.527006
1.596369
1.571080
1.640402
1.677588
1.562051
1.722057
1.524689
1.592916
1.523810
1.530247
1.583449
1.612103
1.557219
1.595594
1.528669
1.606213
1.541439
1.545572
1.524274
1.617165
1.528235
1.597365
1.585103
1.517750
1.568741
1.566842
1.588762
1.528097
1.535316
1.530503
1.526527
1.560964
1.588608
1.574050
1.583594
1.523493
1.605443
1.526859
1.531769
1.511749
1.540204
1.541251
1.603943
1.604662
1.676407
1.590816
1.555609
1.570946
1.579483
1.586299
1.527518
1.532519
1.571312
1.623716
1.619654
1.669209
1.533137
1.537973
1.611050
1.509816
1.535380
1.541648
1.520144
1.623615
1.587550
1.594845
1.655428
1.563590
1.601074
1.546008
1.546742
1.553038
1.518288
1.584539
1.600047
1.578413
1.563858
1.586767
1.545463
1.578781
1.535478
1.565278
1.532404
1.518218
1.599897
1.697548
1.769734
1.612252
1.558493
1.619363
1.514841
1.533897
1.526290
1.519149
1.600105
1.569110
1.635305
1.518596
1.605724
1.546696
1.572657
1.551355
1.531465
1.525325
1.551068
1.580265
1.584097
1.559872
1.574488
1.544152
1.526150
1.667250
1.550556
1.527284
1.533159
1.536242
1.602054
1.647354
1.645237
1.576360
1.553345
1.587019
1.530145
1.527389
1.531001
1.528349
1.534672
1.616736
1.570124
1.512585
1.608773
1.548239
1.585882
1.541052
1.539188
1.531337
1.535535
1.597320
1.598196
1.581591
1.584596
1.553638
1.613670
1.531913
1.531319
1.530616
1.527121
1.538687
1.599166
1.602997
1.609283
1.581233
1.548531
1.570668
1.543388
1.540214
1.519026
1.522925
1.571791
1.620220
1.576332
1.614782
1.718755
1.676889
1.526815
1.525174
1.529185
1.514035
1.530146
1.624725
1.599307
1.726182
1.609326
1.533036
1.586810
1.537298
1.532240
1.527544
1.542567
1.528257
1.592987
1.665138
1.646927
1.595577
1.536631
1.573361
1.516348
1.537102
1.533130
1.527357
1.622544
1.527544
1.578655
1.571080
1.548051
1.580774
1.538226
1.531020
1.529595
1.544594
1.532229
1.600288
1.577003
1.596871
1.585933
1.563774
1.575116
1.525917
1.548650
1.529303
1.532513
1.600045
1.589663
1.561049
1.626235
1.678745
1.530003
1.592924
1.548612
1.533142
1.532499
1.526164
1.685360
1.588466
1.770112
1.578766
1.547229
1.570467
1.549682
1.531126
1.513018
1.518841
1.546278
1.599132
1.576512
1.579103
1.576855
1.533022
1.582699
1.516825
1.530279
1.535111
1.539664
1.540400
1.578083
1.599873
1.584150
1.545146
1.587003
1.555636
1.533309
1.528552
1.533388
1.539719
1.605349
1.623633
1.658306
1.603352
1.527753
1.591751
1.551002
1.549704
1.522810
1.507291
1.528896
1.571037
1.574618
1.532011
1.568108
1.511810
1.581347
1.542610
1.543798
1.519972
1.557706
1.591661
1.773465
1.596898
1.605184
1.518433
1.612888
1.571226
1.597611
1.510689
1.516915
1.582314
1.622803
1.659154
1.513849
1.617913
1.536924
1.572279
1.619144
1.528375
1.530492
1.547413
1.538472
1.581910
1.576896
1.579540
1.534058
1.676926
1.531131
1.533626
1.529778
1.534323
1.528669
1.609457
1.573176
1.786057
1.596865
1.528410
1.577645
1.563802
1.533385
1.527349
1.537350
1.524432
1.637019
1.586188
1.639738
1.702437
1.540496
1.674974
1.531333
1.571935
1.535239
1.509960
1.618626
1.627489
1.706905
1.593702
1.524879
1.582805
1.564985
1.529444
1.537696
1.531467
1.547738
1.591066
1.662052
1.579366
1.681654
1.538248
1.579807
1.547493
1.533500
1.531434
1.532267
1.650541
1.573047
1.599822
1.588763
1.556255
1.573770
1.539753
1.522145
1.515881
1.549222
1.529241
1.578853
1.593968
1.596573
1.581050
1.555260
1.589761
1.527272
1.537341
1.535192
1.533674
1.545597
1.573480
1.573733
1.612288
1.528176
1.528285
1.596873
1.525960
1.537609
1.532347
1.522281
1.621117
1.574051
1.567106
1.610879
1.543084
1.583279
1.525955
1.531139
1.526105
1.530258
1.544570
1.593628
1.584578
1.577064
1.579971
1.527488
1.603150
1.531257
1.531328
1.540547
1.528207
1.546785
1.570988
1.578969
1.610853
1.633459
1.531035
1.667127
1.541532
1.531308
1.528337
1.533378
1.577367
1.572543
1.791954
1.607433
1.530073
1.574663
1.529200
1.524651
1.540351
1.538075
1.547369
1.587477
1.566278
1.520666
1.589146
1.531144
1.581685
1.556784
1.518102
1.527809
1.534775
1.686897
1.587942
1.583550
1.571275
1.512759
1.577312
1.610189
1.543016
1.529795
1.547847
1.539708
1.614032
1.577861
1.596865
1.587960
1.527388
1.577534
1.554461
1.575542
1.510633
1.543179
1.526988
1.601991
1.579473
1.576648
1.712638
1.559370
1.697474
1.594514
1.538104
1.532602
1.533421
1.598523
1.610162
1.677847
1.595819
1.547465
1.581146
1.525444
1.549432
1.539146
1.536084
1.540200
1.588800
1.602552
1.641715
1.709833
1.685643
1.536947
1.523652
1.535107
1.533837
1.531740
1.593961
1.642395
1.709112
1.580265
1.549331
1.578027
1.557225
1.526698
1.530204
1.543427
1.550535
1.580633
1.575282
1.516980
1.740982
1.545124
1.582888
1.525014
1.530503
1.528217
1.520076
1.601827
1.520884
1.605668
1.590555
1.529973
1.588398
1.524726
1.521970
1.531780
1.545754
1.533361
1.580586
1.584877
1.586364
1.564654
1.530406
1.579468
1.525928
1.544275
1.533257
1.522037
1.614091
1.587639
1.590768
1.521757
1.818182
1.533810
1.587700
1.533520
1.527644
1.535155
1.528391
1.555723
1.659687
1.571455
1.573033
1.540812
1.579164
1.556594
1.522895
1.522164
1.535543
1.532938
1.601063
1.663895
1.554579
1.575404
1.528186
1.615189
1.524807
1.533534
1.536516
1.531385
1.533229
1.736718
1.613778
1.602063
1.545343
1.582592
1.555685
1.555079
1.521062
1.528088
1.542057
1.597188
1.582175
1.669148
1.595462
1.531891
1.594685
1.526842
1.526216
1.542670
1.521166
1.656508
1.589076
1.602362
1.580314
1.718999
1.663244
1.532765
1.543686
1.550805
1.547169
1.526475
1.589034
1.645169
1.665062
1.578135
1.536425
1.593084
1.562827
1.543696
1.531235
1.532651
1.643150
1.644658
1.628136
1.694989
1.563076
1.645483
1.604786
1.548967
1.516975
1.548769
1.530806
1.596967
1.622434
1.630375
1.578023
1.548170
1.599031
1.532173
1.524136
1.537631
1.527411
1.535313
1.640490
1.592707
1.645199
1.712033
1.534288
1.688214
1.544476
1.533041
1.527404
1.547827
1.593826
1.661001
1.693165
1.574708
1.558319
1.576636
1.532416
1.531333
1.546586
1.529320
1.642956
1.588445
1.584285
1.583028
1.705954
1.531861
1.669876
1.546067
1.524292
1.527343
1.544342
1.599158
1.570102
1.809999
1.579614
1.531232
1.609272
1.521886
1.538155
1.553321
1.531247
1.587441
1.593632
1.568971
1.636571
1.704878
1.529884
1.665900
1.537336
1.517875
1.552898
1.571952
1.578925
1.572108
1.798290
1.591425
1.522712
1.589686
1.529140
1.536171
1.533598
1.525151
1.539399
1.605292
1.590397
1.512218
1.724529
1.549549
1.610303
1.539413
1.526001
1.539490
1.531350
1.599016
1.548765
1.691100
1.607883
1.520149
1.588126
1.531886
1.524249
1.541518
1.526329
1.536577
1.592811
1.605457
1.577772
1.584457
1.553362
1.591939
1.537101
1.524041
1.554125
1.552639
1.580563
1.607283
1.583765
1.577036
1.555376
1.600801
1.529637
1.532212
1.536396
1.528353
1.527406
1.591997
1.583245
1.785152
1.579810
1.533169
1.572838
1.546395
1.518959
1.507782
1.522965
1.578980
1.606144
1.590438
1.524675
1.580288
1.535509
1.603259
1.526711
1.542889
1.529248
1.529104
1.549660
1.592836
1.571067
1.582472
1.524001
1.582912
1.540111
1.534461
1.532450
1.536244
1.529491
1.600148
1.578419
1.775042
1.577532
1.544291
1.581836
1.533117
1.535450
1.532423
1.531245
1.556775
1.622667
1.593747
1.529939
1.843308
1.634314
1.566762
1.543595
1.533357
1.536259
1.531506
1.602149
1.657060
1.721290
1.584288
1.552699
1.576048
1.523924
1.539594
1.519954
1.540431
1.543194
1.586161
1.569826
1.534198
1.716808
1.527852
1.608491
1.510767
1.523192
1.549361
1.525809
1.592053
1.583286
1.564041
1.575219
1.556199
1.577056
1.529745
1.530349
1.530379
1.527191
1.540479
1.628711
1.579302
1.560885
1.577986
1.531564
1.577471
1.520752
1.539124
1.540979
1.544913
1.601089
1.585236
1.610159
1.610809
1.764731
1.620526
1.538617
1.540350
1.533392
1.553164
1.536274
1.599198
1.629359
1.674508
1.586898
1.555531
1.595838
1.529011
1.549799
1.546499
1.527437
1.531494
1.737634
1.909934
1.668541
1.612320
1.652385
1.576649
1.591457
1.585980
1.583857
1.593442
1.657274
1.674687
1.698710
1.659844
1.712136
1.754196
1.574879
1.587278
1.594661
1.578987
1.654809
1.754691
1.734314
1.640824
1.646778
1.537392
1.553875
1.560985
1.519110
1.534846
1.642800
1.611796
1.675961
1.614536
1.531153
1.593866
1.526868
1.536475
1.528360
1.543591
1.563143
1.609959
1.614198
1.641644
1.660966
1.732295
1.520639
1.535685
1.533356
1.520004
1.602012
1.667484
1.597958
1.576683
1.594435
1.566713
1.599769
1.514116
1.509618
1.513791
1.540722
1.538242
1.673037
1.709552
1.566912
1.716493
1.655997
1.620341
1.621767
1.504715
1.575930
1.552284
1.634933
1.771217
1.501417
1.650204
1.571655
1.583713
1.539004
1.526185
1.540587
1.534168
1.537383
1.609492
1.585454
1.626244
1.571198
1.641985
1.547387
1.504621
1.551681
1.524187
1.507801
1.630076
1.627611
1.800770
1.579961
1.535552
1.599845
1.548192
1.557619
1.514168
1.519081
1.595756
1.617606
1.612757
1.647873
1.525222
1.647349
1.512332
1.517041
1.660223
1.528541
1.563001
1.599164
1.582249
1.669654
1.583308
1.544715
1.576038
1.531895
1.525339
1.525239
1.529077
1.547576
1.641418
1.698152
1.620950
1.635371
1.678682
1.524597
1.523028
1.527205
1.523043
1.550912
1.678751
1.633414
1.653965
1.638611
1.521543
1.602518
1.575164
1.524954
1.529183
1.540047
1.571285
1.645168
1.614691
1.601795
1.626449
1.669514
1.552873
1.537685
1.522204
1.517888
1.541866
1.627353
1.660824
1.767445
1.582160
1.516381
1.620283
1.523956
1.580553
1.511873
1.525360
1.612917
1.607558
1.610025
1.608699
1.551539
1.666737
1.513506
1.521160
1.603855
1.505943
1.530892
1.607744
1.594949
1.805475
1.615420
1.559662
1.597237
1.523742
1.515084
1.517928
1.533355
1.584314
1.604394
1.623252
1.585452
1.639669
1.526114
1.656704
1.521937
1.527351
1.560026
1.518048
1.616005
1.602505
1.674814
1.630332
1.525923
1.583245
1.535020
1.514794
1.545485
1.547722
1.527034
1.640322
1.596151
1.516482
1.587250
1.528045
1.633525
1.578210
1.584614
1.532020
1.515861
1.656737
1.628805
1.622324
1.677424
1.504409
1.606498
1.545393
1.610370
1.504688
1.514309
1.566733
1.651464
1.692386
1.683821
1.755028
1.645293
1.521356
1.519045
1.595914
1.507853
1.577430
1.638987
1.600530
1.561865
1.593729
1.550951
1.601832
1.522946
1.619388
1.518982
1.576977
1.573698
1.646372
1.618985
1.625546
1.664235
1.623362
1.521864
1.557380
1.538481
1.544290
1.532207
1.636276
1.621090
1.700258
1.619088
1.546855
1.556699
1.563067
1.513743
1.553692
1.521429
1.565427
1.621655
1.610836
1.582142
1.755514
1.637946
1.599742
1.601008
1.558020
1.582563
1.596606
1.673995
1.619974
1.613312
1.623316
1.549526
1.578742
1.529967
1.546231
1.533526
1.554613
1.592917
1.670438
1.625095
1.602534
1.536007
1.650289
1.538907
1.558046
1.619854
1.544735
1.582530
1.719261
1.666442
1.526666
1.616807
1.542702
1.577388
1.557961
1.567135
1.518915
1.543235
1.679940
1.636415
1.605093
1.589924
1.524661
1.592058
1.524967
1.527225
1.537615
1.518277
1.561376
1.675649
1.661973
1.508062
1.652075
1.535104
1.609571
1.528681
1.519988
1.532740
1.539865
1.545466
1.660404
1.619699
1.595000
1.553737
1.621292
1.528084
1.565844
1.574603
1.516053
1.514962
1.665785
1.601747
1.686655
1.594185
1.527168
1.624599
1.524712
1.570442
1.526567
1.527209
1.577395
1.677951
1.591282
1.592717
1.713569
1.640542
1.526677
1.518458
1.579402
1.516911
1.540431
1.652944
1.616253
1.644363
1.640404
1.550785
1.570506
1.520617
1.586935
1.629365
1.528498
1.573765
1.679314
1.598661
1.578455
1.559247
1.617186
1.539262
1.535212
1.543811
1.529260
1.523914
1.608819
1.636332
1.711772
1.588578
1.523801
1.578335
1.565888
1.526178
1.545356
1.536064
1.605488
1.609360
1.589466
1.582421
1.689154
1.538738
1.680118
1.549736
1.533888
1.539751
1.529329
1.610349
1.633024
1.695987
1.597676
1.538406
1.582865
1.548663
1.535435
1.538447
1.543567
1.622652
1.589572
1.591753
1.620758
1.657948
1.647541
1.522802
1.536085
1.539590
1.527061
1.536526
1.621195
1.567376
1.785652
1.587150
1.530999
1.572390
1.577284
1.521202
1.533425
1.539800
1.613523
1.577131
1.624080
1.564976
1.706851
1.683614
1.528085
1.529229
1.540560
1.530240
1.525348
1.573056
1.587279
1.578199
1.583329
1.525866
1.579546
1.535843
1.512833
1.529908
1.557685
1.531239
1.609260
1.602055
1.563935
1.588092
1.543958
1.611194
1.536011
1.534582
1.537293
1.527396
1.649939
1.565206
1.573631
1.585931
1.535916
1.601951
1.542106
1.529201
1.529511
1.535821
1.543477
1.597447
1.584693
1.773958
1.589278
1.567820
1.570374
1.545132
1.556689
1.534238
1.538529
1.543180
1.589812
1.589047
1.602574
1.749830
1.650779
1.526465
1.527137
1.530317
1.540376
1.526178
1.606380
1.583193
1.794259
1.581328
1.558783
1.599079
1.537533
1.543344
1.541084
1.539365
1.550468
1.589903
1.566309
1.634190
1.746103
1.650514
1.532798
1.515960
1.521184
1.542000
1.528599
1.595257
1.579634
1.576371
1.562071
1.543031
1.582288
1.529035
1.544635
1.527160
1.524072
1.534494
1.579470
1.585746
1.611778
1.572993
1.510493
1.609186
1.530192
1.535381
1.522795
1.527462
1.538418
1.634964
1.618616
1.600605
1.527230
1.516319
1.564229
1.565756
1.519226
1.522199
1.545365
1.606856
1.586962
1.573033
1.586561
1.533768
1.592712
1.551035
1.539502
1.542989
1.527464
1.524874
1.619803
1.678159
1.521805
1.588131
1.526877
1.583856
1.541883
1.526154
1.527315
1.536501
1.615485
1.636596
1.575114
1.581459
1.535374
1.616635
1.528080
1.549906
1.554762
1.524258
1.527538
1.616796
1.570901
1.795579
1.593558
1.532431
1.581874
1.535096
1.528158
1.526178
1.530323
1.526141
1.600360
1.590167
1.543429
1.855776
1.670426
1.525213
1.525423
1.536296
1.555806
1.534780
1.596769
1.657040
1.656885
1.600881
1.538003
1.582512
1.544109
1.526504
1.554966
1.568143
1.544361
1.569661
1.585578
1.528220
1.845522
1.534280
1.671344
1.525028
1.543640
1.529261
1.530408
1.640228
1.659198
1.679591
1.579529
1.532880
1.581806
1.543057
1.545685
1.523867
1.522392
1.533548
1.592679
1.586512
1.520886
1.584012
1.558771
1.612723
1.531151
1.543449
1.526138
1.530436
1.570069
1.605364
1.580666
1.573516
1.544797
1.595087
1.524779
1.523166
1.537503
1.534443
1.536537
1.640104
1.623248
1.578164
1.572837
1.527038
1.584875
1.528174
1.543580
1.534126
1.529328
1.673661
1.581750
1.564439
1.627252
1.695106
1.694695
1.555484
1.537480
1.530195
1.538454
1.530428
1.584354
1.665202
1.639116
1.573204
1.544495
1.577043
1.551359
1.534232
1.526295
1.539602
1.546739
1.643334
1.560773
1.554028
1.823849
1.506377
1.642312
1.516815
1.510980
1.524048
1.513100
1.590490
1.711994
1.672984
1.579427
1.538439
1.606750
1.528900
1.535429
1.529455
1.527068
1.565139
1.629675
1.648463
1.717637
1.696506
1.696287
1.571938
1.524592
1.544646
1.532347
1.523191
1.656835
1.700966
1.571107
1.571210
1.538406
1.615704
1.523910
1.561797
1.523112
1.524926
1.569481
1.624429
1.656084
1.593831
1.727804
1.623989
1.532740
1.523232
1.611226
1.577676
1.519402
1.605101
1.649482
1.701262
1.591879
1.530495
1.624528
1.530286
1.546604
1.526014
1.529289
1.538224
1.684105
1.599808
1.652218
1.521359
1.681739
1.549708
1.514882
1.515123
1.548043
1.531171
1.593847
1.677599
1.650244
1.571901
1.571610
1.641816
1.530319
1.531228
1.544751
1.524964
1.593954
1.658733
1.596672
1.728834
1.528137
1.672815
1.554552
1.543994
1.550724
1.544702
1.527405
1.633903
1.631603
1.639036
1.586449
1.529851
1.574244
1.552167
1.540387
1.531319
1.534531
1.554746
1.603960
1.566562
1.524574
1.699902
1.530565
1.586500
1.527105
1.525055
1.531367
1.555709
1.613523
1.585709
1.563059
1.573361
1.544591
1.582087
1.527850
1.535980
1.533316
1.561995
1.530435
1.745498
1.745169
1.514858
1.581596
1.524628
1.584777
1.546393
1.522139
1.566270
1.531228
1.606720
1.618970
1.569897
1.591981
1.531360
1.575749
1.527865
1.543581
1.549924
1.527217
1.533279
1.574792
1.780716
1.532074
1.631732
1.586859
1.594155
1.770410
1.793166
1.692892
1.621857
1.775453
1.654414
1.663304
1.731612
1.990223
1.742875
1.604926
1.622112
1.590292
1.599248
1.900934
1.948984
1.630944
1.606357
1.577561
1.538560
1.555698
1.556412
1.541786
1.560595
1.701877
1.682273
1.584530
1.623378
1.577366
1.607078
1.534756
1.519478
1.555290
1.531055
1.624386
1.920314
1.600190
1.617990
1.574245
1.598762
1.525498
1.533029
1.531818
1.531669
1.548024
1.629808
1.599736
1.571994
1.593749
1.511492
1.602354
1.531072
1.530047
1.543176
1.536311
1.588603
1.592001
1.568038
1.588763
1.586557
1.646458
1.534805
1.539084
1.536680
1.530198
1.533206
1.789812
1.619444
1.574718
1.629222
1.522548
1.573275
1.533723
1.543135
1.538226
1.526263
1.544381
1.618292
1.584033
1.568168
1.585184
1.557476
1.617941
1.561593
1.548733
1.541415
1.524855
1.617956
1.577229
1.583630
1.991614
1.549977
1.581550
1.518631
1.530770
1.544183
1.529315
1.619115
1.596157
1.573854
1.565119
1.579355
1.526670
1.587570
1.546069
1.529431
1.526199
1.543578
1.637806
1.589082
1.573333
1.654890
1.617457
1.580373
1.566513
1.518855
1.541223
1.530515
1.528312
1.623685
1.568208
1.577309
1.639168
1.536776
1.575229
1.530995
1.536856
1.531355
1.534123
1.673166
1.578378
1.594478
1.590447
1.535943
1.603351
1.527009
1.528527
1.536001
1.539738
1.540006
1.651801
1.583920
1.699689
1.572761
1.533469
1.572449
1.565608
1.517074
1.520736
1.537489
1.632033
1.696440
1.594851
1.572652
1.543604
1.529882
1.582749
1.560386
1.559699
1.518928
1.522874
1.631602
1.592225
1.579719
1.617130
1.602202
1.577693
1.539182
1.552936
1.558932
1.538548
1.524159
1.633687
1.657975
1.587875
1.567153
1.560692
1.586180
1.511359
1.555444
1.534165
1.524706
1.610625
1.514388
1.580017
1.574981
1.524131
1.576460
1.537432
1.529207
1.530459
1.537568
1.533098
1.601734
1.574499
1.578640
1.563963
1.530373
1.576096
1.532737
1.550200
1.526889
1.527508
1.556805
1.580507
1.580777
1.609184
1.604973
1.519849
1.575662
1.531693
1.526854
1.542122
1.535598
1.558851
1.597635
1.573119
1.562107
1.529372
1.643493
1.539470
1.536818
1.532215
1.531385
1.537462
1.618349
1.567333
1.574445
1.597469
1.536070
1.589790
1.531886
1.528126
1.537209
1.528009
1.528201
1.576373
1.577176
1.564154
1.561783
1.536892
1.586628
1.529702
1.553478
1.534780
1.537632
1.715787
1.698608
1.583423
1.561585
1.531403
1.594355
1.531112
1.529292
1.544717
1.547694
1.528784
1.635702
1.562328
1.588778
1.569901
1.556802
1.571560
1.540839
1.540279
1.528106
1.548565
1.537520
1.568442
1.592637
1.563086
1.585560
1.542024
1.591475
1.528113
1.539409
1.527273
1.527285
1.558009
1.579120
1.574178
1.602679
1.527239
1.581057
1.539880
1.530383
1.533348
1.538511
1.532328
1.577532
1.588425
1.557925
1.574112
1.562148
1.565950
1.527425
1.545152
1.527077
1.532210
1.545256
1.589037
1.574920
1.583660
1.572171
1.536379
1.603845
1.512653
1.558564
1.534987
1.534219
1.561211
1.589133
1.567128
1.580157
1.544464
1.585052
1.549560
1.541684
1.534407
1.529255
1.544419
1.723765
1.800807
1.526995
1.568397
1.574557
1.613330
1.507467
1.547217
1.536486
1.536264
1.701414
1.692682
1.572146
1.566915
1.567967
1.582702
1.528197
1.548785
1.540619
1.530289
1.537166
1.589118
1.572891
1.583252
1.589473
1.528665
1.587941
1.536923
1.529305
1.548705
1.536384
1.553019
1.606903
1.610943
1.599124
1.582118
1.548679
1.586816
1.526934
1.532332
1.532289
1.543420
1.552730
1.586817
1.598938
1.568081
1.526963
1.595318
1.523519
1.543628
1.552815
1.536870
1.527124
1.633899
1.586592
1.601567
1.594304
1.522870
1.606494
1.535129
1.561945
1.544838
1.540376
1.545712
1.715096
1.628426
1.605584
1.551871
1.556262
1.702792
1.546480
1.540268
1.532639
1.526295
1.632902
1.592419
1.573663
1.580262
1.546637
1.595545
1.553325
1.528173
1.527248
1.558889
1.605078
1.598368
1.575123
1.586697
1.598498
1.554097
1.594658
1.527516
1.564821
1.555784
1.527301
1.654907
1.589167
1.567576
1.582085
1.551351
1.585166
1.544122
1.533177
1.531466
1.537358
1.539560
1.587707
1.572209
1.572661
1.572305
1.530851
1.585635
1.518756
1.520965
1.542201
1.549071
1.604687
1.572219
1.571955
1.579649
1.659501
1.583415
1.674662
1.530626
1.526267
1.535993
1.549826
1.644843
1.634309
1.748315
1.563571
1.533598
1.595277
1.529836
1.543452
1.523038
1.526099
1.607195
1.590039
1.563891
1.567263
1.565984
1.522534
1.590592
1.525827
