5.343327
0.647214
0.632762
0.632135
0.626330
0.642646
0.633270
0.628751
0.632702
0.630286
0.625947
0.876348
0.634618
0.629829
0.643395
0.635966
0.642355
0.632935
0.633170
0.565260
0.427268
0.424864
0.409568
0.572212
0.398576
0.399016
0.400181
0.404573
0.397269
0.395448
0.402446
0.399158
0.399885
0.556331
0.548481
0.555932
0.401995
0.399164
0.400752
0.398510
0.405063
0.397813
0.409300
0.401866
0.400718
0.417292
0.406083
0.405277
0.551536
0.402166
0.543882
0.391409
0.396851
0.400825
0.403770
0.403683
0.547657
0.546594
0.406218
0.399629
0.404010
0.397055
0.404782
0.405606
0.403853
0.403440
0.402195
0.410557
0.558783
0.405802
0.562208
0.404635
0.406323
0.393175
0.394285
0.393137
0.544351
0.404842
0.400996
0.546276
0.554396
0.542998
0.574936
0.631465
0.456671
0.456443
0.452871
0.462403
0.459063
0.630467
0.637157
0.560193
0.400422
0.409591
0.556930
0.401927
0.423019
0.544311
0.400363
0.391483
0.398193
0.395573
0.545001
0.545788
0.555415
0.552186
0.555409
0.403482
0.551234
0.400383
0.559085
0.552519
0.562368
0.398201
0.399758
0.403419
0.405614
0.399339
0.403365
0.549298
0.397630
0.550418
0.392265
0.541636
0.549179
0.549029
0.402577
0.395168
0.410788
0.429335
0.469486
0.629669
0.631457
0.627095
0.630843
0.628163
0.624906
0.551609
0.549087
0.554185
0.402690
0.411095
0.558182
0.558740
0.394520
0.394411
0.556045
0.546445
0.553922
0.558556
0.549216
0.599535
0.630977
0.458180
0.627530
0.637678
0.640816
0.631593
0.597901
0.609628
0.460380
0.632979
0.458721
0.644710
0.466089
0.641354
0.636842
0.555947
0.560513
0.554513
0.548128
0.395584
0.548057
0.555518
0.549394
0.548214
0.545084
0.549749
0.550934
0.553215
0.549696
0.555707
0.629182
0.465162
0.627860
0.633648
0.642555
0.640127
0.641710
0.580616
0.565662
0.426917
0.629500
0.627075
0.623387
0.623002
0.623364
0.631975
0.589276
0.546110
0.577745
0.623516
0.458952
0.628539
0.624212
0.459018
0.643967
0.626419
0.549662
0.552074
0.556056
0.553682
0.563583
0.553326
0.557922
0.557022
0.551029
0.546721
0.545938
0.545594
0.550343
0.546836
0.555139
0.549070
0.545917
0.552664
0.397863
0.552801
0.546978
0.398415
0.560484
0.556254
0.555033
0.554896
0.559219
0.573951
0.627434
0.630829
0.630829
0.630671
0.627036
0.623926
0.600084
0.537569
0.544811
0.553110
0.592308
0.621292
0.635148
0.621577
0.631121
0.626096
0.631634
0.570931
0.554352
0.550540
0.546943
0.550197
0.561341
0.400575
0.564418
0.554796
0.555274
0.551681
0.548343
0.550445
0.545160
0.543591
0.546992
0.551904
0.547549
0.551143
0.545384
0.542445
0.561859
0.561506
0.551136
0.403230
0.555888
0.552039
0.550768
0.551954
0.554955
0.558993
0.554316
0.405147
0.557045
0.559016
0.546731
0.556302
0.571790
0.626562
0.621963
0.624876
0.625264
0.632058
0.623209
0.588843
0.549871
0.549253
0.551447
0.549774
0.554201
0.564886
0.556170
0.551511
0.557648
0.555372
0.608048
0.635787
0.638298
0.622382
0.624054
0.621119
0.616546
0.568493
0.544730
0.554318
0.543743
0.558188
0.594655
0.636890
0.630885
0.623731
0.639058
0.629605
0.635862
0.560312
0.551582
0.549158
0.568652
0.550887
0.416499
0.559198
0.555249
0.552101
0.558532
0.559232
0.557179
0.556189
0.554714
0.548173
0.550697
0.544644
0.547159
0.551955
0.548869
0.551807
0.548815
0.554058
0.549252
0.559925
0.555857
0.699902
0.708801
0.717945
0.707684
0.858531
0.728042
0.970770
0.806891
0.795113
0.808851
0.791154
0.547216
0.544108
0.553568
0.554997
0.546924
0.575823
0.463815
0.623714
0.624101
0.455806
0.631421
0.456199
0.645051
0.581459
0.552106
0.558434
0.558269
0.561753
0.561734
0.554444
0.549407
0.547050
0.545083
0.555030
0.546314
0.555410
0.557687
0.559083
0.549374
0.552884
0.556651
0.555155
0.549829
0.564622
0.562511
0.549639
0.557546
0.554365
0.556042
0.552382
0.553545
0.560596
0.556281
0.547764
0.548958
0.549460
0.542628
0.542434
0.546160
0.550510
0.547622
0.564012
0.547577
0.550091
0.558307
0.548394
0.557296
0.552092
0.556674
0.548708
0.557599
0.572585
0.625577
0.631436
0.630184
0.629573
0.635887
0.627846
0.604790
0.555301
0.553570
0.543653
0.547914
0.551511
0.558394
0.556894
0.559975
0.554205
0.557161
0.556010
0.557921
0.554191
0.554595
0.547024
0.554958
0.549400
0.549384
0.554200
0.551286
0.565462
0.561284
0.553752
0.555280
0.545191
0.543516
0.548595
0.587401
0.624145
0.619267
0.629453
0.626339
0.640559
0.633054
0.569071
0.560974
0.549803
0.552873
0.564792
0.554256
0.556136
0.558084
0.553257
0.563005
0.584360
0.631761
0.627345
0.633308
0.622017
0.627461
0.626606
0.597537
0.546597
0.559207
0.547916
0.557601
0.547688
0.554552
0.557122
0.550923
0.557402
0.554894
0.552190
0.559138
0.551525
0.552930
0.565645
0.559270
0.556813
0.549654
0.554079
0.544298
0.542058
0.544436
0.538125
0.539710
0.547326
0.546810
0.547393
0.543958
0.549679
0.551225
0.565556
0.551506
0.554184
0.550226
0.558734
0.557424
0.551308
0.558788
0.551653
0.555843
0.549439
0.553128
0.548229
0.556712
0.550157
0.544349
0.542863
0.549390
0.550620
0.554217
0.548392
0.551052
0.396535
0.561287
0.561374
0.556507
0.555116
0.550649
0.554720
0.554851
0.556913
0.556287
0.551576
0.555712
0.551096
0.555806
0.554908
0.543827
0.542005
0.545837
0.542435
0.540896
0.549970
0.551508
0.545277
0.547039
0.542536
0.546528
0.562810
0.560920
0.571055
0.558815
0.560973
0.556923
0.570931
0.560954
0.573872
0.623134
0.649463
0.637954
0.639968
0.627189
0.618251
0.626863
0.590710
0.623188
0.635593
0.637436
0.626892
0.632558
0.629089
0.587792
0.559490
0.560773
0.558720
0.557699
0.574961
0.562343
0.565647
0.559461
0.573422
0.566794
0.564833
0.563231
0.555856
0.568819
0.556627
0.557304
0.552645
0.552760
0.562099
0.608782
0.626131
0.631031
0.625992
0.630083
0.631221
0.639827
0.570390
0.400584
0.553202
0.553286
0.557810
0.555092
0.558511
0.557603
0.564318
0.578095
0.560624
0.553730
0.547074
0.554662
0.544289
0.545822
0.551564
0.545949
0.546729
0.543005
0.559278
0.564074
0.578578
0.549982
0.558809
0.560423
0.548857
0.598860
0.633005
0.640678
0.640276
0.634648
0.641138
0.635482
0.559421
0.562212
0.550479
0.547755
0.551289
0.553650
0.551978
0.551294
0.545400
0.553887
0.552673
0.560297
0.556897
0.559794
0.588162
0.558629
0.564659
0.558878
0.557723
0.577256
0.571382
0.573132
0.574003
0.572336
0.564165
0.562889
0.556893
0.557499
0.558658
0.557163
0.560330
0.557788
0.556183
0.554267
0.568058
0.567086
0.559105
0.572176
0.571005
0.564604
0.567073
0.562996
0.569560
0.567912
0.560874
0.566868
0.565414
0.573673
0.566114
0.562942
0.551925
0.551824
0.701472
0.558340
0.404133
0.558460
0.559510
0.557634
0.559569
0.561249
0.560039
0.559610
0.556667
0.571829
0.720557
0.716637
0.563908
0.566934
0.564458
0.572283
0.719529
0.715202
0.561792
0.553685
0.554377
0.553026
0.592746
0.624372
0.622472
0.640163
0.971529
0.801132
0.578983
0.558435
0.722287
0.714460
0.718921
0.764248
0.806765
0.628717
0.638375
0.643701
0.645541
0.619867
0.568625
0.564551
0.566674
0.711794
0.556563
0.551577
0.704837
0.708031
0.559033
0.557012
0.560985
0.559901
0.557366
0.559892
0.560730
0.559309
0.563789
0.571318
0.563388
0.560721
0.564567
0.562238
0.560886
0.568662
0.561863
0.573063
0.572647
0.562746
0.561007
0.558717
0.556591
0.558384
0.714684
0.711315
0.554586
0.560311
0.562457
0.557035
0.557926
0.577667
0.557089
0.559598
0.558740
0.566600
0.564705
0.713007
0.590318
0.640375
0.638086
0.634176
0.635458
0.626441
0.636323
0.593055
0.548542
0.544511
0.553282
0.549781
0.550395
0.568402
0.553559
0.553246
0.562822
0.556316
0.552323
0.559041
0.559701
0.550685
0.553546
0.552077
0.555752
0.404521
0.559744
0.708806
0.572935
0.618809
0.797734
0.632953
0.626761
0.626661
0.636140
0.561041
0.396524
0.546690
0.556681
0.551240
0.708871
0.561496
1.160873
1.002107
0.851505
0.548216
0.860583
0.705271
0.562050
0.561684
0.714462
0.858578
0.848563
0.547959
1.145932
0.853867
0.544986
0.694741
0.697717
0.999922
1.342346
0.972837
1.657029
1.161863
0.957014
0.803248
0.632627
0.629264
0.646622
0.812177
0.874989
1.920731
1.772659
0.409239
1.476908
2.324709
1.495675
1.142742
0.951205
0.912577
0.622118
0.795628
0.807779
0.972971
1.099189
0.550996
1.451349
0.864430
0.705444
0.702217
1.002983
0.715511
0.867232
0.859162
0.855230
0.557026
0.555549
0.717184
1.151754
0.852969
0.552133
0.708283
0.706206
0.543849
0.554496
0.546717
0.544791
0.706647
0.546090
0.551893
0.543658
0.850324
0.698729
2.337694
1.146408
0.805659
1.146358
0.460610
0.796952
0.632637
0.798698
1.160037
2.011108
1.498339
1.965731
1.496635
1.761276
1.952744
1.453055
0.887307
1.487844
0.553040
1.168206
1.726639
1.726214
1.808880
0.819894
2.137772
1.646980
1.421582
1.470507
1.616582
1.175979
1.633276
1.175628
1.973642
1.315680
0.631041
0.634479
0.803929
0.799323
0.801311
0.623750
0.623708
0.630224
0.621471
0.542158
0.559033
0.553672
0.555729
0.553340
0.561713
0.552694
0.555523
0.547809
0.549530
0.552757
0.552440
0.562621
0.555522
0.555087
0.553135
0.556579
0.548291
0.551029
0.608798
0.618285
0.451101
0.621881
0.627316
0.622974
0.657032
0.591064
0.552316
0.553946
0.558082
0.550224
0.550091
0.569353
0.700613
0.550656
0.714979
0.708127
0.562650
0.564178
0.859651
1.004800
0.849861
0.542315
0.548861
0.700673
0.546750
0.698472
0.548348
0.557045
0.559974
0.560545
0.552784
0.549047
0.555394
0.546653
0.553027
0.552930
0.584820
0.554832
0.559800
0.558794
0.554140
0.558261
0.551957
0.555866
0.555601
0.545508
0.552125
0.543740
0.550029
0.551390
0.560455
0.561489
0.552443
0.558378
0.552209
0.552886
0.549785
0.567548
0.556866
0.556859
0.554280
0.556195
0.562825
0.557080
0.568927
0.560480
0.565619
0.554418
0.558058
0.548595
0.548209
0.569045
0.626889
0.622417
0.618938
0.620031
0.626868
0.627743
0.597005
0.551060
0.555360
0.551618
0.555780
0.554857
0.558947
0.553141
0.556704
0.703136
0.567473
0.554233
0.706425
0.705624
0.551254
0.699077
0.852648
1.065805
1.138044
2.179710
1.829270
1.419869
1.714016
1.420875
1.418526
1.418790
0.715274
1.426513
0.559206
0.403819
0.625821
0.558499
1.290500
1.657531
0.637222
0.639738
0.588258
0.565639
0.549563
0.550573
0.543126
0.547571
0.550420
0.542641
0.542883
0.559393
0.550665
0.549403
0.553971
0.546849
0.546120
0.551168
0.549845
0.557704
0.550892
0.553938
0.556561
0.609876
0.632435
0.632455
0.637726
0.631460
0.628373
0.624669
0.568648
0.549191
0.549813
0.550986
0.560905
0.554562
0.550541
0.543385
0.551984
0.570770
0.625011
0.627048
0.627301
0.634216
0.640428
0.628083
0.586870
0.565483
0.556926
0.565318
0.559391
0.554951
0.552646
0.547463
0.557475
0.553762
0.404606
0.549002
0.556517
0.395906
0.554144
0.551287
0.558283
0.551856
0.433171
0.637506
0.642274
0.631375
0.632660
0.628667
0.625895
0.435172
0.553737
0.555958
0.560882
0.553615
0.549519
0.545235
0.542576
0.553944
0.397252
0.553542
0.403886
0.548985
0.549762
0.551021
0.558647
0.549493
0.556918
0.552559
0.557080
0.554298
0.552180
0.560707
0.553731
0.566687
0.556540
0.557602
0.548686
0.562668
0.548469
0.549083
0.549439
0.544840
0.551797
0.555870
0.568217
0.549407
0.545271
0.548665
0.544468
0.548219
0.562488
0.554054
0.550886
0.562428
0.553546
0.549782
0.565084
0.553039
0.571393
0.560153
0.553101
0.562155
0.546590
0.555854
0.551069
0.542756
0.540250
0.547476
0.548956
0.549453
0.545522
0.542732
0.559095
0.555227
0.554534
0.550318
0.544971
0.553016
0.550725
0.553000
0.562199
0.554125
0.564333
0.554948
0.563683
0.559122
0.549181
0.548534
0.545029
0.541571
0.543687
0.542607
0.543453
0.547567
0.547949
0.551175
0.551677
0.398734
0.548940
0.552635
0.399472
0.562413
0.552535
0.397999
0.546695
0.562902
0.552982
0.411256
0.555041
0.560527
0.549449
0.544760
0.392494
0.537944
0.557523
0.394612
0.546410
0.554231
0.549184
0.397783
0.546583
0.554717
0.553469
0.547890
0.553412
0.549508
0.553490
0.555977
0.554106
0.557147
0.562747
0.558212
0.554610
0.563595
0.558894
0.546401
0.549132
0.543790
0.551945
0.546345
0.552715
0.550639
0.552847
0.553999
0.552843
0.553153
0.557917
0.553383
0.549019
0.562296
0.552154
0.558231
0.557153
0.563739
0.558015
0.553372
0.553382
0.551978
0.541416
0.547918
0.550591
0.554354
0.544861
0.546853
0.558558
0.549232
0.555816
0.553501
0.553603
0.551177
0.549795
0.549540
0.545488
0.552856
0.551816
0.545249
0.562394
0.550014
0.563731
0.556043
0.556638
0.580861
0.641249
0.449987
0.636213
0.622494
0.627820
0.646672
0.622238
0.547707
0.551607
0.397394
0.552436
0.545820
0.550899
0.577886
0.615694
0.638077
0.464545
0.647777
0.635837
0.635883
0.463762
0.635969
0.629670
0.636899
0.632613
0.635770
0.633809
0.621558
0.581859
0.556256
0.555575
0.547010
0.552905
0.553944
0.551712
0.554406
0.552775
0.560597
0.551142
0.558956
0.562651
0.551722
0.558287
0.554253
0.564801
0.564311
0.555461
0.557887
0.547043
0.548348
0.550381
0.549538
0.551587
0.548192
0.552062
0.550947
0.556846
0.561815
0.561682
0.547331
0.554128
0.564006
0.562863
0.559667
0.552924
0.552009
0.554509
0.552839
0.555982
0.548873
0.566513
0.554552
0.550757
0.548362
0.542981
0.541425
0.559498
0.549290
0.547332
0.551492
0.571947
0.631850
0.636697
0.622655
0.637815
0.632765
0.633257
0.601613
0.552811
0.552160
0.550738
0.562822
0.559685
0.565764
0.555553
0.562583
0.549261
0.547197
0.544196
0.541079
0.557974
0.551917
0.558283
0.605364
0.625038
0.621444
0.634840
0.629208
0.629356
0.630074
0.600603
0.634492
0.630856
0.628864
0.626101
0.638811
0.640406
0.587246
0.552051
0.551680
0.551860
0.544618
0.546015
0.547828
0.552175
0.550259
0.547591
0.546149
0.552654
0.556713
0.548198
0.552519
0.545980
0.552122
0.550207
0.559163
0.564178
0.556294
0.555219
0.554926
0.553267
0.557346
0.549492
0.575008
0.553820
0.552539
0.547250
0.550721
0.544171
0.547972
0.562741
0.549887
0.547010
0.560437
0.556121
0.555977
0.552548
0.558438
0.551250
0.558083
0.555674
0.551549
0.556145
0.550973
0.556532
0.572444
0.557831
0.559100
0.546588
0.554923
0.560360
0.552051
0.552573
0.549042
0.548741
0.546549
0.547741
0.554815
0.548254
0.553698
0.563457
0.559639
0.551777
0.550662
0.559757
0.549088
0.554983
0.564092
0.563982
0.556475
0.559689
0.558986
0.551673
0.554649
0.552903
0.582646
0.626887
0.629454
0.627828
0.633330
0.627212
0.629181
0.589566
0.551012
0.553413
0.546406
0.552748
0.558553
0.551366
0.554112
0.549968
0.559745
0.555313
0.598879
0.807758
0.796879
0.629165
0.798121
0.796519
0.724302
0.540955
0.706158
0.554178
0.562947
0.704452
0.702041
0.562221
0.704810
0.557330
0.717049
0.706754
0.704135
0.549602
0.705718
0.707464
0.711415
0.703362
0.720326
0.716383
0.703324
0.702461
0.705451
0.701970
0.699383
0.700462
0.546888
0.695888
0.710848
0.698189
0.707422
0.701331
0.697971
0.695786
0.723573
0.810239
0.801124
0.803967
0.634550
0.809257
0.747588
0.706228
0.707348
0.700329
0.709276
0.703064
0.698536
0.697041
0.694357
0.700796
0.702777
0.702212
0.696416
0.699672
0.717750
0.706698
0.710242
0.702446
0.706647
0.699028
0.697933
0.714442
0.710346
0.705282
0.703214
0.713847
0.705704
0.706432
0.716089
0.700218
0.692255
0.702761
0.703138
0.723822
0.797845
0.797067
0.795498
0.800624
0.800795
0.727431
0.700605
0.694947
0.708238
0.704701
0.732784
0.800480
0.796793
0.809214
0.809160
0.813267
0.709111
0.704718
0.703705
0.699932
0.709476
0.708814
0.707623
0.706808
0.699835
0.708105
0.776862
0.798633
0.802226
0.798772
0.796934
0.778805
0.708329
0.707903
0.701455
0.707877
0.702614
0.701490
0.706384
0.707630
0.706491
0.702968
0.773413
0.792017
0.798120
0.803158
0.790787
0.783340
0.698972
0.704154
0.695480
0.711754
0.703413
0.703893
0.703307
0.708713
0.700626
0.701980
0.713534
0.705936
0.703605
0.706818
0.706617
0.712242
0.707287
0.708355
0.706412
0.711858
0.702571
0.701975
0.707282
0.705008
0.702231
0.702452
0.699658
0.705038
0.698144
0.710743
0.703016
0.702664
0.702467
0.699179
0.698747
0.696961
0.701494
0.700156
0.714078
0.713307
0.701400
0.706870
0.703416
0.698293
0.695633
0.693222
0.694343
0.696726
0.708120
0.706775
0.775561
0.796264
0.806982
0.799670
0.813375
0.776360
0.700590
0.696261
0.704939
0.703543
0.705757
0.705107
0.720195
0.707580
0.713500
0.717232
0.703960
0.698947
0.700273
0.691435
0.688945
0.724764
0.805900
0.802680
0.815665
0.806700
0.805516
0.717525
0.702885
0.703861
0.696449
0.707236
0.713571
0.703949
0.704890
0.707568
0.714504
0.769267
0.806904
0.807367
0.806132
0.799737
0.779591
0.703844
0.704682
0.704967
0.696892
0.721839
0.803098
0.801539
0.802630
0.802904
0.811702
0.803622
0.803959
0.804488
0.815205
0.813997
0.786254
0.705055
0.702065
0.715765
0.714040
0.706113
0.705498
0.695263
0.692753
0.706056
0.694080
0.695054
0.701280
0.709392
0.705722
0.701647
0.701389
0.698703
0.703426
0.708478
0.704725
0.702628
0.707773
0.699164
0.701886
0.697727
0.702872
0.709345
0.702122
0.708906
0.703840
0.701993
0.700952
0.706203
0.703346
0.698339
0.699552
0.698589
0.711256
0.702290
0.705573
0.698490
0.706835
0.704314
0.706122
0.703847
0.712498
0.708562
0.700185
0.703435
0.703559
0.710502
0.706032
0.709327
0.708033
0.706469
0.694539
0.702188
0.691395
0.710326
0.703595
0.696232
0.708519
0.697177
0.707293
0.700195
0.703472
0.697986
0.707763
0.712765
0.710026
0.700341
0.768812
0.801571
0.809010
0.803749
0.817412
0.779801
0.700007
0.695718
0.703418
0.701771
0.692237
0.699642
0.698808
0.703585
0.699763
0.702974
0.801502
0.812106
0.808081
0.798631
0.808748
0.763170
0.703304
0.710932
0.702726
0.704020
0.723216
0.714686
0.701794
0.699252
0.712057
0.704762
0.700350
0.702093
0.693625
0.698910
0.699315
0.700993
0.699842
0.701961
0.706490
0.697637
0.699405
0.705401
0.699523
0.703388
0.706638
0.699396
0.703219
0.704192
1.007484
0.715526
0.708990
0.708622
0.709564
0.698091
0.700589
0.693063
0.728813
0.977953
0.969567
0.966359
0.984880
0.720792
0.707577
0.703698
0.703314
0.706898
0.705850
0.701400
0.712369
0.707919
0.704796
0.707049
0.708700
0.866629
0.705350
0.698430
0.703170
0.702865
0.721488
0.798892
0.796017
0.796468
0.801711
0.790682
0.711449
0.707444
0.698690
0.706765
0.699260
0.709248
0.695478
0.699587
0.700305
0.697658
0.748722
0.978233
0.976359
1.143055
0.810476
0.700596
0.703425
0.703096
0.692254
0.706165
0.848035
0.698283
0.845315
0.846579
0.848152
0.697120
0.696666
0.698771
0.852930
0.853419
0.708725
0.856294
0.705825
0.697134
0.695905
0.708277
0.702429
0.703090
0.702624
0.700276
0.700019
0.758588
0.790102
0.793779
0.794393
0.793361
0.765593
0.706775
0.702060
0.700174
0.695870
0.860816
0.853686
0.697872
0.707680
0.704198
0.697439
0.695265
0.708066
0.708677
0.711683
0.708803
0.711731
0.703516
0.714059
0.935063
0.798883
0.794133
0.969103
0.795603
0.720478
0.696624
0.711288
0.700352
0.703802
0.699818
0.865435
0.704374
0.868728
0.702541
0.704801
0.702300
0.702603
0.892312
0.973488
0.804809
0.798665
0.801878
0.785110
0.695373
0.698001
0.703215
0.704298
0.851390
0.849424
0.845912
0.700405
0.698881
0.850263
0.704100
0.696319
0.708178
0.710168
0.710514
0.699503
0.568410
0.710853
0.712948
0.707375
0.703633
0.766276
0.812420
0.807541
0.797574
0.791430
0.793706
0.698424
0.699219
0.695943
0.850093
0.700280
0.550065
0.706341
0.729517
0.736249
0.713641
0.952623
0.805812
1.151426
0.977474
0.782667
0.851307
1.106646
1.165887
0.813350
1.151993
1.638759
2.394742
2.509621
2.244919
0.848535
1.104979
1.838701
1.315766
1.368020
0.994672
1.162867
1.012218
0.551169
0.702085
0.714931
0.713134
0.706644
1.176541
1.021128
1.450340
1.316041
1.307890
1.965110
1.316404
1.658467
0.978464
1.001613
1.000298
1.459934
1.622197
0.800230
1.137392
0.970195
0.714889
0.709023
0.851258
0.855471
0.707776
0.553368
0.703557
0.706263
0.705942
0.712172
0.704696
1.015105
0.852035
0.861028
1.007643
1.303010
1.914086
1.606994
1.533706
1.829650
0.797644
1.107323
1.293631
1.075259
1.309554
1.305441
0.804525
0.752179
0.802751
0.798072
0.629968
0.801922
0.804904
0.788903
1.023926
1.183005
1.642432
1.642033
1.486430
1.636900
1.826576
0.797571
0.747466
0.704455
0.706993
0.726729
0.969264
1.139768
1.129967
1.114106
0.848978
0.698962
0.700524
0.709379
0.734731
0.862408
0.852400
0.855486
0.708914
0.859796
1.009033
0.713490
0.860074
0.850199
0.551005
0.698291
0.695041
0.695862
0.542775
0.695415
0.730316
0.625267
0.799164
0.795066
0.792743
0.801030
0.881063
1.020786
1.006406
0.869705
0.862690
0.699004
1.005822
1.004479
1.291463
0.976103
0.974924
1.155796
0.721745
0.859210
0.861032
1.160332
1.612461
1.459322
2.377312
0.728236
0.968391
1.665302
1.318007
1.235612
1.327341
1.156209
0.801339
1.060403
1.594857
1.671965
1.323888
0.905364
0.855806
0.868301
1.009627
1.174746
1.150454
0.552578
0.698585
1.021303
0.851526
0.847636
1.005649
0.550351
0.728174
0.851089
0.854706
1.002359
0.868661
1.175542
1.481570
1.170094
0.758065
1.140444
1.315557
1.505302
1.643634
1.335476
1.942834
1.140999
1.827829
0.803023
2.673172
2.212480
1.719141
1.610683
1.616960
1.769928
0.910098
1.776426
1.734329
1.866000
1.723081
1.722193
1.732273
1.614755
1.724626
1.881793
1.870610
1.877898
1.882101
1.817140
1.963858
2.102007
1.755614
1.749462
1.616297
1.714286
1.708409
1.772400
1.715304
1.613238
1.777914
1.621535
1.613459
1.620744
0.505600
0.608600
2.045791
1.615937
0.809271
2.074472
1.843807
1.816456
1.950698
0.651387
0.558043
1.299498
0.847985
1.899433
1.301459
1.454789
0.707518
1.308933
0.850392
1.002298
1.005469
1.006452
1.460803
0.548321
1.313965
1.751684
1.827612
2.519618
1.152945
2.377272
0.809608
0.554504
2.126849
2.061151
1.920917
1.610330
2.172036
2.449148
1.143992
1.296631
1.150644
1.428352
1.487514
1.843117
2.225911
1.324535
2.515236
2.158079
0.396931
1.768986
1.719305
1.961379
1.921657
1.723000
1.876737
1.718140
1.792632
1.967747
1.973532
1.749762
1.708612
1.868986
1.713497
1.713445
1.711526
1.716280
1.719166
1.701628
1.719816
1.714864
1.817265
1.837007
1.846800
1.847182
1.838022
1.972414
1.614565
1.624737
1.724700
1.852636
2.066601
1.721969
1.716922
1.867873
1.882231
2.158140
2.125748
1.870024
1.864428
1.868711
1.132618
1.879819
1.878744
2.074518
1.869457
1.114835
1.888882
1.874614
1.881185
1.989030
2.148165
2.032456
1.872743
1.269855
1.859462
1.727839
1.725594
2.004642
1.962407
1.776148
1.514671
0.453637
0.801653
0.803699
0.806268
0.811247
0.734155
0.548433
0.856927
0.859164
1.006175
1.299489
2.209548
1.767728
1.733051
1.721021
2.088691
1.929989
1.728913
2.081020
1.718376
1.715981
1.820481
2.165188
2.233115
1.860098
2.086876
1.271928
1.733979
1.844513
1.445894
1.794084
1.740601
1.721340
1.934419
1.967145
1.802594
1.722211
1.722211
1.724156
1.636106
1.456028
1.801590
1.684958
1.615779
1.625714
1.607813
1.866427
1.715650
1.711000
1.879385
1.874466
1.868729
1.859770
1.889534
2.139995
2.143546
1.720360
1.990088
2.147801
1.889690
1.897043
1.902778
1.880514
1.890324
1.884438
1.885677
1.879540
1.273046
1.276558
1.868572
1.572339
1.715689
1.863807
2.000236
2.173965
2.035625
1.879520
1.871546
1.724553
1.883178
1.272902
1.884897
1.268290
1.720827
1.275598
1.724308
1.729761
1.726671
1.739597
1.736169
1.720318
1.645455
1.613635
1.718905
1.867767
1.865887
1.911112
2.132055
2.092367
1.617905
2.040292
1.863977
1.870224
1.418605
1.864118
1.863899
1.881060
1.867523
1.735612
2.140430
1.451708
1.203642
1.722235
1.787428
1.449446
1.955224
1.655316
1.764091
1.615202
1.758714
1.609744
1.613569
1.715143
1.610408
1.865498
1.877761
1.722060
1.812001
2.181151
1.612609
1.872348
1.915145
2.129306
2.109613
1.869402
1.876891
1.870380
1.883080
1.871086
1.878930
1.420046
2.020224
2.132754
1.996521
1.865762
2.221915
1.881467
1.872329
1.909857
2.532093
2.060600
1.869866
1.888614
1.870483
2.228469
1.148110
2.103137
2.095685
1.131083
1.881304
1.730007
1.871216
1.872697
1.880309
1.861869
1.417160
1.295462
1.743363
1.980532
2.128920
1.724242
1.881653
1.869428
1.957782
2.142273
2.081656
2.130292
2.323841
2.129146
1.884426
2.135532
2.099087
1.725063
1.947902
2.131074
1.446962
1.914322
1.885202
1.874391
1.116629
1.948608
2.124860
2.348897
1.860373
2.018087
1.872084
1.864009
1.865305
1.873299
1.865616
1.892763
2.136474
2.142747
2.156395
2.270463
2.022279
1.281404
1.886747
1.882434
1.876715
1.876213
1.863155
1.875426
1.869131
1.266779
1.863386
1.866565
1.263351
1.965259
2.128126
1.586269
1.870110
2.474828
2.145538
1.624212
2.022404
1.343838
1.959072
2.111923
2.167095
1.892869
2.494014
1.914184
2.065408
2.056399
1.882485
2.613700
2.124780
2.119459
1.882583
1.880833
2.284462
2.135699
2.455202
1.873049
2.023991
1.271649
1.894169
2.011244
1.268815
1.338902
1.278747
1.621553
1.524369
1.865600
1.130211
1.267844
1.635591
1.809616
1.636491
1.668063
0.920956
1.473835
1.642698
1.457120
1.614059
1.847612
1.965822
2.057295
1.428660
1.717202
1.875542
2.026222
1.877607
1.718275
1.417906
2.023199
1.860489
2.010835
1.866657
1.420760
1.874665
2.033882
2.380640
2.174651
2.371257
1.414622
2.377099
1.264527
1.272959
1.267749
1.417287
1.419228
1.416448
1.263133
1.271036
1.417077
1.276986
1.573533
0.713650
1.769882
1.724457
1.321423
1.723611
1.416597
1.424653
1.479115
1.873530
1.690612
1.782019
2.063874
1.567433
1.565674
1.427903
1.429755
1.920910
1.630153
1.613911
1.982660
1.724200
1.872278
1.423593
1.418755
1.866401
1.579659
1.422688
1.868917
1.118292
1.270573
1.277824
1.122514
1.800732
1.968945
1.627501
0.403533
1.752855
1.761449
1.438750
1.722464
1.847432
1.617301
1.667801
0.545825
1.732206
1.425978
1.319008
1.620948
1.781583
0.736364
1.337407
1.341935
1.496385
1.539725
1.679179
0.637656
0.630327
0.998210
0.570650
0.571182
0.632822
0.970960
0.975441
0.972038
1.085186
0.869764
1.331038
1.018456
0.713493
0.863573
1.034978
0.877069
1.333766
0.874829
0.717687
0.967306
0.635058
0.630951
0.803039
0.469804
0.635035
0.614449
0.569470
0.570638
0.564308
0.570635
0.733672
0.408015
0.723790
0.562401
0.561557
0.563557
0.715562
0.712923
0.869126
0.722891
0.723258
0.725944
0.720787
0.563934
0.721691
0.564266
0.559430
0.572121
0.564495
0.574869
0.713159
0.566573
0.402448
0.556809
0.559488
0.556465
0.561352
0.560290
0.561797
0.556542
0.562873
0.561670
0.565702
0.562901
0.563005
0.569321
0.562068
0.564043
0.560226
0.559926
0.712795
0.568903
0.551912
0.705010
0.398709
0.542000
0.546630
0.578353
0.637723
0.629657
0.627492
0.803848
0.453241
0.626343
0.595486
0.551865
0.555401
0.553936
0.561202
0.564229
0.705361
0.717136
0.554545
0.720003
0.562746
0.709006
0.707523
0.705094
0.695042
0.702232
0.695783
1.301779
1.457189
2.218208
2.024930
1.578910
1.664735
1.617231
2.131343
1.573979
1.448403
2.315936
1.616306
1.287048
1.280995
1.273419
0.988118
1.873264
1.430796
1.728266
1.426597
1.273054
1.266322
1.715650
1.775735
1.755559
2.420005
1.164084
0.552939
0.557950
0.710817
0.550936
0.705409
0.551718
0.695637
0.556249
0.750238
0.635924
0.628289
0.800134
0.811027
0.632284
0.600643
0.550314
0.559044
0.557238
0.547566
0.547817
0.550669
0.546672
0.543701
0.694712
0.548838
0.711986
0.698064
0.577299
0.636774
0.630563
0.812832
0.804166
0.817175
0.600789
0.550199
0.554323
0.565588
0.711286
0.561687
0.726451
0.401502
0.549151
0.553491
0.550269
0.552125
0.545937
0.551319
0.549181
0.546896
0.545743
0.399093
0.554296
0.547463
0.553755
0.544794
0.393506
0.558225
0.551138
0.552637
0.402368
0.554769
0.553313
0.559436
0.700795
0.551176
0.555286
0.548545
0.394905
0.397595
0.546097
0.547902
0.544541
0.548208
0.546923
0.542369
0.550218
0.551299
0.557258
0.560752
0.550101
0.554286
0.558348
0.553996
0.556661
0.553641
0.561801
0.554287
0.560471
0.553943
0.552589
0.555299
0.547675
0.543509
0.540880
0.544651
0.552876
0.549177
0.557438
0.549140
0.553134
0.547699
0.399238
0.545968
0.397607
0.555296
0.550821
0.559286
0.559875
0.563819
0.550873
0.563583
0.570628
0.576827
0.580271
0.551688
0.546251
0.554506
0.552280
0.551593
0.545252
0.552728
0.553539
0.547011
0.549706
0.548800
0.559197
0.548760
0.551709
0.557252
0.558029
0.596699
0.631134
0.642163
0.627043
0.461222
0.629303
0.633110
0.594519
0.395985
0.395167
0.545660
0.587691
0.613778
0.630883
0.626521
0.627620
0.634512
0.637734
0.581298
0.400186
0.564784
0.402793
0.401039
0.557318
0.556105
0.550098
0.556548
0.412109
0.558019
0.561650
0.563621
0.577246
0.632492
0.629436
0.625251
0.624335
0.627091
0.633334
0.607921
0.559236
0.572417
0.555263
0.554215
0.400711
0.547465
0.555053
0.407583
0.562023
0.550054
0.546283
0.410999
0.551951
0.417591
0.565025
0.555355
0.553795
0.547003
0.399162
0.546568
0.394310
0.555204
0.541028
0.562064
0.548190
0.563184
0.405387
0.551482
0.556674
0.556942
0.552466
0.550649
0.554205
0.555672
0.551435
0.559458
0.561789
0.406999
0.412569
0.559416
0.555569
0.545744
0.554224
0.553440
0.548316
0.553899
0.551082
0.395476
0.554873
0.564001
0.565254
0.556061
0.554187
0.561606
0.409972
0.553177
0.556561
0.563862
0.555777
0.557143
0.550192
0.562567
0.553753
0.557210
0.556175
0.552564
0.541943
0.545507
0.394250
0.388944
0.551542
0.549907
0.549999
0.556613
0.551060
0.545385
0.557660
0.558063
0.550844
0.565285
0.565822
0.556733
0.555587
0.559592
0.559038
0.550237
0.552710
0.559399
0.551241
0.552006
0.548220
0.547208
0.548093
0.555178
0.552706
0.547766
0.544549
0.547976
0.549683
0.552445
0.548529
0.555717
0.549166
0.553544
0.548030
0.547549
0.553474
0.550777
0.562664
0.407309
0.551500
0.401768
0.551543
0.545202
0.547482
0.542451
0.545215
0.545843
0.556130
0.558321
0.551932
0.552599
0.397325
0.400133
0.406937
0.554282
0.548256
0.549421
0.551749
0.546966
0.556668
0.555915
0.558469
0.566792
0.555840
0.554769
0.397416
0.560545
0.553815
0.549594
0.547649
0.547670
0.544113
0.559639
0.546658
0.547774
0.399270
0.401570
0.555761
0.552517
0.563046
0.400631
0.562314
0.555136
0.574778
0.644695
0.644567
0.470958
0.633358
0.642690
0.638700
0.618826
0.397131
0.545623
0.396536
0.548996
0.548586
0.405550
0.548270
0.394139
0.409499
0.552197
0.557132
0.564964
0.552077
0.560055
0.554976
0.559289
0.561101
0.410626
0.553649
0.411751
0.402144
0.409686
0.552956
0.548255
0.394215
0.544470
0.545364
0.548318
0.399722
0.570187
0.455410
0.462902
0.454222
0.631059
0.451816
0.637930
0.630148
0.606868
0.407604
0.400990
0.405710
0.400705
0.565949
0.602794
0.475148
0.462724
0.464527
0.630175
0.621792
0.449782
0.455280
0.589778
0.555647
0.412661
0.410342
0.397211
0.405463
0.401201
0.402128
0.399522
0.408005
0.406161
0.562460
0.553938
0.409670
0.410202
0.406801
0.410436
0.566177
0.558809
0.402520
0.395708
0.404939
0.547696
0.542818
0.398041
0.396085
0.560547
0.397516
0.401213
0.555249
0.551819
0.549508
0.551344
0.405869
0.401366
0.404054
0.562725
0.403963
0.551558
0.401168
0.553418
0.563063
0.557777
0.559627
0.396954
0.542929
0.557374
0.400249
0.550647
0.399713
0.395159
0.557025
0.547701
0.544732
0.562431
0.399428
0.552863
0.393723
0.564142
0.553867
0.404583
0.566731
0.561598
0.555763
0.556229
0.550000
0.402255
0.557969
0.398031
0.547799
0.544791
0.546375
0.548247
0.544788
0.553803
0.545202
0.547929
0.552165
0.551312
0.558375
0.549625
0.403109
0.549418
0.545631
0.560859
0.557928
0.607022
0.632021
0.640660
0.631199
0.633108
0.642444
0.451379
0.577179
0.555643
0.545504
0.551794
0.393380
0.549851
0.554447
0.548721
0.543475
0.551809
0.545505
0.554139
0.549621
0.549612
0.554391
0.553620
0.562524
0.551931
0.556680
0.556830
0.399861
0.402874
0.400416
0.544204
0.557804
0.588616
0.623881
0.630442
0.632222
0.625433
0.636448
0.454452
0.614922
0.549025
0.544443
0.551617
0.546868
0.558280
0.566616
0.549953
0.553753
0.555957
0.549090
0.561536
0.551863
0.551604
0.404451
0.402568
0.547791
0.552849
0.545137
0.548495
0.550717
0.553786
0.554514
0.552560
0.554876
0.551465
0.553462
0.548088
0.554111
0.559143
0.558999
0.558080
0.548600
0.559895
0.561139
0.590668
0.581151
0.553854
0.551371
0.548135
0.556225
0.551356
0.549574
0.549368
0.548951
0.544738
0.555384
0.556543
0.549849
0.560054
0.550775
0.552850
0.556078
0.555484
0.563204
0.553224
0.567805
0.550059
0.561777
0.551213
0.554605
0.547249
0.708780
0.606674
0.553294
0.703151
0.697564
0.549254
0.545414
0.561493
0.553741
0.587762
0.620393
0.629512
0.622697
0.628284
0.626072
0.637398
0.574824
0.552966
0.552204
0.562502
0.411203
0.563366
0.557588
0.556331
0.560583
0.562591
0.553226
0.548131
0.571797
0.628703
0.634165
0.623143
0.624925
0.634680
0.637235
0.448823
0.560652
0.559330
0.561650
0.404574
0.548087
0.549157
0.409092
0.587856
0.632743
0.632929
0.632224
0.462036
0.457206
0.635847
0.620532
0.555039
0.396098
0.544042
0.547200
0.547227
0.402707
0.546945
0.549850
0.546258
0.549071
0.546724
0.550083
0.560788
0.565036
0.554927
0.545243
0.853709
0.706497
0.707116
0.560668
0.711711
0.554444
0.549878
0.548855
0.546994
0.558469
0.551528
0.398224
0.396969
0.559685
0.547490
0.553940
0.400235
0.397844
0.552606
0.406956
0.554326
0.404030
0.551174
0.397894
0.568799
0.564695
0.563772
0.557604
0.559466
0.552587
0.554754
0.551391
0.398467
0.593757
0.624407
0.452428
0.625429
0.625961
0.631875
0.627374
0.587412
0.551722
0.550723
0.710771
0.552679
0.549193
0.558743
0.547789
0.553339
0.565043
0.557843
0.551202
0.553586
0.553642
0.546856
0.545521
0.544159
0.545279
0.545071
0.540363
0.555698
0.558168
0.547086
0.550203
0.559043
0.554863
0.559148
0.569054
0.549867
0.548390
0.552862
0.551287
0.556830
0.552426
0.565501
0.559952
0.555244
0.552668
0.546999
0.555643
0.548079
0.549865
0.559520
0.603137
0.637147
0.626222
0.643515
0.633482
0.626707
0.629268
0.571318
0.553138
0.556479
0.562533
0.570191
0.591120
0.568892
0.561246
0.573603
0.562573
0.561972
0.562187
0.555689
0.567544
0.567098
0.562901
0.556266
0.560503
0.558945
0.558667
0.571734
0.561597
0.571958
0.563119
0.552235
0.555612
0.554534
0.546368
0.560969
0.559384
0.556138
0.555599
0.552737
0.559755
0.562212
0.556635
0.545448
0.547041
0.545745
0.547648
0.562217
0.559155
0.558924
0.552984
0.562880
0.558048
0.549862
0.553938
0.552381
0.559379
0.553582
0.560032
0.555303
0.559612
0.557679
0.557108
0.551292
0.561489
0.552195
0.553146
0.551069
0.547377
0.547398
0.541891
0.538715
0.557094
0.551918
0.546617
0.570544
0.634608
0.629130
0.633979
0.630694
0.634954
0.628372
0.593982
0.550693
0.554773
0.559409
0.550692
0.564888
0.557821
0.559403
0.553105
0.548353
0.542654
0.540853
0.545635
0.555974
0.549335
0.547456
0.552940
0.548845
0.549442
0.699858
0.549094
0.561092
0.562447
0.552635
0.552015
0.554829
0.559038
0.553151
0.563116
0.559645
0.558133
0.554801
0.552732
0.548642
0.545105
0.543865
0.540055
0.542150
0.697239
0.544730
0.549441
0.702313
0.600787
0.626315
0.619830
0.813163
0.629033
0.634474
0.630092
0.562507
0.557156
0.557934
0.552527
0.558452
0.555349
0.558432
0.554544
0.559411
0.546272
0.701968
0.545090
0.551551
0.542525
0.556509
0.551487
0.544157
0.543373
0.697434
0.548288
0.563824
0.553580
0.554833
0.553519
0.559297
0.572741
0.582903
0.578738
0.560292
0.567861
0.556576
0.561458
0.551362
0.553051
0.545981
0.542924
0.558413
0.548089
0.550731
0.547454
0.550180
0.549723
0.547099
0.547121
0.713597
0.711980
0.556021
0.554075
0.600063
0.800924
0.807354
0.632665
0.627389
0.628324
0.611926
0.551063
0.705907
0.544309
0.699236
0.548026
0.544491
0.548221
0.547294
0.701706
0.545049
0.557111
0.552499
0.546207
0.562787
0.554389
0.553607
0.551070
0.702149
0.563905
0.706688
0.558686
0.561593
0.555037
0.551630
0.706494
0.702623
0.700709
0.540845
0.691140
0.540412
0.706627
0.553929
0.555768
0.548802
0.549280
0.555643
0.550609
0.555399
0.546334
0.545554
0.703548
0.559181
0.705079
0.549022
0.553706
0.562587
0.553559
0.560845
0.565160
0.703746
0.710329
0.711281
0.704238
0.560519
0.705797
0.709730
0.699831
0.713172
0.847460
0.706953
0.553745
0.699657
0.579985
0.807876
0.796294
0.623545
0.626621
0.805036
0.765147
0.551702
0.712194
0.555135
0.550428
0.555231
0.548621
0.541346
0.544680
0.556236
0.698715
0.707625
0.553840
0.548431
0.544549
0.543883
0.559962
0.560625
0.550803
0.550498
0.703762
0.712958
0.556828
0.706566
0.557469
0.553912
0.577836
0.707562
0.559996
0.549455
0.552101
0.545752
0.544332
0.551228
0.545779
0.701910
0.708007
0.557625
0.549931
0.547814
0.710032
0.708580
0.554585
0.561551
0.705573
0.558885
0.555560
0.556425
0.548965
0.706899
0.559326
0.555181
0.704232
0.700233
0.699561
0.698589
0.694180
0.699971
0.770355
0.804555
0.806896
0.628669
0.804360
0.803083
0.707821
0.701750
0.702644
0.713888
0.859497
0.850970
0.851946
0.705364
0.705087
0.873391
1.007698
1.007802
0.859104
0.860113
0.876632
0.805891
0.621461
0.624820
0.797773
0.825862
0.913239
1.036490
0.702482
0.851024
0.707250
0.548583
0.697175
0.703235
0.559223
0.708521
0.609258
0.628523
0.633433
0.634947
0.635104
0.637259
0.641280
0.716203
0.702898
0.549382
0.699782
0.706060
0.547935
0.700360
0.545488
0.542395
0.555422
0.551049
0.730295
0.549850
0.707965
0.711378
0.550200
0.561366
0.550278
0.559001
0.707362
0.709358
0.706151
0.868044
0.563684
0.552536
0.744482
0.627710
0.790600
0.809826
0.973453
0.958962
0.852117
0.997344
1.150841
0.704969
0.697007
0.563033
0.700824
0.716883
0.951333
0.970964
0.976271
0.971617
0.932004
1.004623
1.004687
0.705331
1.086123
1.317531
1.144615
1.470064
1.453324
1.448116
1.614484
2.052446
2.364174
1.612782
1.600544
0.852948
1.620469
1.034728
1.141356
1.140367
0.631410
0.984841
0.746871
0.804636
0.800987
0.806762
0.806190
0.635197
0.733916
0.697723
0.846413
0.762599
0.644875
0.801849
0.632003
0.793773
0.798701
0.624243
0.698553
0.545422
0.698688
0.707257
0.555581
0.569230
0.704778
0.701444
0.702207
0.704239
1.019882
1.013905
0.714456
0.863711
1.005579
1.197532
1.148806
1.150336
1.148321
0.624776
1.022189
0.720371
0.862960
0.712966
0.871763
0.872410
0.714964
0.875093
0.556101
0.709803
0.567673
0.720036
0.860912
0.855608
0.855280
1.002839
0.706951
0.852951
1.261443
1.142445
0.970041
1.306583
0.992161
0.847605
0.848855
0.996247
1.018618
1.307000
1.662726
2.065568
1.922876
1.755455
1.156581
1.610370
2.022892
2.173015
1.905071
1.852039
0.693142
2.002230
0.633182
1.197733
1.304296
1.462331
1.303523
0.959236
1.245829
1.604341
1.462008
1.921597
1.599578
1.488379
1.974040
2.053525
2.046754
1.909004
2.505451
1.603007
1.755450
1.003599
1.928430
1.163690
1.457406
1.770794
1.722882
1.723343
1.720821
1.707814
1.720182
1.716473
1.722172
1.716915
1.820331
2.163950
1.914240
1.759786
1.753079
1.734562
1.895770
1.750753
1.751782
2.027152
2.132525
2.115979
1.967175
2.074812
1.738024
1.726270
1.635941
0.552464
1.765701
0.605384
1.780401
1.770655
1.615140
0.707590
2.359289
1.603185
1.632401
1.756246
1.835184
0.978363
0.974059
0.806323
0.981455
0.707228
0.561483
0.861615
1.007008
0.762081
1.165110
2.037194
1.844701
1.609449
1.331660
1.608270
1.748479
1.446267
1.754994
1.238001
1.836631
0.970373
2.467284
1.715276
1.157031
1.901868
2.125145
1.765847
1.620982
1.718027
1.741917
1.629845
1.870648
1.620052
1.873895
1.668311
0.703400
1.846269
1.833453
0.548279
1.627583
1.681103
0.549289
2.210998
2.457176
0.799738
1.806411
1.724088
1.630284
1.618106
1.624159
1.462343
1.728385
1.625313
1.641604
1.477019
1.682166
1.846469
1.689294
1.669227
1.629477
1.714768
1.612350
0.551785
2.211508
2.208221
1.617377
1.464967
0.815585
2.008072
1.497342
1.656866
0.717389
1.651746
1.921724
1.750969
1.749817
1.292669
1.774933
1.909601
1.939374
1.758657
1.909428
1.778325
1.897799
2.009726
2.121173
2.001304
1.861597
2.013813
1.632814
2.056403
1.894133
1.902462
1.906584
1.907411
1.895825
1.826851
1.959765
2.129858
2.137415
1.959842
1.903665
1.318615
2.146482
1.958601
1.489701
1.721189
1.328628
1.871479
1.879971
1.714989
1.912791
2.142480
1.952809
1.858817
1.714566
1.864934
1.864420
1.743675
1.866618
1.862587
1.415867
1.870400
1.864545
1.873171
2.274739
2.154273
2.108144
1.868651
1.269832
1.918897
2.147707
2.235158
2.238529
1.964719
2.016057
1.870066
1.859728
1.861260
1.265226
1.876218
1.872263
1.425047
1.975803
1.441873
1.449965
1.651771
1.868617
1.744431
1.886301
1.286795
1.723145
1.673633
2.155085
2.053267
1.724717
1.421605
1.867166
1.419640
1.717786
1.266185
1.862563
1.273226
1.714811
1.566225
1.701992
0.804700
0.974862
1.839858
1.617530
1.885649
1.714557
1.870213
1.432234
1.892085
1.882077
1.718758
1.871493
1.869277
1.871217
1.884091
1.728010
1.860412
1.740051
1.964719
1.946319
1.304731
1.862746
1.719828
1.712227
1.719735
1.894368
2.133772
1.446164
1.810185
0.557445
1.690091
1.964408
1.672567
1.741188
1.875761
1.725381
1.417276
1.624693
2.036358
0.800567
1.477058
1.153181
1.150235
0.802276
0.973954
0.802675
0.832718
0.564826
0.857195
0.854047
0.999456
1.445560
1.775939
1.717776
1.722298
1.571517
1.725835
1.724989
1.719336
1.865567
1.718699
1.865047
2.141162
1.878282
1.865382
1.267617
2.094264
2.167439
1.902566
1.365956
1.997482
1.977983
1.726370
1.719461
1.925269
1.962949
1.655177
1.721068
1.716531
1.617814
0.763421
2.123449
1.626806
1.813938
1.903259
1.616045
1.739954
1.731589
1.964020
2.163875
2.315656
1.565397
1.112306
1.872280
1.616319
2.131722
1.351415
1.408344
1.900138
1.719778
1.472087
2.126429
2.098693
1.734897
1.862870
1.867041
1.860672
1.722381
1.739371
1.424487
1.272028
1.414331
1.713940
1.472465
1.613462
0.861896
1.899110
1.742288
1.790682
1.618078
1.555547
1.420911
1.716711
0.554780
1.478902
1.622872
1.615790
1.468531
1.684272
1.840262
1.954137
1.459738
1.866270
1.866510
1.867793
1.993868
1.947072
2.018382
1.853342
1.959247
2.146054
2.070169
1.871155
2.015692
1.878833
1.876721
1.869479
1.868412
1.121912
1.274611
1.872547
1.273268
1.866228
1.866099
1.874703
1.433825
1.981838
1.629183
1.944940
1.278526
1.719309
1.467788
1.730585
1.453998
1.611544
1.472597
1.867095
1.613339
1.473778
1.674485
1.851495
1.430448
1.897880
1.492153
1.749084
1.904133
1.723717
1.872485
1.886567
1.805796
2.131356
1.655469
1.682884
1.948241
1.614243
1.737257
1.953646
1.874739
1.712150
1.729630
1.423440
1.880936
1.873268
1.723722
1.969134
0.627209
1.504126
1.924922
1.881432
2.101205
2.128574
1.941490
1.878811
0.717521
1.731497
1.875707
1.422115
1.265932
1.867848
0.545449
1.727002
1.744559
1.894963
1.911295
1.865791
2.069955
1.103344
2.137024
1.206932
1.422245
1.889837
1.450808
1.908736
1.912412
1.290586
1.911635
1.449899
1.779293
1.456484
1.451540
1.956613
1.839989
1.853438
1.840033
1.843430
1.758116
1.875684
1.744898
1.872435
2.033685
2.087166
2.807405
2.407581
2.169567
2.020213
1.578461
1.575247
1.924622
1.720996
1.269963
1.727086
1.723557
2.385530
2.240642
2.088602
2.201307
1.446950
2.204855
1.868286
1.418216
1.866933
1.910797
2.120733
2.255270
1.877804
2.507217
1.277546
1.281479
1.965465
1.275878
1.870989
0.969521
1.720143
1.726150
1.421098
1.138991
1.738767
1.424853
1.722664
1.420643
1.871424
1.878239
1.417026
1.977906
1.443453
2.121282
1.420696
1.418213
1.272128
1.867613
1.863029
2.024348
2.021311
2.020188
1.415088
2.019030
1.871461
2.272268
1.870718
2.097031
2.640672
2.226030
2.189948
1.893704
1.272580
1.417296
1.933930
2.133591
1.621206
1.424862
1.416323
1.122616
1.428506
1.421275
1.567244
1.562015
1.623840
1.467440
0.553374
1.008250
0.553732
0.707714
1.157195
1.606811
0.861425
1.664611
1.335155
0.708796
0.567764
1.680184
1.955552
1.624418
1.737532
0.713972
1.583668
1.730484
1.884253
1.873158
2.048498
2.029325
1.566383
1.409085
2.073125
1.615077
2.145789
1.430579
1.124236
1.427323
2.015635
1.278733
1.567011
1.415062
1.410936
1.588302
2.127016
1.527176
1.566982
1.569060
1.269435
1.414339
1.982879
1.619450
1.616709
1.120561
1.268135
1.263740
0.553796
1.417066
1.727376
1.519408
1.960019
1.450538
1.600932
1.420672
1.861962
2.010845
2.437008
2.290800
1.561495
1.557256
1.867142
1.274268
1.717822
1.118616
1.262426
1.259943
1.416700
0.967616
1.124539
1.425426
1.268184
0.714961
1.313260
1.810772
2.074748
2.028186
1.503551
1.665049
1.794377
1.782557
1.562199
1.591227
1.478457
1.565219
1.548985
0.452974
1.677643
1.675254
1.468902
1.470891
0.553330
1.613213
1.157702
1.477977
1.569885
1.573007
1.569928
1.561186
1.567113
1.904469
2.182428
1.270479
1.433289
1.430998
1.412566
1.274461
1.414723
1.413249
1.260149
1.264426
1.268560
1.421445
1.568333
1.422883
0.716010
1.317700
0.505749
1.620699
1.471036
1.413883
0.454412
0.458565
1.318917
0.628683
0.637616
0.746066
0.600134
0.800395
0.635803
0.799973
1.146862
2.032517
1.473325
1.309895
1.626428
1.601623
1.599760
0.704051
1.344762
1.495604
0.981122
0.977934
0.943812
1.328114
0.714939
0.864276
0.553932
0.703366
0.552790
0.549256
0.557276
0.552432
0.705583
0.696756
0.564111
0.857375
0.698197
1.315751
0.550115
0.853060
0.555949
0.708620
0.751718
0.811722
0.631429
0.808769
0.806533
0.807881
0.573785
0.560907
0.702667
0.553724
0.565267
0.407502
0.566356
0.406730
0.558159
0.548636
0.567325
0.630609
0.629251
0.816065
0.631589
0.633121
0.630402
0.429082
0.576457
0.572363
0.558394
0.559012
0.408327
0.561673
0.561404
0.556431
0.571256
0.563696
0.718932
0.564476
0.566792
0.565712
0.568966
0.556027
0.552862
0.551727
0.555913
0.564891
0.713801
0.715237
1.019396
1.023886
1.024224
1.251973
1.672133
1.850646
1.613913
1.424662
1.882368
1.719669
2.173735
1.800691
2.247692
1.572271
1.584220
1.269060
1.265311
1.619477
2.477561
1.271591
1.290284
2.168568
1.434915
1.421821
1.572524
1.725597
2.331085
1.423710
1.423777
1.430350
1.277379
1.719997
1.558957
1.843586
0.461584
0.634174
0.626199
0.874656
1.496058
0.631042
0.622561
0.798078
0.782728
0.545885
0.844958
0.549395
0.703432
0.700170
0.544048
0.749242
0.624527
0.628740
0.454503
0.803173
0.802558
0.453993
0.724523
0.885598
0.634361
0.969838
0.643753
0.803111
0.459973
0.635113
0.799395
0.627846
0.802778
0.626965
0.632128
0.463910
0.589583
0.712675
0.876735
1.178713
0.719782
0.924834
0.976948
1.675461
0.980857
1.048816
1.012653
0.858854
0.557095
0.712220
0.551487
0.715522
0.707445
0.856295
0.550727
0.557391
0.550476
0.548529
0.394707
0.545537
0.559316
0.397849
0.550842
0.546716
0.550900
0.552617
0.548072
0.551778
0.549121
0.394876
0.550520
0.547029
0.555809
0.552258
0.553758
0.550175
0.562042
0.551991
0.582980
0.624575
0.620913
0.629176
0.624686
0.620902
0.626005
0.589757
0.546536
0.544695
0.399807
0.559894
0.556802
0.561868
0.550395
0.401605
0.550394
0.555304
0.595566
0.644940
0.640678
0.636006
0.460589
0.458632
0.626649
0.620733
0.542488
0.544667
0.547185
0.404544
0.397471
0.548834
0.397055
0.547605
0.559258
0.553381
0.398846
0.399846
0.404009
0.552652
0.550860
0.550883
0.547795
0.565149
0.402913
0.565070
0.554625
0.559208
0.568491
0.545318
0.405076
0.398177
0.556800
0.549626
0.400800
0.399147
0.399519
0.395177
0.556058
0.398658
0.431875
0.555218
0.575868
0.553844
0.397136
0.407599
0.559236
0.554789
0.563135
0.554813
0.552812
0.551058
0.581850
0.550289
0.551226
0.543196
0.545883
0.540201
0.547338
0.395217
0.543654
0.403253
0.548671
0.404099
0.552582
0.572576
0.547915
0.551344
0.551222
0.554247
0.552625
0.547226
0.562965
0.403065
0.401399
0.558591
0.397133
0.552594
0.395182
0.546879
0.551230
0.550175
0.549648
0.405945
0.551652
0.551690
0.545387
0.398931
0.557644
0.403905
0.582018
0.641330
0.462126
0.457347
0.458855
0.464781
0.632645
0.636784
0.438999
0.597763
0.452920
0.445945
0.446723
0.451628
0.447076
0.618901
0.452528
0.450596
0.571899
0.557178
0.560148
0.595614
0.557531
0.422634
0.607305
0.633745
0.457210
0.630169
0.627122
0.462356
0.461032
0.468440
0.576703
0.401680
0.394018
0.558404
0.401775
0.394710
0.552328
0.394554
0.543476
0.550491
0.558954
0.394858
0.548498
0.552120
0.404063
0.579018
0.468603
0.460341
0.626199
0.639913
0.462493
0.460702
0.633772
0.600345
0.554553
0.565377
0.401073
0.392008
0.543704
0.397355
0.552965
0.549756
0.550270
0.549761
0.395503
0.402310
0.548162
0.250828
0.404445
0.407102
0.396677
0.397613
0.401291
0.398576
0.406766
0.400971
0.408840
0.408184
0.400639
0.411943
0.247766
0.401612
0.396138
0.402691
0.399472
0.404503
0.401598
0.407868
0.401413
0.401214
0.406462
0.406384
0.399704
0.398629
0.405594
0.405502
0.399084
0.410635
0.402081
0.555274
0.556910
0.403565
0.408340
0.551036
0.551325
0.550604
0.549982
0.426884
0.454296
0.449589
0.454977
0.452495
0.625192
0.468648
0.456919
0.468978
0.433140
0.549447
0.553710
0.547213
0.557460
0.553868
0.565915
0.560442
0.557489
0.405392
0.552993
0.403583
0.555977
0.394204
0.392456
0.388297
0.390332
0.558730
0.399015
0.553622
0.396530
0.398559
0.553631
0.400184
0.400485
0.395302
0.558721
0.553287
0.562776
0.552073
0.550535
0.566599
0.553248
0.404718
0.551954
0.409679
0.401267
0.399065
0.400040
0.547537
0.555993
0.545938
0.558808
0.557465
0.396155
0.396798
0.407408
0.550441
0.407623
0.398580
0.403122
0.399885
0.396529
0.400520
0.412389
0.405544
0.411999
0.404209
0.410442
0.403925
0.396245
0.396245
0.394047
0.390501
0.390071
0.390995
0.398562
0.396264
0.395148
0.394060
0.401462
0.395057
0.396060
0.400297
0.397685
0.543868
0.407426
0.401118
0.399547
0.558350
0.403695
0.404853
0.410483
0.556083
0.397573
0.400523
0.392462
0.392075
0.553291
0.398268
0.395232
0.405546
0.554943
0.405363
0.410974
0.401007
0.403473
0.407632
0.400432
0.561902
0.412869
0.402967
0.401955
0.402643
0.414320
0.403654
0.565024
0.402503
0.551364
0.398820
0.398097
0.392955
0.395536
0.398704
0.396069
0.406934
0.397196
0.397501
0.408879
0.404658
0.560752
0.555695
0.396180
0.404728
0.552436
0.402548
0.399185
0.403914
0.552240
0.398988
0.404457
0.551613
0.548691
0.399683
0.549945
0.396036
0.554750
0.549573
0.397195
0.549846
0.403373
0.552288
0.408262
0.399757
0.566300
0.554381
0.402757
0.404622
0.558355
0.399495
0.415705
0.403015
0.552245
0.404444
0.555463
0.403074
0.554789
0.546288
0.553475
0.404130
0.402109
0.403844
0.554092
0.397534
0.556366
0.395766
0.396164
0.398456
0.558766
0.409631
0.602626
0.632140
0.626320
0.631413
0.467147
0.461430
0.457001
0.470942
0.423306
0.412039
0.547358
0.424977
0.626269
0.623078
0.453068
0.465376
0.628467
0.630555
0.630576
0.553554
0.553778
0.552185
0.400395
0.557639
0.554131
0.549004
0.395180
0.400865
0.404378
0.398860
0.397708
0.406896
0.555356
0.401894
0.395140
0.396903
0.397529
0.391754
0.549606
0.393784
0.544981
0.549794
0.549845
0.544905
0.545812
0.551590
0.557762
0.560514
0.561300
0.554406
0.551377
0.548047
0.552543
0.551840
0.563094
0.404526
0.401558
0.396966
0.403641
0.395374
0.395781
0.548002
0.546508
0.546630
0.550950
0.551659
0.545573
0.544481
0.561206
0.549283
0.553246
0.554432
0.547103
0.558084
0.549925
0.553008
0.551582
0.556780
0.557630
0.560466
0.558222
0.557447
0.554213
0.544736
0.701436
0.553590
0.707635
0.546241
0.700539
0.554993
0.702381
0.697155
0.700749
0.702655
0.698355
0.703112
0.706292
0.552943
0.548251
0.701630
0.554051
0.558451
0.554613
0.562476
0.549836
0.547297
0.548147
0.553611
0.550418
0.551934
0.546961
0.549467
0.555068
0.545450
0.545939
0.548928
0.550676
0.415331
0.557513
0.549852
0.395251
0.553920
0.397425
0.562471
0.410903
0.427339
0.554894
0.550473
0.612319
0.626777
0.456683
0.457728
0.451792
0.451333
0.622342
0.627773
0.445104
0.559211
0.553027
0.559738
0.569824
0.559933
0.560612
0.568286
0.559708
0.552400
0.547018
0.552670
0.558344
0.563992
0.402079
0.408303
0.400345
0.432184
0.627551
0.464351
0.626937
0.626504
0.626896
0.624014
0.611777
0.556073
0.554290
0.551243
0.551381
0.546559
0.561621
0.561168
0.566198
0.562122
0.555131
0.552469
0.410100
0.558260
0.559566
0.553050
0.566355
0.555319
0.602173
0.627133
0.456560
0.636363
0.643259
0.640511
0.627337
0.587211
0.548351
0.545265
0.549694
0.562354
0.550521
0.554087
0.560321
0.555959
0.569480
0.620691
0.640306
0.641624
0.642144
0.633078
0.636123
0.604157
0.548017
0.556870
0.547546
0.546015
0.546397
0.544355
0.541783
0.548031
0.552795
0.555951
0.550164
0.550501
0.553542
0.555139
0.565349
0.563471
0.551001
0.558982
0.553292
0.556886
0.558400
0.555956
0.559570
0.558483
0.550211
0.554228
0.547421
0.598404
0.622368
0.622512
0.626432
0.626328
0.627540
0.644519
0.566643
0.556174
0.556564
0.554675
0.555018
0.555694
0.562089
0.558286
0.568720
0.579933
0.637229
0.642740
0.632902
0.641386
0.632970
0.625353
0.586463
0.548173
0.550181
0.552389
0.543754
0.546132
0.553455
0.547113
0.557376
0.555675
0.551744
0.558174
0.557669
0.557985
0.548108
0.548838
0.553198
0.550730
0.554293
0.554802
0.553535
0.549991
0.554096
0.547507
0.544480
0.555537
0.548229
0.557649
0.546025
0.546752
0.556191
0.548689
0.545728
0.554991
0.569628
0.637598
0.630105
0.630703
0.626893
0.628744
0.627863
0.613981
0.555066
0.552277
0.547556
0.557025
0.545480
0.550681
0.551226
0.543566
0.547653
0.555168
0.547981
0.548453
0.550724
0.547443
0.547603
0.551826
0.545791
0.561620
0.553755
0.555586
0.566363
0.566758
0.566344
0.572723
0.562894
0.576127
0.564029
0.550971
0.554291
0.548183
0.551694
0.550892
0.547756
0.560376
0.550334
0.555809
0.551628
0.557989
0.550260
0.553088
0.557552
0.551157
0.553846
0.554552
0.557070
0.548846
0.549604
0.552929
0.555977
0.553309
0.554263
0.553302
0.544180
0.555841
0.545493
0.607278
0.626625
0.624202
0.628172
0.632158
0.626267
0.643755
0.549947
0.551430
0.560315
0.560142
0.556637
0.554019
0.613596
0.632609
0.639444
0.632928
0.634958
0.630852
0.648561
0.577557
0.624341
0.620078
0.623430
0.625048
0.628786
0.635251
0.599704
0.553553
0.552709
0.548930
0.558477
0.557413
0.553978
0.550176
0.547413
0.557475
0.547562
0.551966
0.558707
0.564579
0.560854
0.561339
0.555359
0.559479
0.549912
0.550239
0.547504
0.542842
0.548865
0.545977
0.557454
0.551348
0.545400
0.564005
0.551229
0.556071
0.555601
0.549723
0.548673
0.560674
0.565050
0.553186
0.557210
0.552402
0.561714
0.557410
0.558201
0.555472
0.547982
0.545434
0.552304
0.545144
0.547497
0.551888
0.558915
0.548565
0.543917
0.552202
0.552811
0.551376
0.551668
0.551495
0.547395
0.554968
0.550609
0.717196
0.555245
0.557586
0.586611
0.652086
0.632567
0.629335
0.622884
0.633067
0.814596
0.578248
0.576270
0.628425
0.635123
0.798229
0.635032
0.623766
0.626615
0.576159
0.548951
0.562901
0.553051
0.720525
0.560017
0.577470
0.556199
0.551945
0.556984
0.563223
0.558912
0.568665
0.557190
0.560894
0.554571
0.545008
0.549507
0.549714
0.703776
0.548801
0.545971
0.550344
0.550695
0.698122
0.550754
0.617051
0.662262
0.626390
0.799796
0.640002
0.642242
0.751177
0.561761
0.559410
0.589086
0.819976
0.623710
0.794187
0.958638
0.624952
0.592706
0.590360
0.800345
0.805073
0.622084
0.808806
0.798611
0.731978
0.557466
0.562610
0.557947
0.560676
0.865379
0.720981
0.560586
0.551075
0.706259
0.561619
0.560779
0.702195
0.694690
0.699918
0.697052
0.551113
0.547464
0.710173
0.698769
0.552170
0.544866
0.545606
0.563069
0.553525
0.549257
0.551898
0.550553
0.560884
0.553558
0.554248
0.553390
0.569462
0.706448
0.560052
0.702981
0.552859
0.556003
0.545886
0.541808
0.543893
0.697212
0.698065
0.713960
0.718174
0.702665
0.696268
0.630071
0.794521
0.978614
0.802435
0.804071
0.749506
0.858881
0.863158
0.860204
0.858354
0.855672
0.848023
0.865848
1.159322
1.008933
1.005911
1.448889
1.828683
1.302426
1.454960
1.152827
0.850304
1.002123
0.700220
0.554097
0.701456
0.703674
0.709017
0.562678
0.556043
0.553639
0.555563
0.705536
0.709026
0.554113
0.549652
0.552643
0.552522
0.563992
0.549543
0.705438
0.544275
0.701437
0.706292
0.696843
0.695982
0.897141
0.638070
0.810784
0.977826
1.320164
1.035545
1.325923
1.160584
1.753004
1.998407
2.406416
1.775721
2.620277
2.027721
1.933434
1.601899
1.828512
0.862339
2.023623
1.842255
1.835512
0.549180
1.911836
1.322338
0.598296
0.802084
0.626624
0.637305
0.802519
0.633148
0.602524
0.556191
0.561720
0.558936
0.552546
0.718433
0.559081
0.558347
0.863146
0.707001
0.706520
0.857870
0.854541
0.847259
0.856457
1.000863
0.857048
1.024432
1.158987
1.008437
1.003729
1.000618
0.551580
1.001520
0.912038
0.640130
0.799136
0.804605
0.804161
0.639113
0.789401
0.808389
0.630347
0.806492
0.801692
0.783177
0.550252
0.708396
0.704152
0.699882
0.846183
0.542396
0.856501
0.693879
0.851801
0.701939
0.851645
0.702404
0.850462
0.554724
0.854600
0.701729
0.847452
0.868211
0.555631
0.859969
0.551876
0.859275
1.003754
0.852227
0.996394
0.991643
1.300600
2.284482
1.947483
1.964344
1.954838
1.952667
1.770059
1.754839
1.721503
1.715718
1.736628
0.612093
1.627636
1.823697
0.631052
2.404286
0.629180
0.976617
1.154490
0.806013
0.783437
0.857593
0.708751
0.711329
0.551506
0.558988
0.708212
0.712029
0.712302
0.708195
0.868269
1.022155
1.020517
1.020915
0.570950
1.075981
0.972974
1.149133
0.973947
0.630623
0.885772
0.709683
1.176278
0.711389
0.865875
1.013975
0.710421
0.705427
0.713201
0.713508
0.866585
0.709335
0.556975
0.711081
0.716911
0.721857
0.721769
0.613652
0.799412
0.817343
0.972172
0.804436
0.947653
1.026815
0.897376
1.155169
0.978905
0.986048
1.295841
0.629803
0.976374
0.626560
0.800608
0.621748
0.759982
0.702170
0.848113
0.746895
1.140409
1.149822
0.971649
1.109390
0.797617
0.630633
0.800524
0.804938
0.636303
0.746851
0.551128
0.703513
0.551994
0.704354
0.548588
0.713822
0.844915
0.695256
0.848921
1.241769
1.136055
1.309056
1.305552
1.157279
1.295867
1.151004
2.043867
2.202594
1.777762
1.773379
0.701995
2.110231
1.011759
2.128698
2.398419
2.350031
1.947122
1.453306
2.576811
2.016981
1.994137
1.453104
2.512830
2.450777
2.140696
1.613184
1.977440
1.002096
1.674111
0.811724
0.630257
1.315066
1.503793
0.974634
1.320633
1.501705
1.305947
1.185444
1.492639
1.316423
1.615713
1.776227
1.751994
2.126650
1.942680
1.480411
1.859729
1.923915
1.861907
1.861281
1.872533
1.716367
1.410591
1.860970
1.268040
1.730104
1.722625
1.471285
1.723543
1.620991
1.622696
1.873519
1.732900
1.887997
1.875837
1.424329
2.131852
1.881277
1.714533
1.858491
1.888811
2.157669
1.970700
1.896525
1.887489
2.140374
1.421772
1.420901
1.865787
1.912109
1.886287
2.116797
2.142743
2.105340
1.915350
2.090120
1.910822
2.021684
2.137686
1.418138
2.002343
1.627413
0.812489
1.897607
2.129376
2.089047
2.269626
1.434209
1.986860
2.140712
2.062020
1.750819
1.888373
1.329601
2.139336
2.085849
1.882279
1.945318
2.713275
2.031617
1.910183
2.279987
1.902211
1.903110
1.906622
2.050150
1.288054
1.911288
1.438848
1.516648
2.137679
2.059974
2.229876
1.421441
1.886886
1.880354
1.881696
1.272557
1.873381
1.875152
0.715286
1.966940
2.132909
2.026972
1.877092
2.020531
1.272541
1.287919
1.864987
1.874179
1.863515
1.873021
1.261583
2.011356
2.144571
1.995527
1.881328
2.237409
1.885771
2.238307
1.872139
2.252686
1.875131
1.881271
2.070723
2.085003
1.267858
2.078286
1.886258
1.877232
1.997394
2.137031
2.386524
1.883818
1.856085
2.094815
1.874579
2.099147
2.524330
1.267575
1.280270
2.110297
2.306372
1.896635
1.463161
2.134092
1.457197
1.468082
1.871368
1.877842
1.880043
1.420385
1.863577
2.223596
1.879306
1.912300
1.910734
1.873209
1.868811
1.264573
2.394988
1.617697
1.438046
2.119142
1.614569
1.151393
1.895998
1.870135
1.716567
1.868527
1.720026
1.876211
1.876443
1.899982
1.569157
1.730208
1.873710
1.877761
1.269062
1.869241
1.422742
1.413864
1.869057
1.715323
1.265973
1.315331
1.488057
1.845842
1.679879
1.700065
0.711763
0.710134
1.005882
1.003741
0.554275
0.727060
0.809820
0.975090
0.982832
0.975726
0.906527
1.307344
0.555202
1.762946
0.549378
0.550766
1.160146
1.302425
1.755097
1.757093
1.772939
1.717748
1.713423
1.727666
1.869342
1.262766
1.265886
1.575940
1.713119
1.726294
0.505384
1.780766
0.662406
0.567384
0.711450
0.555391
1.186157
0.866445
0.853107
1.301327
0.851334
0.700080
1.145169
1.311009
0.995616
1.749768
1.668438
1.622636
1.727679
1.868850
1.883822
1.877293
1.918059
1.109398
2.142976
0.803679
1.883246
1.889789
1.873930
1.422431
1.423978
1.259776
1.730311
1.860062
1.411370
1.707660
1.320236
1.620854
1.466066
1.473503
1.504372
1.329494
1.466356
1.163604
1.714308
1.722601
1.782171
1.624969
1.503726
1.827176
1.278172
1.741289
1.566898
0.723321
1.329211
1.727407
2.028533
1.878976
1.870082
1.863533
1.950608
1.445550
2.132092
1.479273
1.608060
1.967318
1.913467
1.869567
1.417363
1.987135
1.630664
1.618082
0.971537
0.457640
0.817570
1.846356
0.608645
2.079420
1.660033
1.002754
0.698187
0.800194
0.692693
1.745420
0.624109
1.852346
1.829813
1.614395
1.723803
1.719603
1.736024
1.731381
1.886542
1.882158
1.271451
1.276342
1.940039
2.125859
2.097247
2.026728
2.132995
1.379878
1.879914
1.876858
1.870232
1.415252
1.864419
1.882760
2.014801
1.869998
2.004578
1.885234
2.234954
1.876171
1.867265
1.264758
1.432829
1.268948
1.421320
1.276235
1.872333
1.872122
1.439884
1.884952
1.432436
1.725691
1.874115
1.875157
1.872615
1.870404
1.724744
1.415421
1.865607
1.868566
1.966767
1.447335
2.132248
1.291758
1.850673
1.456862
2.115087
1.432288
1.738404
1.295382
1.279104
1.731925
1.722737
1.874419
1.426799
1.425320
1.885970
2.176483
1.891348
1.450872
1.901637
1.894814
2.111395
1.614964
2.124337
2.018538
2.017394
2.171835
2.074838
2.830694
2.344760
2.402134
2.018410
2.637805
2.138293
1.450992
2.624826
2.406090
2.678196
2.314758
1.282725
1.169246
1.284132
1.124268
1.119248
1.272662
0.964193
1.275801
1.867891
1.569144
1.891636
1.570247
2.045916
1.268139
1.589319
1.434803
1.888304
1.879229
1.568582
1.945702
1.278000
2.132864
1.768032
1.272157
2.146338
1.627194
2.342595
1.617741
2.091100
1.625264
1.615610
1.520568
2.024301
1.880594
1.420831
1.871327
1.872889
2.021147
1.453756
2.311849
2.398160
2.180027
2.141451
2.273043
2.283066
1.283213
1.423235
1.421011
1.873340
1.876981
2.020408
1.869363
2.377530
2.372159
1.867145
1.264470
1.259599
1.416406
1.425224
1.266723
1.675560
1.796642
2.094919
1.795035
2.137067
2.033563
1.792582
2.375901
1.872493
1.278962
1.578704
1.420786
2.175049
1.429877
1.271937
1.335237
1.444350
1.611915
1.645670
1.569445
2.020877
2.015752
2.037711
1.416579
2.017219
1.872212
1.414323
1.275241
1.876683
1.422684
1.569894
1.422242
1.425712
1.418237
1.588701
1.120415
1.422841
1.274115
1.417430
1.569117
2.018236
2.302718
1.646960
1.553653
1.418459
1.414692
1.274371
1.425592
1.418830
1.438988
1.443539
1.601587
1.288058
1.609807
1.622633
1.383067
1.575526
1.276560
1.575224
2.031753
1.776805
1.567042
1.725496
1.748930
1.785362
1.078300
2.166263
1.414857
1.568315
1.267692
1.435055
1.266222
2.020670
1.678171
1.619554
1.616493
1.292309
1.417039
1.440177
1.421874
1.646423
1.790376
1.793084
1.456795
1.419268
1.292838
1.448071
1.447264
1.399706
0.955565
1.260765
1.265782
1.426447
1.418248
0.559389
0.609512
0.560724
1.313069
1.601124
1.573299
1.461238
0.760108
1.158310
1.471821
1.469129
1.464416
1.468949
1.019790
1.572520
1.317310
1.416252
1.416256
1.423886
1.421169
1.714950
1.573347
1.580056
1.420190
1.611209
1.626402
1.618427
1.534960
2.172880
1.293209
1.624496
1.452961
1.853296
1.426497
1.438903
1.509270
1.280223
1.795785
1.516657
1.418172
1.417282
1.118883
1.114521
0.712125
1.273752
1.423958
0.713529
1.483020
1.619153
0.401857
1.465608
0.400258
1.168022
1.164135
1.476642
1.586165
1.574385
1.573956
1.120574
1.319527
1.017782
1.318880
0.411658
0.407837
1.313099
2.099283
0.797665
0.971039
0.798838
0.977743
0.634325
0.717222
0.562345
0.700319
0.701632
0.552338
0.550308
0.707809
0.590078
0.813760
0.809627
0.635603
0.644905
0.645204
0.783128
0.709753
0.895537
1.493644
2.233997
1.633240
1.615387
1.556702
1.717214
1.421527
1.117842
1.419009
0.711450
1.276119
1.472055
1.479851
1.177084
1.474609
0.403792
0.805911
1.004089
0.554057
0.706744
1.152116
0.568475
0.705862
0.559477
0.553222
0.550784
0.547387
0.545393
0.547013
0.548239
0.552825
0.396794
0.696424
0.402873
0.551880
0.558448
0.569524
0.577910
0.609203
0.802255
1.311346
2.162371
2.062210
0.510196
1.475488
0.403300
1.490333
0.405016
0.556708
0.613343
0.545023
0.705329
0.700184
1.608458
0.546796
1.788568
0.710391
0.699571
1.005354
1.154837
0.548917
0.553508
0.707059
0.703504
0.715641
0.572462
0.706911
0.859295
0.709586
0.413063
0.713429
0.754819
0.640144
0.626773
0.622810
0.619668
0.623509
0.639995
0.571427
0.583891
0.561853
0.546570
0.396317
0.548653
0.555722
0.701962
0.705209
0.710710
0.702240
0.854686
0.552823
0.554368
0.553231
0.713091
0.566345
0.559854
0.705471
0.546066
0.699845
0.696456
0.851874
0.882320
0.623996
0.628298
0.630806
0.631326
0.621233
0.451961
0.606086
0.708647
0.717233
0.401470
0.549757
0.565022
0.552461
0.557786
0.559741
0.559360
0.553694
0.564291
0.565208
0.707320
0.546889
0.549240
0.550451
0.545122
0.392491
0.541877
0.400800
0.549371
0.556219
0.553186
0.403223
0.560882
0.411361
0.558881
0.403988
0.406587
0.398745
0.712522
0.559294
0.557057
0.405342
0.552707
0.562230
0.589881
0.625406
0.622200
0.621246
0.623556
0.637207
0.633583
0.554751
0.556346
0.410015
0.549603
0.545535
0.549142
0.552365
0.556860
0.567967
0.554194
0.549488
0.402424
0.559603
0.409277
0.601074
0.630629
0.630923
0.622702
0.459498
0.620940
0.620612
0.589189
0.543898
0.543975
0.553188
0.551015
0.544457
0.564370
0.552027
0.397852
0.559434
0.553410
0.560267
0.400410
0.405983
0.555519
0.554166
0.552390
0.556181
0.547302
0.556471
0.546675
0.551271
0.546978
0.546371
0.556300
0.405302
0.548276
0.397377
0.547763
0.398543
0.547899
0.547126
0.403776
0.552960
0.402663
0.548327
0.399807
0.563463
0.556424
0.555320
0.406116
0.402961
0.558021
0.404292
0.560266
0.394515
0.549558
0.549612
0.556589
0.562641
0.563156
0.399072
0.554980
0.550939
0.401210
0.397731
0.394697
0.559072
0.400464
0.558215
0.560111
0.557790
0.556741
0.551982
0.554083
0.403863
0.401061
0.563399
0.397278
0.556789
0.399575
0.553687
0.398240
0.559337
0.556682
0.552597
0.400278
0.565923
0.544749
0.409104
0.402097
0.552888
0.604357
0.632251
0.458818
0.639565
0.628110
0.633934
0.462403
0.450972
0.403956
0.552833
0.550155
0.558353
0.549698
0.550064
0.545999
0.396610
0.547309
0.544992
0.564407
0.550290
0.409455
0.560944
0.551077
0.551785
0.551739
0.614055
0.638335
0.468552
0.461083
0.646281
0.465106
0.649060
0.632976
0.561221
0.404362
0.397335
0.556359
0.404841
0.549439
0.396968
0.400301
0.545587
0.552514
0.549003
0.403988
0.403284
0.404286
0.405366
0.401214
0.407438
0.556274
0.566060
0.401565
0.561278
0.400792
0.409570
0.406735
0.560705
0.553168
0.396654
0.398451
0.398236
0.546890
0.555596
0.405140
0.397395
0.394458
0.400294
0.546701
0.397225
0.403236
0.408047
0.401017
0.405277
0.400864
0.403075
0.402468
0.399359
0.397602
0.414480
0.557288
0.405454
0.401255
0.394050
0.395241
0.394496
0.551818
0.395838
0.397306
0.401126
0.391577
0.403140
0.410173
0.404113
0.407081
0.555187
0.399927
0.406311
0.411256
0.554827
0.406841
0.403003
0.559132
0.401705
0.402540
0.400936
0.406374
0.395964
0.552953
0.547521
0.399541
0.551674
0.547358
0.406157
0.406342
0.397755
0.403448
0.402223
0.411246
0.412911
0.570889
0.560534
0.401486
0.549305
0.553231
0.406895
0.402889
0.407569
0.553359
0.402367
0.396356
0.396866
0.542516
0.395274
0.393385
0.391266
0.391719
0.396494
0.558524
0.395798
0.393574
0.402634
0.397766
0.420315
0.464000
0.459979
0.634942
0.464541
0.462563
0.462613
0.631273
0.612396
0.398349
0.556885
0.552569
0.395409
0.551106
0.400077
0.396313
0.395652
0.398607
0.398164
0.400581
0.398118
0.399329
0.616346
0.627510
0.632336
0.460997
0.629781
0.635444
0.459494
0.435928
0.410239
0.405827
0.550497
0.407751
0.553600
0.549273
0.545225
0.403000
0.545670
0.395440
0.393502
0.398226
0.396364
0.400732
0.398275
0.549208
0.400902
0.401615
0.556914
0.407736
0.401643
0.402154
0.576609
0.409304
0.405125
0.405782
0.416923
0.410539
0.435934
0.411915
0.407116
0.408856
0.399175
0.559912
0.395644
0.553272
0.395582
0.401009
0.553463
0.548996
0.406018
0.420569
0.458264
0.470366
0.461191
0.452374
0.470894
0.461075
0.468464
0.464053
0.594497
0.411601
0.557932
0.395461
0.392124
0.392523
0.554926
0.553061
0.402860
0.401997
0.403584
0.400298
0.395544
0.391737
0.406725
0.429813
0.652110
0.630742
0.457622
0.463969
0.464426
0.458989
0.459428
0.463631
0.419035
0.409382
0.400204
0.394023
0.399131
0.397681
0.396194
0.549910
0.549821
0.400931
0.396563
0.397221
0.395644
0.396615
0.397176
0.583923
0.634281
0.465524
0.465896
0.455797
0.463179
0.630501
0.638760
0.443399
0.407738
0.426381
0.558358
0.549029
0.397937
0.395249
0.397918
0.393910
0.404849
0.399913
0.398678
0.398072
0.401150
0.395588
0.397164
0.555899
0.554645
0.398281
0.557929
0.435496
0.651694
0.456089
0.644840
0.647184
0.472016
0.636436
0.465534
0.417096
0.396685
0.545193
0.543886
0.401571
0.396886
0.400074
0.395609
0.398825
0.406110
0.424830
0.454713
0.465233
0.456224
0.632241
0.458979
0.454923
0.638899
0.625963
0.555503
0.554342
0.407038
0.404025
0.547365
0.393556
0.389255
0.406926
0.396201
0.543751
0.549957
0.558584
0.544899
0.398659
0.557173
0.547711
0.546063
0.564431
0.559123
0.556468
0.399845
0.561648
0.555385
0.552298
0.410478
0.409476
0.410640
0.557155
0.557543
0.401896
0.395838
0.554264
0.390875
0.390903
0.396396
0.396552
0.549410
0.550813
0.392987
0.545599
0.550861
0.551750
0.401416
0.399906
0.395541
0.548041
0.564255
0.405153
0.552744
0.555140
0.563412
0.556824
0.406135
0.552864
0.557879
0.399505
0.546578
0.552454
0.548446
0.547760
0.552656
0.549758
0.400837
0.406250
0.551159
0.552219
0.548219
0.557996
0.555855
0.554758
0.410182
0.402822
0.555644
0.551464
0.556345
0.406048
0.554964
0.394762
0.396295
0.396355
0.390720
0.389012
0.552452
0.548641
0.408824
0.405658
0.399647
0.552478
0.397389
0.401703
0.398718
0.407776
0.550301
0.409624
0.548310
0.406503
0.557731
0.410269
0.562247
0.401865
0.401357
0.546219
0.545054
0.546772
0.549803
0.549649
0.396726
0.546326
0.407663
0.396386
0.396142
0.400887
0.394965
0.395514
0.560759
0.404803
0.412330
0.400217
0.401595
0.403257
0.407860
0.402641
0.561791
0.401981
0.557026
0.397750
0.545417
0.395632
0.543613
0.544574
0.545020
0.393281
0.551907
0.543913
0.543682
0.403217
0.557806
0.405457
0.552700
0.400047
0.574144
0.457974
0.636614
0.641379
0.634315
0.634425
0.463328
0.627454
0.402082
0.394716
0.546211
0.547536
0.397166
0.403470
0.407534
0.550097
0.555995
0.550606
0.396136
0.612465
0.627041
0.453122
0.463545
0.456553
0.458496
0.457411
0.629266
0.601765
0.406068
0.399445
0.549358
0.403872
0.555249
0.546545
0.397351
0.541812
0.546783
0.545227
0.545641
0.548919
0.547224
0.398253
0.604132
0.626902
0.621903
0.630461
0.453307
0.640959
0.632322
0.594429
0.552193
0.558190
0.553039
0.550348
0.413477
0.406071
0.558053
0.594230
0.634834
0.630743
0.624346
0.620185
0.617317
0.626205
0.575967
0.399166
0.570050
0.630815
0.626620
0.460210
0.454038
0.625019
0.628418
0.453232
0.566197
0.565687
0.402864
0.570870
0.408937
0.556139
0.559656
0.401015
0.554146
0.559127
0.547935
0.548424
0.546488
0.547059
0.558864
0.546306
0.406459
0.553804
0.550755
0.562837
0.405244
0.556131
0.561142
0.548536
0.551236
0.557474
0.561982
0.403889
0.559095
0.401081
0.400870
0.544996
0.542007
0.543519
0.545392
0.543836
0.550583
0.552771
0.554643
0.548360
0.553878
0.549733
0.394800
0.550980
0.554957
0.555503
0.551194
0.555208
0.560058
0.552937
0.554279
0.401808
0.554510
0.399455
0.563246
0.550647
0.547504
0.547533
0.549483
0.544355
0.391683
0.398726
0.549869
0.556930
0.397173
0.549244
0.549874
0.554819
0.547027
0.546972
0.567925
0.551754
0.549218
0.402858
0.399717
0.562914
0.565489
0.396039
0.565230
0.546730
0.398536
0.555926
0.547600
0.548395
0.549074
0.549307
0.610475
0.570188
0.554601
0.550649
0.554262
0.550372
0.403079
0.551402
0.557607
0.556044
0.551262
0.555527
0.401652
0.405872
0.552537
0.551276
0.556830
0.400975
0.546487
0.548754
0.550286
0.402587
0.549355
0.403647
0.552203
0.550881
0.404606
0.548199
0.398810
0.550462
0.554211
0.547146
0.401471
0.560522
0.551008
0.552857
0.549545
0.569911
0.411246
0.555932
0.554073
0.549040
0.399825
0.545432
0.555776
0.554088
0.545117
0.546498
0.546264
0.542525
0.556349
0.401172
0.550654
0.713450
0.547781
0.558409
0.553863
0.404657
0.549287
0.399864
0.429868
0.475496
0.640619
0.633517
0.628839
0.624200
0.625579
0.605162
0.545995
0.546373
0.549302
0.396438
0.404111
0.551284
0.556933
0.550583
0.554862
0.554727
0.558139
0.548231
0.398574
0.553360
0.558701
0.558496
0.401826
0.401547
0.400686
0.401007
0.553800
0.557668
0.551442
0.551054
0.544389
0.558059
0.559616
0.554419
0.557152
0.553662
0.397051
0.546198
0.550454
0.543796
0.544462
0.409226
0.556727
0.557060
0.400945
0.408078
0.549821
0.409705
0.406012
0.565071
0.404458
0.403973
0.550488
0.402831
0.554935
0.545412
0.548032
0.549298
0.396932
0.406738
0.550113
0.553305
0.403183
0.550058
0.404921
0.399700
0.409611
0.407972
0.553435
0.549055
0.551998
0.555896
0.551555
0.561461
0.551135
0.576168
0.635826
0.631207
0.621920
0.626512
0.624898
0.630958
0.583594
0.621653
0.632182
0.629549
0.627074
0.798117
0.624676
0.457973
0.552296
0.399543
0.550062
0.403811
0.553428
0.410716
0.401412
0.401104
0.558339
0.397631
0.695628
0.697987
0.857873
1.303008
1.898151
2.513417
1.726623
1.405088
1.270321
1.623519
1.297193
1.416282
1.264374
1.271572
1.565351
1.269765
1.606994
1.447063
1.444222
1.609346
1.272484
1.279386
1.122697
1.564956
1.268841
1.160815
1.444975
0.810840
1.465353
1.007807
1.274044
1.423630
1.266272
1.419745
1.656713
1.789938
1.644081
1.620124
1.175600
1.971907
1.822487
1.694936
1.448309
1.822767
1.773340
1.427600
1.423285
1.572259
1.570786
1.418326
1.125443
1.565873
1.566713
1.869395
1.272426
1.717349
1.424853
1.272360
1.282808
1.319005
1.005691
1.434519
1.428998
1.435495
1.274483
1.616490
1.579938
2.222180
1.625056
1.968129
0.872876
1.444810
1.435168
1.425536
1.571598
1.715848
1.565402
1.719108
1.415564
1.564874
1.416479
1.574696
1.272059
1.429010
1.575508
1.415225
1.614493
1.451210
1.612756
1.405989
1.728379
1.729315
1.729563
1.730167
1.418879
1.416577
1.263523
1.111435
1.405302
1.578883
1.572982
1.587024
1.275155
1.581191
1.724990
1.573161
1.422276
1.483555
1.602069
1.871212
1.867555
1.151033
1.723452
1.717874
1.577403
2.031454
1.426597
1.423293
1.568073
1.313105
1.445071
1.100904
1.794421
1.440997
1.789187
1.576227
1.960321
1.447962
1.477102
1.737753
1.118537
1.429874
1.724482
1.718111
1.442943
1.276407
1.573942
1.428399
1.415404
1.583747
1.565740
1.610046
1.676605
1.622296
1.507307
1.717374
1.418209
1.720650
2.159024
1.269133
1.065331
1.780475
2.229612
1.426619
1.423747
1.832036
1.797270
2.247585
1.419404
1.424179
1.269178
1.279041
0.871261
1.767613
1.768480
1.482958
1.483140
2.137770
2.165958
0.969299
0.616820
0.545936
0.550210
0.699347
0.546993
0.398110
0.395504
0.546367
0.549916
0.557904
0.558041
0.549595
0.400121
0.554764
0.402160
0.566919
0.556597
0.555315
0.414807
0.560582
0.407936
0.552649
0.550181
0.544697
0.548060
0.545978
0.550720
0.554624
0.551156
0.545536
0.550523
0.545733
0.545436
0.552315
0.552180
0.407566
0.406854
0.552034
0.553872
0.556627
0.563783
0.556949
0.559564
0.555509
0.555685
0.546365
0.544785
0.551758
0.542090
0.547871
0.392657
0.548691
0.400475
0.557264
0.558217
0.414516
0.610758
0.636243
0.633462
0.632834
0.627495
0.651959
0.634543
0.563622
0.551839
0.575307
0.561935
0.553082
0.552481
0.573448
0.548452
0.544615
0.547070
0.545776
0.543054
0.550764
0.551604
0.548444
0.555033
0.580751
0.638605
0.634800
0.631381
0.626120
0.623022
0.634956
0.603473
0.647347
0.626016
0.471758
0.634862
0.627894
0.634489
0.604181
0.557063
0.547033
0.551999
0.547169
0.557038
0.544220
0.563593
0.550488
0.550306
0.548794
0.545268
0.563279
0.556707
0.554103
0.548170
0.548409
0.558987
0.553053
0.553930
0.569117
0.560109
0.552781
0.560503
0.545640
0.551567
0.545267
0.545828
0.544920
0.544273
0.558749
0.560674
0.552617
0.547371
0.559075
0.552056
0.549135
0.558181
0.553754
0.706415
0.556897
0.548635
0.560979
0.556940
0.556110
0.553920
0.554090
0.398759
0.399655
0.402041
0.402765
0.544497
0.402820
0.552479
0.554822
0.558584
0.580737
0.551466
0.551641
0.547744
0.559879
0.551724
0.562862
0.560544
0.593528
0.628602
0.622865
0.635955
0.636166
0.633357
0.631686
0.556641
0.554761
0.548269
0.544513
0.542071
0.548101
0.550701
0.547610
0.547499
0.557949
0.555101
0.550397
0.559372
0.556859
0.560516
0.558394
0.560682
0.583272
0.583378
0.590259
0.608149
0.612562
0.563741
0.568702
0.560173
0.582838
0.583375
0.561748
0.548443
0.553570
0.554844
0.566692
0.584001
0.552071
0.581943
0.568316
0.552728
0.554899
0.558551
0.562459
0.559639
0.565782
0.561481
0.554088
0.554081
0.555773
0.552948
0.557534
0.553786
0.546293
0.553734
0.551037
0.549684
0.551251
0.550057
0.597820
0.560266
0.557130
0.555882
0.552651
0.557947
0.555782
0.562757
0.552794
0.553664
0.554008
0.546241
