1.574115
1.552584
1.654109
1.593984
1.577012
1.615635
1.724252
1.616377
1.534720
1.539303
1.549658
1.539331
1.533230
1.649023
1.755907
1.897616
1.626024
1.599218
1.549010
1.543581
1.555278
1.555444
1.553516
1.864311
1.689845
1.541725
1.609035
1.566917
1.614538
1.541905
1.544205
1.544321
1.539157
1.636522
1.606845
1.579595
1.611982
1.612784
1.578284
1.531935
1.567083
1.538487
1.546132
1.569949
1.602757
1.587276
1.790370
1.630743
1.588682
1.621071
1.534733
1.551602
1.543521
1.549992
1.649310
1.622015
1.592742
1.605133
1.729140
1.576855
1.540931
1.550828
1.591739
1.527641
1.562725
1.600569
1.617813
1.582160
1.617845
1.766729
1.597157
1.537912
1.534322
1.594839
1.521312
1.617628
1.588517
1.571294
1.692650
1.670262
1.613767
1.533534
1.564601
1.601164
1.524135
1.611134
1.621404
1.596519
1.853571
1.580388
1.596968
1.546543
1.540191
1.541217
1.543363
1.543500
1.616321
1.589003
1.573337
1.628278
1.528248
1.577234
1.525185
1.541479
1.528006
1.563030
1.657110
1.671808
1.665542
1.606715
1.636914
1.604604
1.543201
1.536043
1.547582
1.547187
1.533512
1.689834
1.816840
1.525923
1.576279
1.535064
1.588741
1.536910
1.547161
1.545312
1.538504
1.618437
1.529897
1.593146
1.605353
1.599930
1.643312
1.557536
1.540307
1.522882
1.547332
1.537720
1.601799
1.575565
1.692140
1.613808
1.569449
1.568859
1.557443
1.545957
1.538214
1.536466
1.645952
1.566685
1.589050
1.541328
1.589032
1.528195
1.607006
1.535107
1.539097
1.547595
1.532286
1.593517
1.618968
1.576429
1.589245
1.549336
1.589932
1.524832
1.541955
1.557444
1.531835
1.701466
1.653108
1.651304
1.537947
1.578184
1.571218
1.603105
1.542344
1.541481
1.534234
1.535177
1.568042
1.580110
1.570327
1.601606
1.551003
1.629088
1.529896
1.563149
1.535903
1.541899
1.541462
1.616501
1.581536
1.577490
1.591817
1.561175
1.644157
1.515395
1.550517
1.575885
1.530455
1.612112
1.592095
1.580294
1.582925
1.548422
1.556460
1.743649
1.568695
1.548880
1.523867
1.560513
1.634619
1.590328
1.541260
1.602850
1.540463
1.590687
1.580084
1.529738
1.554242
1.545669
1.665732
1.530672
1.588085
1.604518
1.659038
1.676622
1.560424
1.525850
1.531787
1.549706
1.564486
1.590485
1.594996
1.682177
1.578845
1.537933
1.623260
1.535212
1.533209
1.552898
1.544313
1.625862
1.562500
1.598745
1.558528
1.611216
1.536857
1.592721
1.541749
1.531203
1.531053
1.560934
1.622528
1.569832
1.609955
1.623010
1.529053
1.600480
1.557105
1.547468
1.547027
1.540121
1.542520
1.614165
1.582992
1.689188
1.612500
1.541085
1.599234
1.568876
1.537966
1.544512
1.540177
1.607307
1.582864
1.590509
1.578062
1.534374
1.587710
1.564658
1.530842
1.553643
1.542650
1.543612
1.612191
1.623286
1.534179
1.591260
1.568452
1.568673
1.586118
1.528073
1.529586
1.542201
1.640115
1.680971
1.613034
1.603902
1.540440
1.585850
1.540547
1.580183
1.532157
1.522064
1.541059
1.627090
1.618481
1.618654
1.587380
1.539715
1.606257
1.549349
1.537424
1.536159
1.548723
1.559973
1.579552
1.586634
1.568032
1.599126
1.541685
1.583712
1.537188
1.545549
1.543568
1.541528
1.623694
1.579310
1.566890
1.616347
1.541149
1.590679
1.547018
1.564898
1.532148
1.547627
1.538224
1.620794
1.615512
1.525979
1.575702
1.540579
1.641957
1.535044
1.542377
1.537902
1.535188
1.615740
1.557205
1.624371
1.590523
1.533653
1.675900
1.524651
1.531691
1.539947
1.555839
1.534150
1.599857
1.610696
1.636087
1.591100
1.613051
1.602995
1.543546
1.571997
1.545627
1.529069
1.556606
1.593276
1.607480
1.532918
1.584202
1.544386
1.620438
1.548455
1.517854
1.535900
1.556076
1.643862
1.579756
1.587430
1.590157
1.556084
1.630635
1.547862
1.550938
1.534399
1.537001
1.540616
1.586881
1.645568
1.596422
1.589640
1.563772
1.632739
1.541167
1.545550
1.553692
1.532083
1.633892
1.570610
1.591916
1.577267
1.540404
1.615399
1.537999
1.541506
1.543676
1.543395
1.552711
1.588018
1.615438
1.542363
1.588770
1.533003
1.587769
1.516620
1.529213
1.554614
1.533446
1.599093
1.524610
1.590789
1.560849
1.620424
1.611512
1.568847
1.536059
1.536845
1.536379
1.544650
1.686740
1.597205
1.583492
1.580301
1.542147
1.604650
1.573163
1.561287
1.555933
1.545685
1.536373
1.606522
1.578337
1.624555
1.576824
1.518051
1.582907
1.544152
1.532140
1.532135
1.566964
1.653554
1.594776
1.576765
1.651981
1.516268
1.584102
1.542296
1.561653
1.559767
1.534023
1.536472
1.667783
1.602855
2.008051
1.580738
1.540050
1.596965
1.554704
1.563046
1.537237
1.544681
1.607440
1.577903
1.592120
1.596053
1.536121
1.620451
1.528912
1.549200
1.548009
1.534215
1.597856
1.634098
1.730460
1.517319
1.601913
1.539431
1.596512
1.549540
1.530034
1.530150
1.545667
1.628622
1.594574
1.576078
1.608712
1.562582
1.586312
1.530366
1.531940
1.543792
1.538562
1.529306
1.622729
1.578076
1.579408
1.640329
1.527046
1.576926
1.553988
1.535482
1.531041
1.539412
1.612020
1.616062
1.623393
1.637833
1.609337
1.541103
1.680966
1.543187
1.548413
1.539357
1.536345
1.620889
1.583367
1.575126
1.686469
1.557851
1.624893
1.580382
1.525075
1.545358
1.562963
1.622345
1.662082
1.610852
1.589718
1.594596
1.614649
1.535645
1.563972
1.536175
1.519550
1.520848
1.725075
1.624106
1.593120
1.584279
1.531159
1.583130
1.565366
1.540256
1.533145
1.551521
1.561719
1.597575
1.590019
1.528774
1.622074
1.908092
1.537364
1.523398
1.532486
1.563345
1.526646
1.638699
1.593073
1.571644
1.651154
1.628370
1.602538
1.532976
1.534166
1.592208
1.536224
1.554957
1.620507
1.588762
1.605846
1.602249
1.658281
1.559563
1.556826
1.552338
1.541203
1.539438
1.623849
1.612590
1.568961
1.611899
1.582841
1.570811
1.543597
1.540388
1.535309
1.552763
1.610214
1.568256
1.608322
1.573770
1.695818
1.546901
1.600828
1.543447
1.543896
1.535695
1.548538
1.652117
1.603416
1.824124
1.623983
1.527150
1.577678
1.572669
1.534209
1.536072
1.541603
1.602168
1.593446
1.593972
1.637506
1.597708
1.684366
1.540914
1.539213
1.541598
1.534511
1.534389
1.612361
1.577414
1.576484
1.652438
1.844597
1.634631
1.524566
1.538516
1.544096
1.548676
1.572365
1.601149
1.578478
1.604868
1.598400
1.610902
1.533385
1.540092
1.546497
1.536412
1.555866
1.668660
1.605059
1.584375
1.682044
1.535216
1.582623
1.564662
1.538444
1.531285
1.522177
1.651046
1.910709
1.584350
1.594102
1.640485
1.638995
1.527093
1.534999
1.556560
1.539067
1.537186
1.635006
1.642794
1.528692
1.614090
1.539945
1.594782
1.540180
1.560108
1.566890
1.542337
1.563895
1.629697
1.672743
1.589256
1.562114
1.598567
1.541184
1.531122
1.544567
1.539298
1.536372
1.612573
1.621995
1.566319
1.585476
1.550367
1.567410
1.548210
1.538106
1.560849
1.540767
1.580466
1.621212
1.633290
1.844621
1.602625
1.578317
1.552341
1.537612
1.552567
1.532214
1.540402
1.628926
1.573777
1.584337
1.608334
1.525436
1.568830
1.551135
1.545637
1.527037
1.535168
1.683697
1.605033
1.596694
1.633391
1.544355
1.664149
1.517853
1.537311
1.547619
1.536400
1.533542
1.644101
1.594825
1.583871
1.610542
1.541252
1.583880
1.545232
1.552854
1.549894
1.551690
1.546604
1.591578
1.598906
1.554522
1.582773
1.541285
1.588716
1.534071
1.541578
1.532335
1.555906
1.572290
1.584920
1.571077
1.605399
1.538030
1.582612
1.537013
1.548829
1.567802
1.537396
1.541492
1.580629
1.609506
1.588535
1.579358
1.533312
1.582641
1.554361
1.539650
1.532998
1.536824
1.560865
1.584255
1.591761
1.549102
1.585661
1.537390
1.594996
1.554467
1.539595
1.546358
1.540578
1.602150
1.593697
1.780872
1.576723
1.550908
1.585805
1.522851
1.553982
1.533554
1.540386
1.548757
1.594056
1.578051
1.550085
1.587396
1.570994
1.599243
1.538074
1.533290
1.546112
1.536482
1.542423
1.604171
1.586535
1.571198
1.549427
1.625706
1.540227
1.548048
1.538514
1.535354
1.539460
1.713670
1.586705
1.529834
1.583162
1.536463
1.583622
1.554583
1.546514
1.533412
1.541366
1.549961
1.595984
1.605850
1.613939
1.606926
1.539281
1.595719
1.576947
1.601741
1.528340
1.534344
1.552602
1.537573
1.721296
1.582432
1.522570
1.596793
1.544317
1.538297
1.544397
1.536343
1.546635
1.622585
1.573258
1.574254
1.586580
1.581766
1.562628
1.531705
1.523809
1.532665
1.568633
1.555780
1.572981
1.596812
1.609398
1.542904
1.638968
1.552485
1.557996
1.547336
1.536463
1.538254
1.617663
1.585143
1.579337
1.588437
1.545384
1.587119
1.562170
1.542562
1.537356
1.550744
1.553962
1.586688
1.600952
1.583197
1.567035
1.539161
1.582748
1.538138
1.540488
1.539762
1.531121
1.619394
1.682253
1.684174
1.596405
1.535349
1.584563
1.560755
1.556704
1.561065
1.543571
1.540407
1.588916
1.580366
1.529031
1.579118
1.551852
1.598002
1.553653
1.569098
1.537426
1.539213
1.575890
1.551620
1.593278
1.690926
1.521681
1.574474
1.542298
1.548729
1.538182
1.535353
1.535363
1.601566
1.601128
1.594969
1.586414
1.553576
1.582683
1.529710
1.555960
1.531268
1.533161
1.537500
1.606207
1.578186
1.531391
1.583624
1.537324
1.594051
1.558632
1.553040
1.539640
1.536549
1.592534
1.598865
1.567357
1.576275
1.536860
1.584638
1.554250
1.545691
1.542589
1.543565
1.541427
1.599892
1.579360
1.541034
1.587074
1.541200
1.593978
1.550666
1.534470
1.542627
1.531378
1.543374
1.592750
1.582586
1.555479
1.581817
1.534921
1.585002
1.562763
1.547706
1.549462
1.551287
1.551826
1.588181
1.572266
1.575421
1.575720
1.608652
1.576363
1.521878
1.538828
1.537874
1.545240
1.651362
1.718690
1.717670
1.579080
1.525095
1.604759
1.550025
1.538185
1.535752
1.552748
1.571860
1.620141
1.629724
1.571709
1.524036
1.598726
1.534196
1.554634
1.548613
1.533659
1.529969
1.665830
1.573691
1.609001
1.604140
1.535841
1.581662
1.561615
1.524273
1.546897
1.544298
1.602758
1.710375
1.578616
1.616022
1.534997
1.663676
1.535253
1.529464
1.545331
1.535489
1.532324
1.609408
1.576572
1.572170
1.610090
1.535510
1.590370
1.535961
1.522993
1.555927
1.537982
1.652190
1.892359
1.588647
1.611814
1.536161
1.670132
1.522552
1.534032
1.544860
1.538282
1.549637
1.627062
1.580072
1.576569
1.613981
1.534840
1.586575
1.545741
1.534279
1.535280
1.536441
1.535371
1.624943
1.603738
1.577305
1.562655
1.542825
1.596133
1.537837
1.581498
1.530250
1.528031
1.635509
1.599813
1.789816
1.592143
1.560282
1.597995
1.550063
1.538558
1.538311
1.541369
1.549645
1.606938
1.574909
1.610136
1.578303
1.559354
1.614432
1.535247
1.545662
1.533465
1.534160
1.621500
1.617394
1.577396
1.588350
1.544950
1.589972
1.564338
1.541416
1.534319
1.545637
1.542717
1.598002
1.594593
1.581502
1.592916
1.552624
1.577325
1.539223
1.541519
1.533383
1.538449
1.555989
1.581909
1.572973
1.545352
1.584609
1.544989
1.626220
1.551424
1.532222
1.555633
1.543513
1.612718
1.884568
1.560761
1.585922
1.542623
1.580613
1.567926
1.557824
1.538496
1.543464
1.550601
1.682059
1.678124
1.555637
1.578987
1.533005
1.588850
1.551368
1.538472
1.535094
1.558152
1.688323
1.623588
1.578483
1.575954
1.544184
1.594800
1.537084
1.544539
1.535357
1.538286
1.557002
1.625585
1.583377
1.535109
1.578132
1.539864
1.598642
1.583687
1.543966
1.526229
1.537107
1.624939
1.602792
1.574203
1.571634
1.570913
1.569055
1.533775
1.539788
1.530327
1.530998
1.541642
1.669395
1.867649
1.580497
1.594043
1.600279
1.578905
1.532727
1.520782
1.528129
1.524036
1.592847
1.688216
1.569058
1.590574
1.551672
1.584431
1.564990
1.540057
1.536517
1.557807
1.553721
1.627098
1.586781
1.572367
1.583517
1.553538
1.618185
1.543532
1.538407
1.579822
1.515833
1.566407
1.621810
1.584220
1.522612
1.589441
1.563664
1.598317
1.550513
1.535319
1.540270
1.550774
1.618504
1.888447
1.766047
1.570692
1.561999
1.668644
1.520065
1.537084
1.543092
1.541491
1.607381
1.599990
1.585192
1.571591
1.551681
1.664332
1.532137
1.553792
1.538489
1.540315
1.551884
1.623889
1.596054
1.591876
1.592620
1.530920
1.597317
1.538006
1.530003
1.545637
1.537478
1.535345
1.623919
1.585107
1.515517
1.581123
1.553575
1.595807
1.540973
1.536698
1.534226
1.541650
1.675041
1.594043
1.590656
1.596730
1.541158
1.602158
1.531872
1.531373
1.539409
1.529263
1.544681
1.626838
1.582140
1.623953
1.586552
1.546551
1.596878
1.545446
1.542506
1.533113
1.544611
1.552753
1.600955
1.589296
1.527808
1.587449
1.580794
1.593156
1.544270
1.556837
1.562921
1.535862
1.651974
1.624152
1.609903
1.595980
1.541115
1.577402
1.560754
1.550002
1.545454
1.578474
1.549820
1.639224
1.601763
1.834602
1.546873
1.649295
1.541811
1.544136
1.553723
1.564003
1.531230
1.616543
1.776429
1.542763
1.608350
1.546540
1.587746
1.569655
1.529319
1.551120
1.609242
1.571256
1.682540
1.575355
1.644939
1.589307
1.596777
1.531402
1.540492
1.573919
1.526144
1.573856
1.669019
1.625283
1.614514
1.683915
1.645898
1.618019
1.552731
1.545247
1.542812
1.602312
1.672851
1.588098
1.602062
1.608335
1.737376
1.611812
1.528317
1.534564
1.554055
1.579038
1.531437
1.625018
1.597349
1.564481
1.636604
1.519695
1.576281
1.573099
1.538419
1.539760
1.554742
1.577315
1.715395
1.622261
1.616104
1.737221
1.599185
1.563457
1.542308
1.553923
1.544605
1.549792
1.720457
1.605449
1.584340
1.587301
1.532239
1.587806
1.566332
1.559023
1.541181
1.548915
1.632150
1.909066
1.644970
1.707186
1.533229
1.623987
1.563799
1.632382
1.642806
1.588504
1.641428
1.943066
1.637678
1.641421
1.550544
1.605620
1.573519
1.588020
1.541396
1.537906
1.610027
1.590660
1.596916
1.582514
1.683661
1.624789
1.549911
1.545338
1.531972
1.537536
1.533307
1.713872
1.596843
1.762572
1.634069
1.588831
1.622238
1.536199
1.574640
1.535092
1.538037
1.636842
1.605797
1.672760
1.616319
1.703212
1.596856
1.553643
1.538257
1.539379
1.557898
1.601853
1.891985
1.596019
1.611982
1.594227
1.537452
1.583083
1.550303
1.541504
1.535342
1.536084
1.601944
1.608567
1.889679
1.657560
1.557661
1.618706
1.536939
1.539636
1.536112
1.560812
1.642315
1.910683
1.609235
1.565528
1.526765
1.596622
1.537173
1.595788
1.531178
1.530136
1.561596
1.595539
1.588926
1.742232
1.575577
1.562665
1.604092
1.544370
1.535270
1.535302
1.550718
1.609286
1.724320
1.604660
1.601892
1.583433
1.613986
1.547353
1.543750
1.552672
1.561911
1.595692
1.625415
1.603510
1.586737
1.614303
1.600723
1.611202
1.557704
1.543633
1.555143
1.558996
1.675608
1.859837
1.614588
1.604610
1.550266
1.606252
1.544198
1.547850
1.559910
1.543417
1.578505
1.612045
1.606652
1.631656
1.609764
1.553601
1.596825
1.553388
1.548566
1.544404
1.560817
1.618150
1.678016
2.039811
1.586284
1.551008
1.605368
1.552282
1.554904
1.555396
1.570299
1.582975
1.611410
1.599746
1.605868
1.565952
1.598001
1.548525
1.564819
1.550710
1.547255
1.561034
1.661628
1.607389
1.609995
1.601026
1.551262
1.603158
1.559591
1.545361
1.557835
1.549640
1.660266
1.626144
1.615065
1.610061
1.555174
1.615684
1.563349
1.565777
1.547427
1.539256
1.555860
1.647295
1.626727
1.607015
1.595785
1.546096
1.640145
1.543159
1.539427
1.562821
1.548748
1.582232
1.666294
1.620825
1.613025
1.565365
1.626976
1.549029
1.554538
1.570167
1.539023
1.603003
1.656939
1.818177
1.627398
1.590505
1.577114
1.591583
1.540256
1.542110
1.548560
1.576060
1.637644
1.669157
1.728185
1.623252
1.578141
1.617579
1.545303
1.548571
1.541468
1.577302
1.651081
1.651034
1.624186
1.657316
1.579975
1.667173
1.563656
1.566557
1.554838
1.584451
1.551054
1.714982
1.747602
1.552204
1.621694
1.558468
1.600511
1.546341
1.571013
1.587434
1.534101
1.812956
1.652494
1.685832
1.607082
1.542269
1.663491
1.548627
1.526960
1.562053
1.562912
1.592860
1.637713
1.622991
1.584370
1.597869
1.587219
1.603133
1.544956
1.609136
1.541539
1.572069
1.682131
1.640489
1.613065
1.608844
1.579056
1.613569
1.557683
1.545925
1.544536
1.575299
1.626492
1.672323
1.640465
1.622227
1.569948
1.603134
1.541908
1.573317
1.568216
1.575307
1.581228
1.626633
1.662711
1.619857
1.657835
1.539053
1.609736
1.570102
1.546616
1.580199
1.552853
1.802604
1.608394
1.634374
1.624424
1.547058
1.605003
1.571769
1.563403
1.583322
1.539396
1.543414
1.707552
1.627853
1.587273
1.595381
1.542287
1.594612
1.536115
1.579397
1.529028
1.543537
1.675000
1.601549
1.698690
1.580762
1.534062
1.612766
1.528828
1.543607
1.546575
1.535821
1.623512
1.594980
1.615704
1.580204
1.593816
1.567792
1.587423
1.567998
1.549782
1.533078
1.567594
1.746627
1.588749
1.685930
1.583454
1.535961
1.578797
1.556628
1.546805
1.535442
1.538515
1.554602
1.633030
1.664407
1.574131
1.675702
1.510327
1.617944
1.539748
1.596868
1.541498
1.568172
1.635622
1.825786
1.607851
1.592390
1.537794
1.594460
1.531859
1.534044
1.583571
1.601052
1.591404
1.641806
1.583160
1.572186
1.642021
1.527748
1.602842
1.526130
1.586048
1.610044
1.521336
1.658626
1.629179
1.605303
1.624890
1.550294
1.631436
1.513688
1.578295
1.549134
1.532281
1.640095
1.635446
1.577332
1.516767
1.666322
1.695459
1.528601
1.553852
1.535266
1.538374
1.557810
1.705991
1.606184
1.589941
1.582150
1.543170
1.603957
1.647050
1.529759
1.537524
1.559680
1.679378
1.873865
1.564710
1.576905
1.549972
1.590891
1.563375
1.553884
1.534115
1.534327
1.544787
1.609575
1.601445
1.582685
1.565893
1.555484
1.599232
1.535970
1.535513
1.550647
1.533437
1.590686
1.656307
1.652722
1.579738
1.521798
1.657274
1.518350
1.523252
1.524062
1.513664
1.552069
1.636750
1.601585
1.641313
1.579645
1.540545
1.598066
1.533629
1.554815
1.595588
1.510239
1.638590
1.690979
1.597811
1.544132
1.571988
1.537168
1.588253
1.546358
1.534314
1.556767
1.570253
1.620487
1.688634
1.570043
1.576704
1.539176
1.591870
1.559653
1.562160
1.539567
1.539482
1.664544
1.897085
1.568003
1.619968
1.547744
1.659209
1.542120
1.547400
1.538451
1.538620
1.552676
1.598312
1.572621
1.804933
1.591583
1.523699
1.595039
1.522991
1.522009
1.538266
1.520165
1.591501
1.658771
1.597585
1.535936
1.578109
1.546294
1.615437
1.527804
1.533282
1.527803
1.542379
1.657845
1.653854
1.612238
1.650896
1.558428
1.582929
1.555277
1.545849
1.547537
1.535193
1.607283
1.580112
1.648824
1.609873
1.624739
1.525242
1.600171
1.554262
1.533496
1.531242
1.567106
1.648417
1.585395
1.690311
1.606200
1.658247
1.580272
1.540349
1.542127
1.524018
1.525095
1.534561
1.655098
1.585549
1.514740
1.629659
1.522239
1.585558
1.538650
1.535731
1.537369
1.561096
1.661411
1.651308
1.744333
1.848066
1.541323
1.601346
1.553347
1.535069
1.555877
1.550733
1.606675
1.634625
1.578715
1.549433
1.711554
1.630583
1.519496
1.539565
1.545794
1.530209
1.700344
1.595144
1.576874
1.599362
1.667918
1.537450
1.608780
1.531401
1.540824
1.540932
1.529411
1.646894
1.653814
1.609590
1.628044
1.607557
1.604855
1.523757
1.585138
1.535897
1.531066
1.605949
1.605124
1.595456
1.581437
1.635980
1.526791
1.597681
1.571390
1.536115
1.542415
1.541782
1.645446
1.554594
1.610081
1.584639
1.704387
1.598613
1.537702
1.543388
1.534412
1.538451
1.545865
1.666562
1.654352
1.615403
1.621613
1.513930
1.630151
1.541793
1.543276
1.549200
1.545655
1.593512
1.621557
1.587613
1.588612
1.800499
1.572253
1.538719
1.552529
1.539115
1.530146
1.553857
1.622366
1.575727
1.726079
1.632543
1.567748
1.653055
1.517242
1.546175
1.546022
1.538202
1.623460
1.602484
1.582613
1.600391
1.630710
1.571047
1.543028
1.566338
1.543296
1.535077
1.554565
1.688931
1.707321
1.531997
1.607152
1.523993
1.579317
1.546395
1.542824
1.555847
1.531289
1.596842
1.593062
1.621446
1.635413
1.628659
1.596891
1.534973
1.540096
1.534707
1.532199
1.533287
1.617985
1.581538
1.561130
1.573992
1.531082
1.594972
1.527927
1.529116
1.540541
1.557290
1.572465
1.624650
1.600080
1.524010
1.590471
1.534998
1.588743
1.570081
1.545187
1.533281
1.545334
1.619591
1.627940
1.574045
1.597451
1.560120
1.595275
1.530358
1.536216
1.535265
1.559927
1.551349
1.622877
1.588726
1.535071
1.650979
1.526487
1.576830
1.602576
1.524086
1.529144
1.550459
1.687935
1.580593
1.577821
1.581465
1.538499
1.668467
1.542080
1.536350
1.556068
1.538249
1.566098
1.599052
1.586141
1.517252
1.590635
1.538241
1.579474
1.562856
1.528193
1.538996
1.546682
1.549540
1.598913
1.595743
1.581278
1.604055
1.540243
1.588495
1.529940
1.542691
1.530330
1.533192
1.695371
1.699710
1.709388
1.599016
1.537383
1.596550
1.593502
1.549461
1.583782
1.568037
1.558010
1.628831
1.652072
1.541251
1.610353
1.554591
1.605193
1.545253
1.555726
1.535671
1.545694
1.625909
1.588673
1.792243
1.596668
1.547744
1.594544
1.582355
1.532901
1.542652
1.541512
1.543503
1.584525
1.585621
1.530062
1.576911
1.568875
1.599996
1.539040
1.542486
1.531394
1.536335
1.619883
1.696618
1.576270
1.617228
1.547676
1.584048
1.556833
1.572134
1.544563
1.542562
1.537470
1.601935
1.603815
1.524768
1.575294
1.546577
1.586870
1.570202
1.541303
1.525190
1.533896
1.555521
1.615356
1.597933
1.546368
1.645812
1.539214
1.698420
1.538512
1.543575
1.541615
1.538499
1.600969
1.617896
1.570200
1.567173
1.560754
1.581404
1.545515
1.546131
1.531056
1.539508
1.542600
1.592947
1.596391
1.541471
1.580250
1.536225
1.585694
1.532894
1.532405
1.548699
1.536533
1.561204
1.600729
1.573256
1.582451
1.545470
1.581878
1.562667
1.540344
1.531867
1.532181
1.539342
1.585797
1.589641
1.602897
1.582062
1.538019
1.609252
1.567336
1.537783
1.555906
1.550679
1.661068
1.699510
1.586692
1.541362
1.652652
1.548314
1.696071
1.547394
1.546638
1.572971
1.556846
1.603207
1.580195
1.593718
1.607075
1.549170
1.612215
1.543304
1.583637
1.558723
1.553966
1.640441
1.622328
1.572072
1.514331
1.579587
1.535898
1.581195
1.543312
1.531022
1.552965
1.632710
1.628271
1.693504
1.587430
1.657251
1.545372
1.597376
1.539046
1.539362
1.550716
1.580471
1.549398
1.623650
1.631281
1.765973
1.623551
1.613224
1.560194
1.588761
1.535684
1.540431
1.546594
1.622626
1.620208
1.530201
1.581941
1.560194
1.598114
1.532735
1.536550
1.543593
1.541520
1.634759
1.595456
1.579134
1.540113
1.584640
1.551845
1.586593
1.541384
1.544672
1.545724
1.543470
1.602308
1.574009
1.798505
1.582193
1.538828
1.593738
1.522889
1.533337
1.532045
1.533398
1.552751
1.595224
1.591609
1.523927
1.583809
1.539079
1.583594
1.571214
1.542923
1.529400
1.545599
1.724816
1.574110
1.604421
1.612632
1.532026
1.601766
1.538227
1.534391
1.545776
1.574094
1.547615
1.578278
1.581491
1.885408
1.616035
1.532249
1.595440
1.552059
1.538252
1.542638
1.544448
1.621796
1.765144
1.822722
1.785067
1.740875
1.777983
1.540331
1.537481
1.564860
1.536956
1.718102
1.841270
1.646367
1.632718
1.582303
1.582225
1.539524
1.547975
1.546406
1.535328
1.644063
1.619025
1.572151
1.538137
1.583357
1.539303
1.599808
1.553915
1.534147
1.564068
1.533180
1.622218
1.657646
1.566021
1.570837
1.543657
1.608411
1.535884
1.544660
1.538491
1.540376
1.604163
1.634024
1.589208
1.585401
1.572991
1.533336
1.625170
1.542792
1.537793
1.545764
1.538427
1.654148
1.679817
1.739805
1.605344
1.553989
1.592872
1.597452
1.542499
1.532071
1.536387
1.580445
1.634015
1.582890
1.579715
1.570078
1.557193
1.591018
1.536804
1.543108
1.546628
1.536543
1.620057
1.872854
1.565128
1.563501
1.567902
1.593635
1.542909
1.545351
1.537380
1.538350
1.619411
1.613106
1.596442
1.538795
1.594321
1.537362
1.589111
1.534910
1.533332
1.564141
1.595777
1.605323
1.596978
1.565114
1.574069
1.533110
1.572587
1.532981
1.523992
1.582179
1.525557
1.549317
1.652928
1.776291
1.542951
1.570239
1.559851
1.616146
1.539321
1.547526
1.551781
1.533433
1.629565
1.728118
1.585413
1.568888
1.542285
1.589783
1.532723
1.589895
1.619486
1.608903
1.564716
1.635718
1.580771
1.603103
1.574016
1.522725
1.627231
1.539401
1.530217
1.546603
1.545589
1.598736
1.597547
1.575110
1.590594
1.536789
1.532497
1.680335
1.537900
1.541518
1.544409
1.551812
1.679040
1.780519
1.925812
1.579994
1.530531
1.589700
1.546261
1.540121
1.537367
1.531454
1.638919
1.954606
1.612186
1.600643
1.545513
1.586382
1.531077
1.547644
1.530759
1.557984
1.622414
1.584710
1.578735
1.535123
1.613543
1.537402
1.617441
1.526473
1.516791
1.534549
1.533050
1.632127
1.618066
2.086367
1.604263
1.564547
1.609316
1.545372
1.560773
1.530275
1.547872
1.639770
1.686167
1.578311
1.602630
1.527402
1.571919
1.556287
1.531278
1.537416
1.566103
1.534277
1.606333
1.701428
1.577743
1.578413
1.542783
1.575455
1.527823
1.552835
1.533431
1.570012
1.705512
1.648906
1.583969
1.630209
1.533863
1.669714
1.560545
1.547869
1.534329
1.577292
1.609836
1.636934
1.626376
1.669126
1.568416
1.582928
1.598909
1.544178
1.546414
1.536474
1.538543
1.744703
1.881561
1.698484
1.620925
1.540111
1.589441
1.553813
1.529986
1.531298
1.560060
1.652854
1.641521
1.609923
1.526752
1.590502
1.592167
1.597281
1.556585
1.570374
1.538921
1.536472
1.619932
1.574196
1.714693
1.592185
1.522716
1.579775
1.549847
1.537926
1.543464
1.567985
1.606137
1.611087
1.597172
1.574290
1.572029
1.579236
1.594514
1.538201
1.556703
1.539415
1.541727
1.661575
1.611334
1.574110
1.595351
1.573020
1.592672
1.546363
1.546690
1.544637
1.535367
1.598135
1.578278
1.596957
1.519602
1.581476
1.536342
1.609332
1.526648
1.554581
1.540640
1.542723
1.634129
1.767413
1.882753
1.576085
1.531079
1.589339
1.552321
1.535508
1.531887
1.539538
1.541737
1.641335
1.618038
1.752510
1.596191
1.549082
1.594972
1.537026
1.555893
1.555891
1.540028
1.642828
1.926314
1.573024
1.586296
1.518506
1.580539
1.546511
1.531137
1.530227
1.548832
1.543393
1.620534
1.628733
1.524892
1.574992
1.566650
1.582465
1.535132
1.549535
1.536548
1.539474
1.640056
1.595469
1.576030
1.588338
1.543366
1.736204
1.702022
1.617628
1.573725
1.616539
1.655167
1.691909
1.812186
1.652711
1.613826
1.657019
1.553850
1.577423
1.648097
1.739546
1.874945
1.715780
1.794653
1.623108
1.561218
1.630601
1.605118
1.537538
1.537347
1.538380
1.558831
1.652074
1.621944
1.676201
1.565854
1.545658
1.634498
1.527244
1.531254
1.540712
1.529280
1.644130
1.594835
1.565480
1.612858
1.525475
1.628461
1.528688
1.546601
1.544566
1.537121
1.532274
1.620755
1.602142
1.658335
1.569718
1.564561
1.626578
1.529862
1.565334
1.564095
1.528295
1.571221
1.660163
1.630773
1.703788
1.539937
1.576530
1.550317
1.568148
1.522028
1.531813
1.547850
1.687945
1.644822
1.821375
1.588779
1.537586
1.583302
1.563372
1.536843
1.545348
1.536330
1.622292
1.633808
1.582472
1.583567
1.548384
1.583305
1.566920
1.565912
1.527175
1.564749
1.564872
1.650454
1.630814
2.116263
1.529925
1.676922
1.577814
1.535953
1.536311
1.541524
1.549695
1.645106
1.613257
1.531544
1.569931
1.524847
1.611896
1.538058
1.550466
1.534062
1.542487
1.557984
1.643764
1.592930
1.542058
1.575250
1.563379
1.648025
1.520498
1.547430
1.545868
1.532018
1.625607
1.639139
1.698163
1.598527
1.550440
1.576135
1.535227
1.576958
1.549668
1.594793
1.552877
1.764245
1.701059
1.526943
1.597325
1.540123
1.587067
1.561608
1.532188
1.571256
1.542591
1.667754
1.627694
1.582600
1.577362
1.565575
1.579658
1.535890
1.623666
1.573034
1.521007
1.712318
1.602549
1.880647
1.591347
1.552017
1.593225
1.546334
1.557147
1.583211
1.545020
1.676681
1.676427
1.652511
1.619693
1.701401
1.540183
1.594508
1.567493
1.551981
1.534053
1.535334
1.656652
1.590260
1.579707
1.600140
1.539948
1.575609
1.570848
1.537485
1.543627
1.559949
1.561059
1.595749
1.715927
1.529051
1.583730
1.557231
1.612055
1.536880
1.548698
1.540552
1.544086
1.604405
1.539082
1.618861
1.796972
1.547903
1.586719
1.540222
1.538060
1.535425
1.551879
1.549268
1.602404
1.604899
1.745257
1.581787
1.557854
1.583533
1.564857
1.556934
1.548879
1.542282
1.595968
1.593596
1.576257
1.610922
1.548140
1.598812
1.563299
1.560967
1.548784
1.549979
1.539038
1.610882
1.615480
1.589757
1.570145
1.541435
1.587590
1.533053
1.539616
1.532270
1.533262
1.625937
1.525867
1.592671
1.569602
1.579911
1.551387
1.584749
1.553575
1.536537
1.543640
1.535477
1.592774
1.596743
1.578180
1.605128
1.543055
1.589769
1.537149
1.549662
1.538567
1.554828
1.547900
1.594578
1.591182
1.552056
1.578958
1.541068
1.597845
1.537176
1.538389
1.575429
1.544691
1.609465
1.548071
1.579530
1.522935
1.598899
1.535895
1.599490
1.536210
1.559996
1.557939
1.567902
1.613216
1.586923
1.589317
1.579694
1.552828
1.585897
1.544812
1.538915
1.556232
1.535299
1.543748
1.588314
1.611886
1.525058
1.580330
1.543125
1.595932
1.539212
1.537565
1.535404
1.547767
1.613303
1.596135
1.597083
1.568069
1.536893
1.599364
1.533998
1.567210
1.553386
1.534120
1.538412
1.569235
1.568587
1.567055
1.583564
1.538034
1.605358
1.546385
1.538582
1.537321
1.557830
1.555845
1.623446
1.624141
1.619755
1.586208
1.551062
1.586858
1.575108
1.552754
1.575965
1.577759
1.601931
1.611775
1.676330
1.599840
1.551212
1.586278
1.536049
1.527238
1.525548
1.563492
1.567448
1.674590
1.769498
1.548275
1.565512
1.555346
1.587685
1.563878
1.577601
1.519308
1.542237
1.628202
1.697166
1.594035
1.609466
1.527833
1.589154
1.567049
1.559353
1.531873
1.537872
1.546908
1.611935
1.575282
1.524845
1.582012
1.570967
1.584709
1.536313
1.555770
1.534379
1.575256
1.658637
1.580262
1.612679
1.615425
1.535633
1.568657
1.537493
1.540747
1.536215
1.543456
1.532427
1.625445
1.595575
1.527005
1.586206
1.548529
1.597817
1.546275
1.583314
1.536667
1.525038
1.555842
1.593831
1.594476
1.541333
1.572388
1.554357
1.599587
1.543503
1.537062
1.549675
1.531306
1.592544
1.657015
1.576013
1.565837
1.551229
1.599921
1.564087
1.547620
1.529326
1.545134
1.549598
1.584825
1.584920
1.530290
1.575608
1.539725
1.598731
1.537951
1.538169
1.546514
1.540476
1.558816
1.594881
1.572895
1.584621
1.559333
1.699531
1.532933
1.557652
1.557786
1.531245
1.541449
1.651961
1.704903
1.525579
1.577713
1.543209
1.595601
1.559624
1.555805
1.537300
1.535353
1.551512
1.601670
1.609374
1.521857
1.587554
1.558183
1.578575
1.544281
1.536195
1.541436
1.525923
1.606243
1.620652
1.678788
1.593879
1.559588
1.597067
1.534812
1.542497
1.552695
1.541442
1.545265
1.600098
1.578250
1.532173
1.587864
1.534845
1.637004
1.525897
1.540958
1.535688
1.563862
1.574466
1.614361
1.595729
1.583125
1.530030
1.599751
1.548086
1.531121
1.542433
1.559870
1.552683
1.671560
1.678730
1.590919
1.589988
1.538921
1.579579
1.559561
1.527222
1.536109
1.599777
1.644673
1.587465
1.591181
1.590226
1.540415
1.538672
1.719122
1.583352
1.591678
1.565293
1.610069
1.648039
1.658628
1.521678
1.596337
1.537491
1.616840
1.545020
1.538123
1.537995
1.544185
1.623733
1.599718
1.579004
1.582122
1.539722
1.614145
1.544478
1.559004
1.543530
1.533270
1.552895
1.608175
1.579149
1.583929
1.584266
1.533888
1.579861
1.536007
1.558674
1.547277
1.536721
1.656339
1.689306
1.590710
1.523645
1.567921
1.552727
1.593195
1.555307
1.574342
1.537187
1.576342
1.617007
1.645798
1.595322
1.572340
1.534834
1.584435
1.551112
1.534050
1.543316
1.545472
1.548866
1.615001
1.633527
1.628386
1.584270
1.536244
1.609285
1.539407
1.546629
1.554985
1.535308
1.640161
1.612225
1.634473
1.578461
1.538025
1.587255
1.563522
1.540653
1.550630
1.573066
1.552042
1.804406
2.400138
2.002247
1.667588
1.709665
1.656211
1.683688
1.643538
1.655056
1.706285
1.718534
1.647386
1.701154
1.647799
1.706399
1.645481
1.702158
1.685674
1.691995
1.567979
1.583432
1.537199
1.602471
1.528983
1.595270
1.537005
1.543478
1.557783
1.535980
1.621429
1.690476
1.582676
1.530152
1.588203
1.538977
1.587556
1.548475
1.540606
1.535280
1.547610
1.568182
1.586559
1.590371
1.562870
1.551863
1.583410
1.556508
1.546806
1.551989
1.532167
1.636745
1.628436
1.640822
1.520766
1.604299
1.526927
1.619497
1.534785
1.525113
1.552024
1.535294
1.650384
1.625425
1.591525
1.596789
1.542158
1.624599
1.572461
1.551428
1.596914
1.525157
1.557770
1.661279
1.657569
1.595270
1.592439
1.535491
1.666680
1.527003
1.538412
1.527255
1.572159
1.668710
1.591709
1.582291
1.568009
1.528307
1.604275
1.533893
1.559896
1.546656
1.536362
1.539745
1.608706
1.585272
1.527941
1.581805
1.534463
1.581515
1.546283
1.537459
1.527502
1.553716
1.549603
1.587909
1.593634
1.530999
1.579577
1.543657
1.580727
1.563816
1.547530
1.540635
1.542588
1.584663
1.669172
1.592012
1.582454
1.532375
1.583653
1.574375
1.539408
1.543082
1.566039
1.558817
1.602323
1.714697
1.528733
1.583642
1.552042
1.618425
1.567006
1.547733
1.546672
1.531430
1.673486
1.579924
1.588314
1.597313
1.545233
1.598331
1.550616
1.537337
1.546597
1.567638
1.565102
1.604107
1.605945
1.529029
1.581393
1.549689
1.591444
1.544260
1.545758
1.542251
1.535384
1.567040
1.581369
1.590751
1.546522
1.585907
1.561458
1.592827
1.536265
1.535379
1.568400
1.541443
1.629841
1.580485
1.577547
1.591032
1.569564
1.587697
1.542415
1.546592
1.537525
1.538583
1.574350
1.612518
1.574343
1.542350
1.590220
1.538844
1.595984
1.561871
1.546617
1.548755
1.528336
1.547831
1.596871
1.564957
1.537517
1.669490
1.719625
1.573145
1.550690
1.544647
1.535349
1.549575
1.590719
1.591703
1.593605
1.580261
1.537492
1.599805
1.555390
1.550715
1.546669
1.537386
1.546770
1.596813
1.582655
1.525884
1.579450
1.534157
1.584791
1.561853
1.549804
1.533285
1.549462
1.609100
1.702320
1.679296
1.578300
1.532680
1.600199
1.541072
1.543405
1.578768
1.566001
1.538338
1.566915
1.682183
1.511814
1.599903
1.581945
1.589749
1.548287
1.532338
1.540566
1.544118
1.606133
1.528422
1.629503
1.589888
1.579080
1.588526
1.559651
1.524584
1.535356
1.537739
1.534404
1.624304
1.588501
1.546937
1.609159
1.580295
1.585574
1.543307
1.536475
1.530530
1.550498
1.563225
1.581077
1.615085
1.632639
1.591044
1.551148
1.585107
1.538504
1.545445
1.538360
1.536380
1.599760
1.645592
1.577133
1.585223
1.611204
1.587942
1.546450
1.533239
1.537536
1.543370
1.625088
1.541733
1.589075
1.563103
1.588838
1.584658
1.593571
1.536330
1.546741
1.538446
1.535354
1.614202
1.561942
1.581580
1.607981
1.580636
1.567521
1.548541
1.535923
1.535474
1.531050
1.535234
1.583640
1.599775
1.545285
1.597917
1.582544
1.587021
1.536293
1.545499
1.564040
1.554841
1.553844
1.710355
1.571324
1.593821
1.609591
1.539176
1.603058
1.531087
1.567992
1.544285
1.533313
1.598839
1.600577
1.529524
1.587501
1.593935
1.573344
1.552741
1.529519
1.559060
1.526498
1.552790
1.587090
1.579686
1.558383
1.581146
1.587898
1.618597
1.538263
1.534591
1.548184
1.533469
1.567147
1.593659
1.576038
1.582247
1.687684
1.580606
1.556352
1.545360
1.541476
1.544624
1.546524
1.597953
1.586728
1.569066
1.585527
1.614204
1.615337
1.529981
1.538620
1.549748
1.540346
1.539478
1.594619
1.583246
1.606052
1.694816
1.532569
1.679743
1.535190
1.535635
1.536469
1.551849
1.588365
1.590047
1.586582
1.588270
1.531814
1.617621
1.533895
1.524635
1.546655
1.533334
1.612223
1.608073
1.604661
1.561653
1.730115
1.565691
1.590080
1.549364
1.579733
1.521883
1.552758
1.602791
1.601420
1.599833
1.592071
1.559519
1.598946
1.539390
1.541471
1.541345
1.539412
1.539586
1.598670
1.690343
1.534222
1.594367
1.532096
1.610375
1.540222
1.539361
1.539309
1.552972
1.554277
1.632800
1.595226
1.587248
1.533326
1.595355
1.556801
1.535215
1.544424
1.538616
1.548711
1.603910
1.591629
1.529024
1.598051
1.558129
1.585790
1.549229
1.559154
1.555705
1.533120
1.569439
1.584851
1.599814
1.635698
1.590890
1.538013
1.573580
1.524922
1.529183
1.520010
1.520072
1.554693
1.579583
1.563158
1.588547
1.529083
1.615448
1.551411
1.532469
1.566255
1.532168
1.541825
1.614018
1.604203
1.522680
1.579109
1.573248
1.587513
1.541340
1.548409
1.544468
1.552741
1.607158
1.594301
1.575532
1.698217
1.562730
1.627981
1.540944
1.532272
1.536317
1.550685
1.563082
1.602679
1.593968
1.552482
1.590027
1.558473
1.584689
1.569023
1.535380
1.542504
1.540436
1.554956
1.623312
1.582440
1.534233
1.595998
1.556314
1.605232
1.532790
1.536525
1.543542
1.535312
1.556918
1.633245
1.585040
1.571782
1.535522
1.600608
1.555591
1.555646
1.532572
1.538618
1.558641
1.587425
1.623430
1.540292
1.595211
1.558310
1.587839
1.545461
1.535203
1.543389
1.536357
1.562226
1.598278
1.583032
1.569983
1.574406
1.543801
1.592990
1.571035
1.539579
1.537453
1.562892
1.612426
1.612523
1.648079
1.592426
1.532092
1.594020
1.543180
1.540464
1.546624
1.570309
1.535351
1.607797
1.674148
1.528159
1.606112
1.526109
1.593855
1.552437
1.538623
1.549755
1.578633
1.550454
1.572310
1.607009
1.585655
1.561877
1.590661
1.535172
1.536102
1.554752
1.542511
1.579057
1.635425
1.610622
1.540356
1.594780
1.533140
1.580802
1.547278
1.548766
1.539638
1.563093
1.660469
1.585437
1.605314
1.597127
1.563043
1.716192
1.518199
1.544884
1.551046
1.529292
1.549544
1.593940
1.606099
1.558315
1.574323
1.529226
1.571807
1.571842
1.565153
1.545003
1.546481
1.598760
1.576334
1.577674
1.688220
1.700161
1.545173
1.690258
1.544411
1.554700
1.550837
1.540415
1.636573
1.624071
1.520558
1.605178
1.540720
1.584762
1.549383
1.541629
1.554909
1.561117
1.558059
1.619537
1.595131
1.671775
1.566102
1.548877
1.623601
1.542018
1.545573
1.542542
1.539516
1.627570
1.593428
1.607972
1.607525
1.544012
1.593012
1.568723
1.549919
1.548668
1.555695
1.556890
1.586380
1.688182
1.551814
1.595763
1.554323
1.592733
1.535084
1.547661
1.557726
1.562200
1.577299
1.614546
1.598097
1.598570
1.542497
1.605260
1.573236
1.558883
1.536296
1.540362
1.537453
1.601965
1.600826
1.531171
1.619821
1.603210
1.619519
1.553509
1.548844
1.570160
1.544637
1.606610
1.584141
1.605151
1.605609
1.528982
1.580524
1.573888
1.535265
1.532587
1.555638
1.537124
1.583207
1.604848
1.521662
1.602162
1.571125
1.591974
1.541896
1.540526
1.541597
1.533261
1.597720
1.600847
1.583791
1.626236
1.583891
1.575295
1.590324
1.526821
1.539731
1.556960
1.546619
1.586753
1.575279
1.670243
1.590722
1.537070
1.577622
1.541152
1.539437
1.544540
1.540580
1.619466
1.556723
1.621693
1.634676
1.767492
1.678542
1.766886
1.588807
1.572180
1.539349
1.562139
1.608106
1.608318
1.573986
1.590555
1.543980
1.578326
1.570051
1.556035
1.540122
1.540417
1.623481
1.618029
1.594335
1.587405
1.632688
1.658395
1.542860
1.534233
1.536263
1.533321
1.538453
1.622455
1.612488
1.520316
1.593936
1.547931
1.586092
1.532540
1.546778
1.531252
1.524057
1.568202
1.617339
1.577049
1.555959
1.576813
1.558811
1.588239
1.524690
1.566100
1.553103
1.528005
1.600072
1.614153
1.584743
1.584386
1.543260
1.590139
1.535836
1.576481
1.534087
1.545612
1.547957
1.600739
1.586825
1.534387
1.596783
1.537167
1.596939
1.558593
1.522097
1.554190
1.537524
1.597758
1.597604
1.611037
1.649960
1.655754
1.661568
1.550443
1.538312
1.547009
1.537780
1.562746
1.590521
1.589807
1.546125
1.596731
1.540009
1.596038
1.564811
1.539493
1.548581
1.534239
1.549621
1.608238
1.579266
1.545417
1.596399
1.534903
1.587598
1.542204
1.535617
1.540493
1.547594
1.556916
1.586956
1.587746
1.615074
1.539225
1.600043
1.536339
1.537513
1.541455
1.527944
1.542439
1.643987
1.590663
1.537242
1.600193
1.562985
1.575336
1.551606
1.543405
1.552842
1.529510
1.561052
1.597506
1.611664
1.595691
1.767662
1.629297
1.538398
1.537206
1.539579
1.533274
1.562988
1.617319
1.596013
1.522709
1.608790
1.542315
1.585899
1.581111
1.532038
1.540506
1.548621
1.616137
1.580318
1.609810
1.683818
1.763921
1.641771
1.571143
1.534204
1.557518
1.535374
1.543509
1.602521
1.629794
1.524817
1.613651
1.545309
1.583713
1.557569
1.554780
1.538454
1.548653
1.570075
1.640136
1.593409
1.530091
1.711248
1.553738
1.618195
1.541238
1.545637
1.542551
1.536471
1.602776
1.639523
1.568300
1.589582
1.542027
1.585155
1.565472
1.541469
1.537260
1.548560
1.542469
1.586705
1.616534
1.524681
1.578432
1.544078
1.598946
1.541498
1.548758
1.532355
1.535945
1.612024
1.626712
1.567330
1.588366
1.557104
1.600543
1.547211
1.542560
1.536160
1.538480
1.535124
1.585479
1.606120
1.536295
1.594777
1.533854
1.593418
1.528804
1.549735
1.541288
1.566271
1.546751
1.586339
1.572426
1.558794
1.581692
1.538786
1.605167
1.534942
1.539212
1.571125
1.557500
1.675607
1.636688
1.579309
1.602941
1.533978
1.592586
1.542079
1.543483
1.532321
1.530500
1.541512
1.592936
1.603183
1.530584
1.591108
1.537225
1.587694
1.562768
1.532276
1.553825
1.541689
1.547652
1.585574
1.589834
1.585419
1.725201
1.530513
1.684005
1.545228
1.538548
1.541579
1.542499
1.606382
1.608550
1.538957
1.585236
1.539485
1.594346
1.537026
1.542502
1.544693
1.543664
1.536426
1.602937
1.582622
1.535507
1.602375
1.534267
1.581650
1.549459
1.532349
1.540759
1.541419
1.599109
1.578215
1.599742
1.628981
1.537013
1.611498
1.555308
1.562216
1.548676
1.546187
1.558150
1.610218
1.612096
1.591394
1.632793
1.539449
1.638019
1.548287
1.555157
1.533034
1.547637
1.600714
1.584505
1.595119
1.591743
1.533237
1.660577
1.535028
1.570426
1.583333
1.522151
1.553340
1.593626
1.602396
1.535372
1.600649
1.539388
1.597969
1.555644
1.548830
1.539515
1.548749
1.597935
1.579452
1.586251
1.544406
1.839947
1.540441
1.687921
1.541459
1.554731
1.540634
1.539594
1.624671
1.613440
1.538305
1.609018
1.542318
1.591085
1.547465
1.549865
1.543552
1.542618
1.637669
1.583473
1.596219
1.650958
1.708387
1.668854
1.538402
1.541583
1.582436
1.522540
1.534505
1.622735
1.620673
1.540543
1.602321
1.536430
1.593910
1.566615
1.569276
1.539163
1.546802
1.597789
1.600779
1.645168
1.590114
1.689912
1.543092
1.680737
1.533148
1.536275
1.529455
1.537878
1.577953
1.609638
1.544022
1.606666
1.540741
1.591821
1.545354
1.538479
1.537636
1.548351
1.572126
1.631625
1.614832
1.523251
1.583057
1.577826
1.605111
1.548948
1.551843
1.545661
1.531249
1.606984
1.588149
1.588826
1.629451
1.542151
1.590177
1.541274
1.534367
1.539445
1.545594
1.529283
1.600027
1.596580
1.528975
1.592845
1.547006
1.587774
1.525826
1.539368
1.535689
1.538412
1.552736
1.613024
1.585651
1.632216
1.708125
1.678411
1.550624
1.568004
1.538745
1.541900
1.535370
1.602905
1.610382
1.537279
1.587685
1.550641
1.585975
1.540097
1.546729
1.537377
1.546698
1.556738
1.607278
1.619320
1.684749
1.779818
1.626565
1.553234
1.542721
1.540305
1.543671
1.535391
1.638048
1.601231
1.520923
1.600100
1.540555
1.587062
1.559218
1.550434
1.547719
1.546600
1.598971
1.615024
1.581572
1.672133
1.749677
1.666328
1.546378
1.539653
1.542712
1.541471
1.570234
1.665385
1.597235
1.543920
1.578480
1.566871
1.593134
1.540355
1.543378
1.550870
1.535459
1.556056
1.628376
1.579243
1.651576
1.706057
1.689400
1.552292
1.537642
1.548319
1.551033
1.543514
1.641861
1.610332
1.543163
1.598562
1.542785
1.586197
1.538122
1.545492
1.532422
1.537518
1.583421
1.596803
1.587541
1.533130
1.853523
1.544914
1.690936
1.532085
1.529240
1.541683
1.527002
1.639549
1.593627
1.515684
1.597079
1.550131
1.593095
1.560222
1.575511
1.543464
1.539232
1.544605
1.628449
1.615734
1.556375
1.728915
1.542455
1.605320
1.558832
1.541537
1.539480
1.536454
1.641968
1.612472
1.684335
1.588207
1.538127
1.611591
1.542011
1.550732
1.537988
1.540549
1.565007
1.660626
1.598349
1.529545
1.584854
1.576680
1.600861
1.554229
1.535104
1.547576
1.600797
1.700386
1.631987
1.675238
1.618313
1.547929
1.602763
1.560227
1.543288
1.558546
1.543596
1.621920
1.546862
1.637104
1.671014
1.727194
1.653005
1.541772
1.572155
1.547480
1.541297
1.567203
1.584717
1.628025
1.594154
1.634784
1.538836
1.593892
1.562693
1.536142
1.542465
1.547430
1.555624
1.631737
1.603921
1.626986
1.627206
1.695055
1.655487
1.661987
1.691211
1.650734
1.673290
1.726603
1.707829
1.710270
1.647650
1.706647
1.657456
1.644081
1.658226
1.655066
1.657363
1.701227
1.723642
1.710501
1.666827
1.771378
1.652176
1.664217
1.656851
1.677436
1.682625
1.742368
1.701150
1.745012
1.655248
1.701560
1.655559
1.665201
1.640782
1.691170
1.741467
1.715401
1.700009
1.708136
1.653868
1.738936
1.663053
1.647709
1.653294
1.653976
1.725787
1.696867
1.702579
1.698816
1.690620
1.716472
1.645443
1.649866
1.656107
1.654034
1.723847
1.723813
1.666027
1.698780
1.657010
1.727042
1.646193
1.698195
1.654815
1.644923
1.751533
1.714879
1.676270
1.998657
1.701871
1.651682
1.676517
1.656164
1.650909
1.699166
1.713328
1.735272
1.715315
1.652902
1.706395
1.682473
1.653996
1.647925
1.668398
1.674390
1.702322
1.714451
1.704134
1.693976
1.705541
1.662878
1.646559
1.665176
1.651033
1.680666
1.752236
1.946674
1.711379
1.676271
1.692113
1.671148
1.675722
1.651808
1.666312
1.715225
1.708510
1.718504
1.708171
1.647665
1.712924
1.685565
1.647613
1.668432
1.652906
1.725825
1.722276
1.841181
1.859851
1.695665
1.649781
1.665327
1.695120
1.653799
1.832396
1.707282
1.711545
1.719438
1.663084
1.711838
1.661958
1.695982
1.655873
1.662027
1.742316
1.774837
1.908312
1.723491
1.665417
1.744521
1.655535
1.659123
1.674750
1.688975
1.715375
1.751542
1.656703
1.697452
1.660833
1.701402
1.651757
1.668289
1.681862
1.655175
1.710483
1.771994
1.674283
1.892705
1.698841
1.670504
1.663194
1.686856
1.689752
1.727645
1.667431
1.707302
1.719827
1.650559
1.696483
1.697852
1.651924
1.650307
1.655274
1.708032
1.701254
1.717789
1.712508
1.657854
1.707593
1.679462
1.645942
1.713143
1.700280
1.766777
1.730357
1.800919
1.707225
1.708027
1.735826
1.654061
1.677353
1.652109
1.648409
1.612768
1.632068
1.599865
1.602218
1.561438
1.605121
1.565947
1.561812
1.568249
1.555845
1.612236
1.590510
1.625142
1.659072
1.535113
1.681621
1.550795
1.544497
1.562808
1.543356
1.555813
1.620182
1.608092
1.526556
1.630080
1.539256
1.604248
1.554735
1.566948
1.544591
1.550681
1.616329
1.630428
1.601339
1.619245
1.628799
1.684018
1.534200
1.545440
1.547832
1.535488
1.557964
1.617343
1.584188
1.585150
1.615104
1.531044
1.594602
1.548418
1.543640
1.531331
1.559839
1.655353
1.601082
1.600374
1.615028
1.720448
1.647094
1.548428
1.538180
1.559898
1.535454
1.553779
1.592705
1.613672
1.684291
1.578181
1.547911
1.586023
1.547681
1.550757
1.540679
1.567137
1.617221
1.528093
1.600056
1.666110
1.626762
1.706051
1.565444
1.532494
1.550308
1.544579
1.549675
1.611278
1.584603
1.535383
1.619831
1.575577
1.612481
1.579103
1.569211
1.552800
1.556952
1.608978
1.576550
1.606707
1.624792
1.642116
1.641093
1.549256
1.552348
1.568452
1.547353
1.539511
1.613123
1.586877
1.582361
1.603509
1.527990
1.585881
1.569037
1.535281
1.537575
1.547520
1.552794
1.588767
1.585904
1.537058
1.582495
1.569024
1.588803
1.538181
1.541620
1.535573
1.545450
1.578592
1.609797
1.892050
1.596349
1.540468
1.591436
1.551255
1.537413
1.532263
1.545544
1.547507
1.580326
1.633714
1.532053
1.587539
1.571112
1.591878
1.577432
1.546521
1.529125
1.556871
1.610651
1.586510
1.576684
1.604154
1.568152
1.590933
1.542359
1.533315
1.536368
1.552890
1.533283
1.597838
1.600862
1.560725
1.582082
1.543424
1.586339
1.535252
1.555983
1.560839
1.535586
1.622754
1.548086
1.616235
1.635247
1.639571
1.671604
1.545374
1.535687
1.555714
1.562080
1.567962
1.590775
1.604926
1.538123
1.585289
1.545284
1.592677
1.555919
1.599867
1.543732
1.522619
1.636780
1.572097
1.628341
1.586212
1.697406
1.540692
1.683054
1.537186
1.535451
1.562798
1.537474
1.593788
1.613629
1.583434
1.582210
1.564010
1.587402
1.565610
1.555817
1.550918
1.609307
1.546415
1.587522
1.586205
1.654114
1.690635
1.525859
1.693258
1.535371
1.538641
1.541595
1.538388
1.655281
1.651481
1.520474
1.597041
1.569817
1.593607
1.532122
1.553800
1.544553
1.535208
1.569044
1.617232
1.594910
1.675889
1.696993
1.541985
1.687875
1.536052
1.540345
1.549747
1.539413
1.604055
1.600940
1.528994
1.580536
1.548718
1.589624
1.555515
1.541560
1.534429
1.541565
1.564201
1.573859
1.710686
1.664272
1.744218
1.652087
1.548482
1.543591
1.538440
1.550902
1.538148
1.605133
1.592545
1.584188
1.578227
1.562183
1.576500
1.544207
1.549498
1.541562
1.544645
1.562041
1.646299
1.579388
1.528476
1.723970
1.565164
1.594783
1.543751
1.538347
1.544473
1.538631
1.573390
1.774008
1.625929
1.603926
1.553895
1.585993
1.551142
1.558905
1.530277
1.542927
1.612451
1.540181
1.584772
1.536532
1.588905
1.531080
1.604276
1.541395
1.541528
1.552821
1.541179
1.642145
1.590679
1.582242
1.582294
1.553537
1.591989
1.539130
1.581382
1.556948
1.541663
1.573056
1.633797
1.606212
1.548629
1.602063
1.546863
1.612367
1.569899
1.539338
1.547139
1.539963
1.625637
1.612682
1.578369
1.581419
1.553866
1.631334
1.525937
1.545105
1.535937
1.532304
1.549543
1.621823
1.599008
1.544557
1.605799
1.526630
1.599294
1.540395
1.533949
1.550683
1.554851
1.560058
1.572312
1.683927
1.634421
1.599781
1.556428
1.585678
1.545756
1.541355
1.536343
1.549723
1.618532
1.583108
1.692407
1.585425
1.539896
1.612443
1.532025
1.538598
1.546702
1.536326
1.566110
1.628231
1.676628
1.519907
1.613848
1.553386
1.597808
1.545525
1.540537
1.565048
1.575410
1.617566
1.613010
1.628120
1.623141
1.578322
1.615641
1.567640
1.576265
1.591661
1.602900
1.569234
1.616131
1.585808
1.540170
1.611790
1.560566
1.591899
1.548544
1.548680
1.547738
1.544452
1.607234
1.579359
1.579727
1.584954
1.562205
1.602139
1.579027
1.548359
1.542399
1.539817
1.557843
1.611354
1.594887
1.529058
1.597530
1.541020
1.617524
1.541727
1.536559
1.547705
1.542543
1.555048
1.592680
1.600921
1.656369
1.534089
1.665685
1.541475
1.547769
1.545654
1.547626
1.535416
1.629799
1.616396
1.528270
1.617210
1.543520
1.587307
1.550207
1.540311
1.536287
1.576459
1.548467
1.592259
1.626488
1.538280
1.744586
1.565895
1.583726
1.570295
1.556554
1.534021
1.534411
1.613255
1.600843
1.588894
1.618230
1.537143
1.596243
1.555240
1.537334
1.569168
1.574318
1.557985
1.607199
1.701517
1.532879
1.714974
1.555076
1.588840
1.549344
1.560874
1.559981
1.539563
1.618408
1.585918
1.703176
1.607304
1.541650
1.590205
1.540277
1.574247
1.542448
1.548565
1.555079
1.586424
1.594015
1.535211
1.602191
1.574719
1.576452
1.538673
1.560103
1.545515
1.538626
1.645135
1.588588
1.580297
1.598630
1.563749
1.585337
1.547155
1.545657
1.537478
1.539408
1.551849
1.597750
1.597039
1.524725
1.577361
1.551938
1.586210
1.560800
1.564053
1.546469
1.536581
1.557761
1.741144
1.567269
1.589549
1.534989
1.630932
1.566843
1.542456
1.538483
1.563120
1.529455
1.605995
1.592557
1.524577
1.577733
1.537281
1.610504
1.540767
1.552634
1.550984
1.524921
1.562370
1.609936
1.599923
1.552678
1.574438
1.541755
1.603533
1.534248
1.533437
1.542581
1.542657
1.617578
1.633219
1.586560
1.574851
1.535023
1.617631
1.536005
1.541601
1.536387
1.535734
1.557279
1.607765
1.665320
1.537183
1.589204
1.550626
1.598809
1.565863
1.543544
1.543449
1.541319
1.550535
1.588529
1.577402
1.603080
1.638910
1.678152
1.540308
1.549570
1.526023
1.538611
1.555698
1.583737
1.601407
1.542127
1.604787
1.534418
1.594556
1.539971
1.542514
1.549822
1.537075
1.554936
1.589459
1.586702
1.516810
1.593784
1.538530
1.587001
1.544446
1.541346
1.541467
1.549572
1.618454
1.608755
1.580510
1.601760
1.534670
1.599902
1.538774
1.541609
1.547414
1.559990
1.532090
1.586788
1.586052
1.526997
1.606039
1.537532
1.590846
1.532979
1.540568
1.535225
1.569227
1.612492
1.530530
1.707902
1.583208
1.702775
1.685803
1.549338
1.543656
1.532119
1.543615
1.549798
1.597880
1.588801
1.592673
1.603004
1.541289
1.576624
1.574232
1.538321
1.538481
1.536303
1.610221
1.581289
1.586842
1.523762
1.840744
1.561384
1.684142
1.541185
1.550850
1.538459
1.547717
1.613927
1.584943
1.690979
1.585756
1.554020
1.586745
1.543005
1.537806
1.536520
1.549851
1.611126
1.523512
1.604783
1.633645
1.748888
1.659462
1.562442
1.535601
1.556807
1.536566
1.546559
1.588308
1.589956
1.538452
1.582358
1.533339
1.584618
1.547449
1.545849
1.532260
1.540527
1.540322
1.618536
1.588928
1.520408
1.582211
1.536680
1.588739
1.535477
1.563738
1.548555
1.526247
1.617841
1.597760
1.616271
1.591532
1.569066
1.585521
1.544469
1.538521
1.534295
1.538358
1.543489
1.594920
1.592564
1.522875
1.576615
1.550002
1.628160
1.536847
1.549566
1.534532
1.541528
1.613182
1.586428
1.568266
1.637850
1.715511
1.686144
1.571373
1.535166
1.536625
1.542238
1.538519
1.584691
1.608985
1.527223
1.610019
1.539901
1.594442
1.543007
1.541376
1.538638
1.557925
1.581335
1.583495
1.580211
1.545643
1.587755
1.531442
1.599913
1.563589
1.533496
1.542522
1.540396
1.612185
1.588428
1.577010
1.594188
1.573283
1.583769
1.538503
1.558394
1.538389
1.536212
1.559093
1.591585
1.604100
1.686844
1.582503
1.540474
1.604115
1.565882
1.530191
1.554955
1.545992
1.579353
1.645593
1.576801
1.599484
1.578454
1.600804
1.560439
1.555067
1.587317
1.530003
1.552846
1.603009
1.634370
1.623102
1.605288
1.539529
1.596589
1.539167
1.562051
1.572518
1.536850
1.567149
1.596828
1.685902
1.575343
1.541918
1.643900
1.560537
1.551876
1.534368
1.534208
1.557146
1.577294
1.583629
1.531130
1.617204
1.548502
1.603107
1.539322
1.534389
1.573244
1.552661
1.546643
1.583238
1.606064
1.582399
1.849613
1.690933
1.577043
1.561113
1.580471
1.530761
1.600262
1.608369
1.612930
1.705126
1.613159
1.537302
1.606320
1.535357
1.532285
1.541509
1.566103
1.597803
1.644905
1.571436
1.588687
1.540345
1.641032
1.546061
1.540417
1.541571
1.544780
1.567149
1.609215
1.606028
1.532995
1.596771
1.559298
1.627834
1.607870
1.530786
1.533306
1.531994
1.645083
1.545462
1.584687
1.617706
1.594735
1.542447
1.600515
1.555816
1.569656
1.542441
1.571343
1.595377
1.629178
1.696865
1.592928
1.563041
1.606984
1.542231
1.543722
1.536371
1.533311
1.562275
1.594652
1.585638
1.525811
1.597248
1.539414
1.607308
1.593650
1.543604
1.540433
1.563211
1.610932
1.584209
1.605746
1.590914
1.541460
1.609594
1.537131
1.551880
1.550451
1.570104
1.578299
1.635636
1.583117
1.533802
1.628154
1.550092
1.627314
1.581788
1.568758
1.564120
1.564934
1.664542
1.626207
1.610014
1.604413
1.539654
1.604228
1.536157
1.538393
1.559142
1.542436
1.551830
1.595857
1.623192
1.544636
1.596245
1.542335
1.624709
1.558879
1.543611
1.540684
1.561937
1.586554
1.717520
1.645677
1.595339
1.543315
1.596158
1.525254
1.530453
1.535367
1.532737
1.537669
1.775963
1.629964
1.544708
1.592625
1.540651
1.599774
1.552384
1.539313
1.547834
1.549833
1.574050
1.583054
1.628519
1.587305
1.567980
1.620731
1.532347
1.536813
1.556226
1.544256
1.568115
1.591819
1.670330
1.602284
1.595336
1.549364
1.618306
1.560802
1.548521
1.554851
1.566887
1.595858
1.587950
1.588515
1.595956
1.652193
1.639859
1.538264
1.536269
1.572343
1.530372
1.542152
1.600521
1.591122
1.534243
1.593068
1.561241
1.584876
1.548443
1.534235
1.546653
1.548559
1.572183
1.613643
1.597372
1.537091
1.582844
1.548288
1.589824
1.535914
1.537786
1.540267
1.547692
1.585480
1.738751
1.587965
1.597622
1.542765
1.581578
1.547158
1.540984
1.532922
1.544521
1.552863
1.592500
1.720486
1.661872
1.756940
1.666708
1.709583
1.659646
1.689691
1.658027
1.676520
1.687117
1.729562
1.757921
1.746829
1.705618
1.657670
1.648800
1.653908
1.655075
1.667353
1.739177
1.703087
1.710679
1.648759
1.711345
1.643702
1.648020
1.650848
1.649916
1.672214
1.731830
1.695060
1.707219
1.696353
1.696225
1.645414
1.659107
1.645957
1.682429
1.707444
1.715050
1.711382
1.704419
1.649523
1.726539
1.662629
1.643447
1.643753
1.670435
1.741098
1.795893
1.763105
1.702060
1.656801
1.728986
1.562906
1.520851
1.528262
1.546678
1.739114
1.659752
1.577691
1.622438
1.576139
1.606872
1.558434
1.567643
1.557841
1.614769
1.641764
1.561866
1.598546
1.535208
1.603617
1.536121
1.604925
1.550172
1.559912
1.554703
1.535158
1.617188
1.588330
1.577695
1.616235
1.548288
1.595038
1.533941
1.546235
1.532440
1.555737
1.555801
1.568206
1.608973
1.540177
1.589598
1.533158
1.598787
1.557739
1.534529
1.538185
1.534209
1.582631
1.611841
1.674872
1.656015
1.546776
1.678030
1.560621
1.548398
1.551748
1.540411
1.576427
1.624392
1.693628
1.542272
1.608883
1.545159
1.595409
1.536121
1.562750
1.565082
1.534331
1.565862
1.611282
1.568036
1.586782
1.712831
1.647024
1.541332
1.558969
1.534849
1.523903
1.565026
1.599454
1.609747
1.553219
1.600945
1.529620
1.621661
1.537016
1.537169
1.541631
1.541460
1.551857
1.614420
1.587465
1.527038
1.586342
1.536376
1.613336
1.561941
1.575393
1.568089
1.556061
1.715253
1.615067
1.625572
1.646151
1.606453
1.594850
1.537233
1.592825
1.552856
1.561137
1.619309
1.656252
1.594256
1.633594
1.627693
1.528861
1.675184
1.575812
1.561852
1.564986
1.557915
1.604843
1.632639
1.604589
1.620541
1.565090
1.607188
1.534737
1.524784
1.541573
1.530190
1.595884
1.665378
1.669033
1.635593
1.538307
1.631901
1.550574
1.564121
1.532223
1.528976
1.559933
1.602296
1.621066
1.527950
1.606503
1.531724
1.616444
1.557749
1.523010
1.538528
1.521017
1.650177
1.644908
1.581315
1.619980
1.705921
1.674394
1.568908
1.553716
1.545189
1.533626
1.538365
1.623315
1.618027
1.594848
1.609389
1.560692
1.624419
1.553765
1.559092
1.563037
1.538532
1.651244
1.685589
1.591755
1.614111
1.550633
1.638314
1.602863
1.571620
1.522970
1.529632
1.628490
1.652938
1.651447
1.568692
1.655995
1.567952
1.655387
1.604877
1.571861
1.574230
1.553926
1.709429
1.631264
1.891759
1.623400
1.571413
1.617702
1.550736
1.545525
1.586691
1.611964
1.589400
1.656307
1.593797
1.629504
1.542376
1.629755
1.541981
1.544394
1.555670
1.549602
1.572568
1.628476
1.628524
1.550547
1.592919
1.540545
1.575573
1.534787
1.551727
1.541625
1.537472
1.665220
1.628330
1.681946
1.632022
1.532934
1.639460
1.538838
1.538423
1.578301
1.570234
1.557983
1.580676
1.614216
1.530816
1.614642
1.576187
1.589798
1.537270
1.541587
1.562982
1.558300
1.616636
1.579629
1.616476
1.603767
1.765546
1.658606
1.573728
1.574288
1.633693
1.572251
1.618702
1.673269
1.722408
1.531172
1.598784
1.540540
1.607237
1.535857
1.581553
1.569211
1.535701
1.587381
1.697044
1.608364
1.607157
1.552677
1.606772
1.548561
1.574849
1.571082
1.556821
1.620569
1.582728
1.632157
1.558363
1.615500
1.548540
1.594799
1.562514
1.560791
1.548675
1.539390
1.574481
1.598575
1.613082
1.606235
1.533573
1.612922
1.561607
1.561973
1.543629
1.617461
1.612004
1.569847
1.642597
1.529118
1.584152
1.553232
1.631272
1.557874
1.604777
1.602238
1.641355
1.669080
1.632592
1.664327
1.654409
1.557675
1.628829
1.548178
1.595675
1.518822
1.546723
1.607003
1.623816
1.601843
1.531922
1.585492
1.563694
1.603367
1.538343
1.548661
1.541520
1.541498
1.770842
1.749559
1.521754
1.602545
1.549639
1.615657
1.535876
1.528273
1.632798
1.562686
1.616173
1.577601
1.612184
1.619223
1.724028
1.679588
1.534843
1.538315
1.545631
1.546571
1.560978
1.635630
1.680318
1.534853
1.593246
1.566302
1.575293
1.544790
1.525318
1.531337
1.535290
1.561438
1.603375
1.609214
1.641981
1.717684
1.687022
1.559639
1.529239
1.558011
1.547675
1.539495
1.603822
1.596731
1.528720
1.595929
1.535087
1.578819
1.569844
1.559969
1.551854
1.530986
1.587066
1.722129
1.608978
1.574914
1.705517
1.682051
1.536048
1.540341
1.544440
1.556943
1.531138
1.618459
1.605815
1.528034
1.602290
1.534444
1.582446
1.545343
1.535372
1.541532
1.531201
1.541610
1.588545
1.623233
1.528220
1.580556
1.575899
1.583619
1.545150
1.548024
1.538314
1.555593
1.581476
1.582329
1.611456
1.597166
1.528856
1.569278
1.541036
1.527270
1.519910
1.531318
1.535086
1.606250
1.614079
1.521674
1.586939
1.553425
1.580444
1.566699
1.545548
1.542038
1.548489
1.635558
1.601423
1.605809
1.648795
1.701938
1.679445
1.544942
1.538072
1.535484
1.559873
1.549818
1.601559
1.634100
1.603745
1.574326
1.530116
1.593455
1.564836
1.544816
1.538733
1.542471
1.619281
1.578214
1.588585
1.599511
1.731096
1.675746
1.549217
1.532306
1.548482
1.560713
1.567973
1.605631
1.592720
1.677442
1.593804
1.546569
1.581740
1.555456
1.545751
1.531301
1.535463
1.617406
1.524886
1.587611
1.650563
1.705602
1.693097
1.539031
1.538459
1.552831
1.564699
1.541673
1.580518
1.639904
1.522013
1.591384
1.544581
1.588485
1.544463
1.555986
1.536277
1.564672
1.654527
1.616666
1.668759
1.654750
1.523836
1.556847
1.724231
1.565596
1.541032
1.537448
1.536546
1.621793
1.603081
1.600708
1.577936
1.552273
1.606515
1.538286
1.545502
1.537573
1.539441
1.569192
1.612272
1.599685
1.636631
1.722440
1.636133
1.535060
1.537833
1.540641
1.559421
1.571397
1.593602
1.622461
1.533620
1.589550
1.550551
1.588699
1.557524
1.576422
1.536349
1.544587
1.622397
1.565569
1.602446
1.637118
1.756057
1.642678
1.540077
1.534175
1.561166
1.553773
1.531201
1.578354
1.611830
1.525582
1.620808
1.548439
1.588752
1.539234
1.544201
1.562809
1.555224
1.595896
1.611140
1.621213
1.687851
1.700294
1.697212
1.555869
1.537382
1.532931
1.533426
1.572238
1.600378
1.624675
1.530673
1.627817
1.550234
1.606423
1.549152
1.550634
1.543437
1.551733
1.576307
1.603703
1.599674
1.640696
1.687110
1.695432
1.550351
1.557114
1.549664
1.573457
1.537317
1.612003
1.621710
1.543383
1.599421
1.544021
1.611293
1.527827
1.564620
1.543290
1.552737
1.672641
1.599661
1.602634
1.609253
1.658137
1.636016
1.544609
1.571746
1.538518
1.556674
1.538802
1.591182
1.593901
1.533898
1.593325
1.573203
1.592823
1.539018
1.547590
1.541600
1.526171
1.665494
1.578603
1.582650
1.678147
1.697795
1.699057
1.541111
1.545689
1.538175
1.549933
1.577752
1.608176
1.661888
1.649204
1.634603
1.545200
1.601077
1.550274
1.567939
1.542492
1.545414
1.597087
1.614199
1.590440
1.620611
1.550057
1.621692
1.546255
1.544723
1.556813
1.550699
1.550764
1.597917
1.618595
1.555041
1.591070
1.570127
1.596109
1.565847
1.578315
1.550735
1.555910
1.620329
1.585541
1.597120
1.695708
1.556266
1.665619
1.553277
1.544641
1.542430
1.552874
1.569057
1.637885
1.634728
1.533177
1.598210
1.547853
1.587636
1.548419
1.545408
1.545635
1.571491
1.710168
1.609025
1.570158
1.677565
1.565408
1.632589
1.546207
1.543598
1.542403
1.584536
1.678937
1.544128
1.606380
1.541800
1.607382
1.567650
1.604030
1.561516
1.550842
1.537342
1.551826
1.594699
1.595686
1.595739
1.602431
1.714287
1.641365
1.535331
1.543832
1.538307
1.548703
1.549823
1.599778
1.586696
1.535531
1.597330
1.545278
1.599976
1.556600
1.555484
1.544579
1.544812
1.616935
1.589642
1.603101
1.625542
1.764644
1.643984
1.556431
1.550823
1.544781
1.548639
1.549733
1.615271
1.603327
1.679481
1.600749
1.567445
1.572703
1.543257
1.565416
1.546041
1.543380
1.610450
1.628212
1.589642
1.643132
1.547193
1.674082
1.578937
1.549624
1.554788
1.547924
1.563034
1.698224
1.627671
1.546222
1.586749
1.549537
1.582698
1.529935
1.545752
1.534415
1.547732
1.568212
1.577380
1.617162
1.659810
1.633696
1.685103
1.537124
1.541679
1.549490
1.543619
1.541690
1.698042
1.583920
1.527088
1.590635
1.551568
1.589827
1.548686
1.550686
1.541581
1.539459
1.575237
1.622820
1.580171
1.661270
1.715904
1.676523
1.541793
1.548806
1.531249
1.548586
1.541451
1.609208
1.588438
1.581111
1.584890
1.578298
1.583793
1.543324
1.545566
1.538444
1.541419
1.599128
1.611085
1.583610
1.679720
1.757231
1.645437
1.552036
1.538285
1.549522
1.552947
1.557850
1.567702
1.593942
1.535481
1.592150
1.544126
1.598926
1.536218
1.572228
1.533203
1.543368
1.557806
1.583607
1.564045
1.552881
1.591585
1.530119
1.598953
1.556695
1.536190
1.552303
1.531491
1.612282
1.585827
1.579490
1.588250
1.544004
1.589451
1.532978
1.562152
1.536272
1.536525
1.538376
1.594745
1.582687
1.544277
1.591377
1.539780
1.593629
1.536202
1.577090
1.532233
1.520083
1.558985
1.731062
1.574133
1.601404
1.714681
1.645724
1.538842
1.561915
1.552729
1.537320
1.562567
1.590784
1.594671
1.528404
1.587593
1.536175
1.601278
1.551264
1.540422
1.540101
1.538794
1.596665
1.612296
1.589555
1.565920
1.830465
1.537419
1.692012
1.551399
1.543929
1.550313
1.555759
1.628032
1.594246
1.585280
1.603586
1.536714
1.605972
1.564712
1.540507
1.545304
1.536588
1.605987
1.584263
1.581227
1.646875
1.779674
1.621780
1.537908
1.552611
1.543341
1.547770
1.532180
1.586894
1.604058
1.551461
1.586780
1.572860
1.596813
1.540411
1.533486
1.545262
1.537322
1.598862
1.582411
1.587893
1.536884
1.594146
1.532282
1.592723
1.543594
1.542523
1.538543
1.553775
1.605187
1.588373
1.589458
1.600878
1.528556
1.597938
1.567307
1.540316
1.570082
1.534011
1.556733
1.753139
1.784266
1.749248
1.759600
1.661031
1.607952
1.614880
1.612813
1.602061
1.645365
1.650402
1.734769
1.933714
1.739160
1.738957
1.615274
1.603996
1.602972
1.527170
1.644112
1.631274
1.674744
1.675818
1.690464
1.680060
1.540530
1.546215
1.552615
1.540331
1.539339
1.615114
1.611037
1.524918
1.619225
1.534623
1.603275
1.545869
1.536286
1.530928
1.554779
1.622383
1.651787
1.600178
1.593417
1.755332
1.644784
1.540357
1.546413
1.558020
1.549741
1.547749
1.638772
1.583640
1.558526
1.617656
1.538428
1.610211
1.566681
1.590497
1.537389
1.535043
1.607902
1.619955
1.588289
1.633131
1.649471
1.646257
1.526212
1.527597
1.548670
1.533024
1.562694
1.591824
1.653488
1.532330
1.592498
1.566810
1.593366
1.543824
1.542452
1.538465
1.545475
1.618358
1.551461
1.607377
1.539402
1.839598
1.546466
1.671384
1.532911
1.550637
1.548682
1.546804
1.605083
1.609252
1.546974
1.599199
1.570876
1.589340
1.543745
1.534279
1.537378
1.556975
1.635715
1.680307
1.581701
1.590665
1.754256
1.651982
1.538098
1.534241
1.537480
1.549572
1.560668
1.630160
1.603054
1.600943
1.633510
1.547011
1.610218
1.558617
1.566852
1.567968
1.551738
1.552779
1.740983
1.588543
1.596268
1.551370
1.650380
1.544024
1.554662
1.572182
1.547616
1.544751
1.604122
1.603014
1.551278
1.614662
1.536093
1.611871
1.544132
1.571196
1.540312
1.552026
1.601271
1.626093
1.586286
1.578971
1.708827
1.669057
1.537543
1.539176
1.565051
1.548729
1.543826
1.620436
1.601903
1.531688
1.590790
1.591680
1.619989
1.551530
1.552337
1.542244
1.547800
1.564129
1.612249
1.582598
1.630812
1.769308
1.631627
1.564574
1.538526
1.551758
1.535513
1.536945
1.614424
1.593864
1.536150
1.594978
1.566710
1.649183
1.529467
1.549830
1.532213
1.546277
1.615637
1.583974
1.604347
1.630289
1.760462
1.640750
1.559397
1.534389
1.579298
1.585076
1.571664
1.646851
1.616020
1.590443
1.621304
1.542483
1.586262
1.558321
1.571577
1.541251
1.552882
1.621347
1.575626
1.628607
1.580419
1.545395
1.658257
1.538105
1.556759
1.554831
1.559063
1.548910
1.601840
1.603141
1.546410
1.603205
1.545428
1.589801
1.581364
1.544658
1.544780
1.553648
1.613286
1.589584
1.589881
1.600549
1.779279
1.625489
1.542450
1.536597
1.544636
1.567817
1.583286
1.582382
1.587699
1.531962
1.584538
1.539152
1.614278
1.540984
1.538397
1.540463
1.560044
1.543571
1.585630
1.619479
1.546104
1.591831
1.561078
1.580486
1.551661
1.567888
1.530413
1.578232
1.666446
1.606032
1.753313
1.652765
1.551479
1.612577
1.619102
1.543005
1.523720
1.557970
1.610391
1.525775
1.690319
1.587174
1.706415
1.679908
1.556517
1.570442
1.550590
1.519000
1.583524
1.688604
1.615805
1.556440
1.577360
1.543333
1.610665
1.553443
1.535651
1.535049
1.548697
1.542176
1.629168
1.593574
1.647164
1.647029
1.656603
1.556203
1.555934
1.548280
1.542605
1.553881
1.598407
1.585825
1.532886
1.633015
1.525729
1.574218
1.542996
1.536881
1.540241
1.553777
1.699314
1.585262
1.589099
1.646489
1.704045
1.666382
1.511984
1.539045
1.547088
1.540271
1.584350
1.591578
1.616630
1.537160
1.593787
1.536432
1.610342
1.543210
1.521826
1.534719
1.564163
1.610058
1.585135
1.602159
1.531363
1.587316
1.549994
1.594666
1.568095
1.554321
1.539626
1.535421
1.603052
1.584199
1.606842
1.597211
1.541091
1.608282
1.558355
1.543027
1.538296
1.562265
1.550646
1.618441
1.591434
1.551970
1.591366
1.559789
1.591848
1.540294
1.561855
1.568183
1.560964
1.586169
1.684333
1.570678
1.596204
1.542497
1.593156
1.555207
1.539381
1.562051
1.541632
1.530331
1.576047
1.589866
1.577758
1.607447
1.535885
1.596288
1.532993
1.547596
1.536462
1.561621
1.640064
1.592108
1.591831
1.600859
1.742455
1.656000
1.570320
1.542245
1.543380
1.552916
1.544630
1.591926
1.597423
1.531364
1.581968
1.575990
1.575427
1.538954
1.554022
1.540127
1.536324
1.649852
1.531502
1.584495
1.541915
1.584657
1.538417
1.593858
1.535006
1.543417
1.555781
1.536452
1.614261
1.578926
1.581507
1.610937
1.556901
1.610335
1.533764
1.518782
1.536003
1.541873
1.554452
1.585599
1.586360
1.541085
1.605434
1.545509
1.609502
1.534968
1.537226
1.539487
1.529154
1.605764
1.628641
1.585229
1.622959
1.651433
1.652777
1.553967
1.538407
1.554725
1.539261
1.556191
1.589848
1.706492
1.529389
1.595423
1.543262
1.607109
1.567590
1.567733
1.531124
1.570001
1.638337
1.583900
1.581542
1.603353
1.651762
1.636815
1.558064
1.541298
1.542628
1.542535
1.547404
1.609361
1.578244
1.585324
1.615594
1.526595
1.591826
1.536266
1.545712
1.540229
1.529312
1.555899
1.624053
1.595302
1.547647
1.866058
1.542352
1.700669
1.549482
1.551801
1.544708
1.550600
1.613174
1.580627
1.533147
1.579778
1.555037
1.601503
1.541054
1.535281
1.557978
1.549673
1.556875
1.616424
1.590534
1.527298
1.587640
1.541644
1.584430
1.544525
1.539608
1.543460
1.577334
1.642148
1.584621
1.601326
1.572800
1.536093
1.600234
1.539498
1.563933
1.547825
1.543499
1.543865
1.549408
1.617686
1.576058
1.577112
1.535080
1.582492
1.550697
1.537473
1.538343
1.550906
1.618501
1.580343
1.618307
1.655487
1.539344
1.672614
1.544492
1.550884
1.550798
1.534415
1.533898
1.617343
1.585251
1.573489
1.628001
1.539466
1.585564
1.554645
1.539523
1.548584
1.577596
1.618217
1.575051
1.640203
1.602620
1.720348
1.659444
1.536869
1.542391
1.554135
1.550204
1.553456
1.612115
1.638784
1.536397
1.622956
1.563411
1.605222
1.575998
1.579411
1.549591
1.582629
1.625506
1.559468
1.626023
1.638943
1.549151
1.673808
1.562544
1.574097
1.554590
1.545546
1.560098
1.630492
1.613636
1.535072
1.609719
1.585331
1.613169
1.589386
1.588726
1.574371
1.571241
1.583787
1.624261
1.621110
1.605982
1.569493
1.620865
1.548057
1.576612
1.573806
1.550832
1.565081
1.630557
1.594682
1.709297
1.589555
1.540092
1.613669
1.547230
1.555866
1.546701
1.560794
1.616128
1.588417
1.584050
1.621850
1.544076
1.607518
1.535971
1.544460
1.582490
1.549276
1.556387
1.717657
1.594182
1.528594
1.585036
1.540675
1.587918
1.538337
1.535428
1.559976
1.563675
1.613989
1.632355
1.585506
1.629568
1.543222
1.675562
1.557558
1.540405
1.578257
1.530951
1.583170
1.574958
1.595836
1.547929
1.591017
1.539430
1.581366
1.571977
1.541600
1.538381
1.555809
1.595770
1.578432
1.579674
1.549330
1.848440
1.695802
1.545296
1.539521
1.550230
1.542879
1.536992
1.603999
1.573612
1.598208
1.602417
1.538931
1.592400
1.550209
1.545633
1.537836
1.534330
1.617489
1.573579
1.594601
1.685664
1.706002
1.698514
1.534883
1.531342
1.587070
1.517169
1.551467
1.601652
1.587100
1.527887
1.589530
1.531300
1.587944
1.543410
1.534235
1.533171
1.535541
1.572207
1.584281
1.595710
1.555669
1.582079
1.553593
1.592344
1.531079
1.569161
1.551607
1.535469
1.614294
1.587680
1.608558
1.586758
1.540824
1.585963
1.564565
1.536446
1.538295
1.552676
1.537118
1.588786
1.594582
1.542130
1.587651
1.546567
1.592129
1.535095
1.573218
1.537587
1.539578
1.605979
1.591379
1.605115
1.663492
1.632271
1.669569
1.566896
1.550766
1.554750
1.559159
1.542121
1.574415
1.634036
1.533740
1.581342
1.533097
1.571637
1.526922
1.558195
1.562974
1.536378
1.583388
1.578560
1.597975
1.538380
1.583385
1.567128
1.593402
1.536605
1.545724
1.543371
1.541262
1.612337
1.588106
1.587621
1.614146
1.538392
1.595279
1.532812
1.544585
1.559002
1.556840
1.536468
1.610258
1.652251
1.526882
1.568220
1.549162
1.611670
1.598344
1.538187
1.549699
1.532368
1.610263
1.574832
1.598704
1.590980
1.532363
1.676223
1.589869
1.646152
1.535023
1.562786
1.612507
1.594733
1.631498
1.736273
1.607691
1.540621
1.594375
1.536340
1.532939
1.543625
1.534728
1.627464
1.638308
1.614351
1.577925
1.535057
1.623074
1.532882
1.541574
1.550249
1.537310
1.551855
1.590744
1.599599
1.566826
1.581291
1.537304
1.587507
1.555704
1.539433
1.541483
1.538627
1.555909
1.632683
1.670816
1.600480
1.644049
1.670791
1.527734
1.538443
1.546422
1.533577
1.569293
1.596784
1.583620
1.602758
1.589012
1.538339
1.587749
1.567964
1.555937
1.557928
1.538512
1.594893
1.597816
1.584709
1.655101
1.767496
1.637210
1.565829
1.546689
1.538501
1.538605
1.550717
1.606449
1.605048
1.549406
1.595879
1.556584
1.602144
1.533217
1.533267
1.579430
1.538344
1.593518
1.603038
1.578567
1.658061
1.765702
1.639579
1.559426
1.550630
1.540169
1.535194
1.546794
1.589685
1.627549
1.545472
1.592584
1.525925
1.603981
1.532305
1.547896
1.546820
1.538089
1.620716
1.614145
1.606946
1.648056
1.773660
1.626445
1.539082
1.546550
1.532165
1.537368
1.549844
1.598976
1.599153
1.577035
1.583539
1.536068
1.609114
1.532861
1.557421
1.547287
1.535136
1.602181
1.590681
1.609764
1.667397
1.777065
1.621761
1.543814
1.548009
1.536197
1.535196
1.584115
1.603929
1.590698
1.530438
1.614943
1.538546
1.603178
1.556510
1.558953
1.548810
1.537761
1.632681
1.557190
1.589820
1.662571
1.764845
1.646239
1.541065
1.542634
1.536481
1.541656
1.543500
1.586836
1.614448
1.592090
1.578699
1.529706
1.583207
1.539615
1.543240
1.547749
1.554733
1.707514
1.589613
1.583328
1.615937
1.762268
1.640345
1.560694
1.538490
1.540293
1.539428
1.545573
1.599930
1.702397
1.564639
1.578083
1.548776
1.602998
1.538239
1.564998
1.542523
1.540499
1.571432
1.632873
1.573773
1.659670
1.645716
1.676158
1.541088
1.537857
1.534322
1.540631
1.569252
1.591310
1.583558
1.535342
1.602964
1.540990
1.605474
1.538040
1.536174
1.547858
1.558847
1.602169
1.541088
1.590657
1.529075
1.594515
1.561710
1.596979
1.548671
1.546525
1.530192
1.544768
1.611172
1.592740
1.596002
1.590121
1.539828
1.593785
1.533461
1.565096
1.539463
1.539558
1.555882
1.675773
1.605734
1.524580
1.608246
1.550896
1.588456
1.540046
1.532345
1.559949
1.573270
1.602847
1.583311
1.587739
1.628454
1.544677
1.666277
1.538718
1.573220
1.546507
1.544517
1.536339
1.598622
1.687285
1.523853
1.601983
1.538219
1.585858
1.550644
1.574612
1.557495
1.564193
1.576418
1.646812
1.622840
1.611281
1.623614
1.667533
1.560112
1.545631
1.535386
1.513767
1.533423
1.629865
1.609199
1.595491
1.584759
1.556377
1.671384
1.579263
1.531101
1.538454
1.546494
1.583562
1.604919
1.634803
1.596164
1.625630
1.686875
1.540007
1.564101
1.541575
1.569280
1.526285
1.633767
1.621516
1.518362
1.676658
1.583917
1.589785
1.560701
1.532126
1.601153
1.605017
1.604894
1.569220
1.588630
1.570266
1.625117
1.654127
1.538333
1.537349
1.541399
1.540370
1.539451
1.602770
1.681469
1.520795
1.619101
1.544397
1.590423
1.540936
1.530161
1.535228
1.562971
1.612218
1.598384
1.575479
1.660268
1.756406
1.640928
1.529997
1.536437
1.556907
1.556736
1.547742
1.596952
1.603597
1.549863
1.591578
1.542635
1.587934
1.535980
1.564087
1.530076
1.553628
1.610499
1.544753
1.606453
1.521784
1.573291
1.548035
1.607182
1.533581
1.538177
1.541717
1.546513
1.605788
1.588297
1.592699
1.591280
1.535849
1.593213
1.563430
1.560897
1.539541
1.546500
1.532264
1.568033
1.606751
1.546351
1.587119
1.536164
1.590899
1.537228
1.543554
1.543598
1.542391
1.611270
1.536950
1.597768
1.620571
1.752462
1.646678
1.543611
1.539512
1.541691
1.525915
1.549577
1.584681
1.590640
1.525561
1.585781
1.547322
1.585626
1.559824
1.559829
1.537354
1.535468
1.616189
1.607610
1.577465
1.552820
1.588954
1.560730
1.586572
1.536036
1.541597
1.542154
1.543495
1.591672
1.584932
1.583651
1.581872
1.576308
1.580409
1.547059
1.552387
1.531022
1.534302
1.539431
1.630926
1.607952
1.579533
1.575144
1.539653
1.597435
1.536163
1.540642
1.548730
1.543649
1.605178
1.592530
1.595980
1.602091
1.653860
1.648913
1.541341
1.541621
1.532391
1.534522
1.539104
1.608117
1.579170
1.580387
1.584255
1.533776
1.616838
1.535862
1.537253
1.552496
1.549741
1.549471
1.586190
1.588622
1.545632
1.601066
1.558905
1.597929
1.545332
1.542576
1.535404
1.543624
1.591740
1.574982
1.593667
1.605830
1.542990
1.598416
1.538780
1.535412
1.546550
1.557822
1.541497
1.577116
1.582892
1.531857
1.589538
1.540309
1.587718
1.537383
1.562854
1.536455
1.548673
1.601987
1.575145
1.614391
1.611731
1.757474
1.656890
1.535575
1.563955
1.559388
1.529532
1.525826
1.577045
1.603486
1.527216
1.597296
1.534283
1.589738
1.537253
1.563542
1.541560
1.544397
1.550866
1.585704
1.592571
1.527794
1.582383
1.568856
1.596918
1.539152
1.524911
1.541095
1.539140
1.643006
1.585027
1.580083
1.616888
1.535186
1.593684
1.543351
1.537340
1.562915
1.568266
1.535282
1.595888
1.584125
1.512681
1.589108
1.555234
1.585573
1.540234
1.558241
1.559459
1.518781
1.603816
1.587594
1.584389
1.607823
1.742005
1.653763
1.544551
1.563080
1.543523
1.534444
1.545435
1.575421
1.603084
1.577641
1.587540
1.545239
1.587810
1.539222
1.550611
1.531298
1.531366
1.597619
1.575084
1.595163
1.548414
1.590528
1.558610
1.595390
1.540831
1.530341
1.552842
1.532302
1.576212
1.595285
1.569326
1.602289
1.560198
1.589970
1.557388
1.566079
1.541777
1.539301
1.542567
1.602045
1.580584
1.531866
1.600758
1.528918
1.589947
1.535712
1.531381
1.541377
1.556853
1.601714
1.586128
1.570317
1.590450
1.749649
1.664576
1.595265
1.535974
1.522005
1.514860
1.534179
1.574301
1.593144
1.605847
1.571104
1.574788
1.581366
1.525841
1.557017
1.554700
1.568206
1.644701
1.603030
1.620833
1.592859
1.751960
1.655312
1.530814
1.549526
1.562676
1.543198
1.566873
1.609229
1.597291
1.594573
1.605962
1.554677
1.631918
1.548644
1.542419
1.556045
1.541390
1.660231
1.621685
1.584439
1.587408
1.638782
1.647313
1.560556
1.543871
1.535625
1.548417
1.541495
1.580453
1.682112
1.572711
1.567926
1.549311
1.588435
1.548903
1.546539
1.547728
1.549541
1.554332
1.600701
1.618405
1.639140
1.693744
1.688842
1.534983
1.542354
1.534415
1.543482
1.561853
1.592718
1.600279
1.559178
1.595867
1.518366
1.600575
1.542262
1.542579
1.534385
1.535085
1.540381
1.746342
1.610293
1.641808
1.754396
1.643571
1.523390
1.544507
1.540047
1.569110
1.553165
1.574983
1.595027
1.540473
1.589130
1.542673
1.593815
1.530956
1.567134
1.542640
1.542576
1.550349
1.601669
1.575297
1.532896
1.588712
1.534190
1.597420
1.580156
1.531158
1.544608
1.547017
1.619365
1.587076
1.598605
1.616760
1.533937
1.608446
1.594723
1.576316
1.620107
1.560279
1.605648
1.638082
1.580919
1.528570
1.634832
1.551661
1.590647
1.557638
1.546594
1.535313
1.550720
1.605032
1.583416
1.588466
1.588152
1.550407
1.609146
1.530950
1.551651
1.549650
1.535324
1.575065
1.592471
1.588194
1.680963
1.586825
1.557159
1.602172
1.545476
1.530175
1.542505
1.541396
1.601200
1.580037
1.606433
1.618411
1.544154
1.682856
1.564812
1.544581
1.541548
1.545555
1.535140
1.601852
1.596984
1.525644
1.575870
1.543641
1.588840
1.561494
1.534694
1.539250
1.571147
1.644456
1.527824
1.626622
1.544496
1.842231
1.542963
1.686294
1.532787
1.550904
1.538212
1.536190
1.574333
1.672693
1.535137
1.582475
1.564139
1.592778
1.556426
1.553748
1.538526
1.565817
1.628556
1.587252
1.631574
1.618310
1.703028
1.696150
1.536157
1.536309
1.548622
1.540472
1.536261
1.596578
1.610764
1.529928
1.642402
1.542032
1.585883
1.554452
1.550862
1.526106
1.554555
1.598193
1.585456
1.607422
1.679495
1.755395
1.645947
1.543551
1.535292
1.541734
1.536174
1.536567
1.609349
1.587520
1.539121
1.593947
1.529058
