5.440333
0.894671
0.631034
0.878380
0.626127
0.632890
0.629504
0.623637
0.874634
0.881976
0.876838
0.626860
0.633000
0.630543
0.572992
0.421152
0.524921
0.405194
0.423669
0.411234
0.410102
0.744131
0.665939
0.649457
0.457501
0.455529
0.450668
0.453752
0.463157
0.455712
0.429983
0.630091
0.449586
0.457452
0.454139
0.457284
0.454618
0.633690
0.613826
0.400740
0.402487
0.398738
0.401894
0.400069
0.553574
0.555420
0.552637
0.405318
0.406296
0.396372
0.394773
0.402116
0.395874
0.400080
0.567278
0.630914
0.455703
0.451622
0.623246
0.461421
0.459900
0.637342
0.618381
0.399035
0.407571
0.553718
0.556530
0.402139
0.404807
0.398239
0.403393
0.400466
0.399127
0.405318
0.396309
0.403121
0.394920
0.404196
0.398077
0.404318
0.552979
0.552298
0.401727
0.406270
0.551874
0.551165
0.399957
0.402092
0.557770
0.397626
0.423875
0.458643
0.632225
0.461944
0.458035
0.454779
0.633020
0.628173
0.446358
0.400248
0.555733
0.547548
0.546855
0.552403
0.395918
0.391050
0.559744
0.401919
0.550195
0.399535
0.551064
0.548096
0.404456
0.397852
0.399869
0.402500
0.410564
0.551544
0.553916
0.400015
0.398893
0.391102
0.550367
0.390615
0.395914
0.544891
0.549193
0.394798
0.553533
0.410521
0.553680
0.404682
0.570649
0.555666
0.552376
0.408054
0.561482
0.560583
0.562192
0.409413
0.563746
0.557513
0.566138
0.412181
0.569488
0.556850
0.561700
0.403715
0.555266
0.547647
0.550857
0.402100
0.560713
0.403885
0.559803
0.549222
0.564711
0.564785
0.558534
0.408112
0.600815
0.631064
0.634878
0.635006
0.640042
0.634990
0.646182
0.426180
0.559476
0.403087
0.577079
0.637073
0.461102
0.629236
0.628970
0.459557
0.633329
0.630178
0.560059
0.630832
0.457230
0.637207
0.639393
0.628233
0.631984
0.633459
0.571914
0.400189
0.560392
0.408637
0.552382
0.556314
0.551088
0.548084
0.554450
0.595767
0.449654
0.638137
0.630534
0.628070
0.629877
0.623398
0.635058
0.626640
0.636451
0.625695
0.643038
0.459208
0.631455
0.588538
0.602289
0.635980
0.646953
0.633016
0.636166
0.642513
0.628468
0.565416
0.543758
0.542310
0.553879
0.561891
0.555525
0.562261
0.549107
0.551125
0.560749
0.558623
0.556318
0.554849
0.565860
0.552439
0.556798
0.555636
0.558170
0.553969
0.556195
0.551458
0.553076
0.554140
0.547066
0.545142
0.546324
0.547936
0.550569
0.549564
0.547934
0.547054
0.580907
0.624728
0.623412
0.629890
0.637979
0.630299
0.643581
0.593845
0.555805
0.558890
0.563463
0.555502
0.559958
0.560718
0.552651
0.558030
0.550558
0.555255
0.398951
0.555689
0.558531
0.561882
0.404358
0.556903
0.560572
0.552515
0.552523
0.553040
0.549669
0.551750
0.557566
0.554167
0.556605
0.553946
0.557085
0.558639
0.560551
0.404239
0.555913
0.555732
0.551412
0.549598
0.549815
0.549393
0.571093
0.623930
0.627701
0.625374
0.631888
0.631795
0.629441
0.585098
0.554805
0.553283
0.554269
0.551452
0.556172
0.553573
0.557141
0.556715
0.552353
0.561077
0.554219
0.560775
0.549528
0.581919
0.621044
0.615715
0.620487
0.634312
0.627437
0.634582
0.582307
0.549233
0.557014
0.555369
0.599729
0.619625
0.634032
0.631591
0.630322
0.634683
0.629323
0.578488
0.557596
0.552318
0.550331
0.557202
0.546822
0.700225
0.701236
0.697222
0.695752
0.547999
0.697642
0.563750
0.560506
0.549618
0.553497
0.551565
0.553739
0.550685
0.556178
0.552696
0.563201
0.563548
0.563747
0.553523
0.558268
0.552483
0.552340
0.555923
0.555749
0.589349
0.626721
0.623901
0.646359
0.635686
0.637194
0.629282
0.631219
0.552144
0.605175
0.550334
0.559087
0.589366
0.596107
0.570191
0.566573
0.567388
0.570851
0.575482
0.564310
0.571440
0.566230
0.575341
0.568136
0.556739
0.566575
0.559594
0.558399
0.561796
0.562569
0.587374
0.637441
0.625724
0.632379
0.629316
0.630958
0.636127
0.593663
0.558616
0.569500
0.567404
0.561630
0.565952
0.566171
0.551924
0.552233
0.554933
0.552931
0.549409
0.547412
0.569470
0.598158
0.563013
0.567800
0.561060
0.555108
0.552971
0.588429
0.642675
0.634951
0.621441
0.632347
0.633933
0.632612
0.596178
0.567925
0.562546
0.560865
0.556765
0.555846
0.557433
0.556523
0.548904
0.544206
0.548558
0.549492
0.553148
0.577487
0.582598
0.638716
0.623070
0.629764
0.626123
0.627730
0.633864
0.609144
0.549805
0.557780
0.563002
0.552089
0.561253
0.590087
0.645575
0.631313
0.642550
0.627306
0.622812
0.628239
0.589632
0.549249
0.546377
0.549183
0.550171
0.558095
0.559881
0.555795
0.551013
0.551369
0.546545
0.551253
0.560371
0.557343
0.562037
0.602294
0.629830
0.634929
0.637489
0.636442
0.641074
0.629843
0.563349
0.544414
0.549459
0.549224
0.551959
0.545104
0.557560
0.550242
0.549448
0.552054
0.551896
0.550383
0.555944
0.569009
0.566739
0.556739
0.557036
0.561981
0.574760
0.551405
0.549871
0.553452
0.550981
0.558736
0.555556
0.561773
0.558746
0.547975
0.553330
0.554858
0.556967
0.551907
0.554740
0.551470
0.555704
0.556035
0.551219
0.551438
0.551127
0.556676
0.610982
0.644259
0.636782
0.637380
0.647083
0.631500
0.637300
0.588010
0.632837
0.628266
0.629670
0.625553
0.634159
0.628890
0.585431
0.560450
0.549613
0.550381
0.546777
0.576977
0.556026
0.554135
0.557738
0.556510
0.553602
0.570076
0.558966
0.561482
0.558469
0.597204
0.637120
0.630881
0.624828
0.626690
0.625345
0.624667
0.592263
0.561642
0.568408
0.569921
0.557293
0.557403
0.573140
0.572557
0.562304
0.571696
0.559872
0.549264
0.559793
0.551380
0.555400
0.549970
0.555623
0.560767
0.552734
0.548692
0.547390
0.543944
0.552465
0.547321
0.552834
0.578852
0.627500
0.622640
0.629699
0.629921
0.638608
0.624834
0.592111
0.571089
0.630969
0.625650
0.628050
0.629906
0.648600
0.644629
0.583670
0.556585
0.554344
0.559189
0.547499
0.545363
0.544178
0.549024
0.549782
0.556078
0.549795
0.552952
0.553352
0.556302
0.547349
0.552777
0.552590
0.546942
0.556060
0.549457
0.553377
0.556520
0.705617
0.555291
0.554370
0.708325
0.711730
0.560792
0.548749
0.548123
0.545837
0.702095
0.546778
0.549190
0.547842
0.551682
0.549160
0.552473
0.715292
0.561991
0.555041
0.551123
0.568037
0.555412
0.563542
0.715009
0.553918
0.561243
0.562440
0.562627
0.554443
0.548814
0.555390
0.554257
0.564799
0.621461
0.621848
0.626944
0.631899
0.628381
0.625712
0.590543
0.548909
0.555720
0.557676
0.552748
0.555089
0.712587
0.561562
0.562601
0.588210
0.640359
0.809988
0.636886
0.635553
0.626173
0.626781
0.624574
0.621727
0.620247
0.623178
0.627709
0.793879
0.916658
0.702552
0.715068
0.554630
0.550839
0.551770
0.702114
0.559513
0.576878
0.642336
0.629635
0.644463
0.644576
0.635837
0.626895
0.590070
0.560323
0.554769
0.549407
0.549939
0.701373
0.548759
0.556302
0.555098
0.555532
0.813331
0.658464
0.653258
0.804970
1.145390
1.811816
2.003855
1.672742
1.633408
0.556495
1.745997
0.644928
1.686519
0.636312
1.395077
0.396006
1.620990
1.672841
0.605153
1.497580
1.141946
0.966993
1.044980
0.857381
0.698352
1.006857
0.402297
1.150176
1.597923
0.705138
0.725409
1.019597
0.874265
1.029917
0.567678
1.768019
1.034049
1.475263
0.549986
0.398451
0.555562
1.613722
1.309059
1.961730
1.299540
0.998820
1.153809
0.702917
0.551494
0.700834
0.547579
0.707595
0.552478
0.552827
0.554694
0.548979
0.562325
0.559645
0.551642
0.562508
0.553057
0.548784
0.562295
0.546028
0.549101
0.545973
0.552624
0.708040
0.709956
0.552019
0.698364
0.860089
0.709709
0.553902
0.563871
0.571073
0.628930
0.622786
0.640843
0.634543
0.635835
0.636373
0.586517
0.557356
0.558472
0.549990
0.553696
0.550492
0.551938
0.706509
0.545902
0.700923
0.547271
0.845090
1.181239
0.798042
0.629755
0.801284
0.631107
0.639399
0.625719
0.888366
0.967191
0.794370
0.632466
0.803161
0.967812
0.560351
0.704041
1.014059
0.549268
1.808791
1.665262
0.763379
1.134115
1.486307
0.974416
0.886048
1.454747
1.921873
1.627165
0.831615
0.613344
0.551455
0.558766
1.306363
1.320217
0.558273
0.408624
1.508695
0.563332
1.330633
1.325637
1.464541
1.541547
1.952206
1.495588
1.871033
2.123905
1.873133
1.561116
1.571017
1.568158
1.417424
1.718836
1.415626
1.422147
2.020178
1.800094
1.736312
1.959130
1.452395
1.963471
1.288571
1.510530
1.973134
1.619380
1.620608
1.757646
0.547712
1.744927
1.455363
0.699553
0.841053
0.547756
0.546063
0.553713
0.550792
0.548990
0.550420
0.555407
0.547959
0.549304
0.547626
0.548372
0.550499
0.550671
0.550534
0.561159
0.551748
0.574539
0.806442
0.637773
0.632258
0.629098
0.629816
0.624297
0.578023
0.547999
0.544821
0.702364
0.549008
0.568360
0.625409
0.623782
0.806149
0.627090
0.634219
0.630526
0.571250
0.703883
0.551771
0.853544
1.244996
0.634238
0.972910
0.799838
0.625347
0.769316
0.760849
0.624779
0.795420
0.797486
0.625582
0.810483
0.576822
0.544478
0.557018
0.851240
0.703391
0.555019
0.556738
0.559338
0.560299
0.702655
0.553145
0.555261
0.547235
0.551346
0.562572
0.558683
0.547264
0.543261
0.545192
0.546426
0.545763
0.551259
0.543386
0.543583
0.708175
0.552641
0.552665
0.549110
0.543743
0.553448
0.560806
0.700550
0.554013
0.774948
0.632844
0.638160
0.627733
0.630589
0.637713
0.625127
0.544394
0.543804
0.545203
0.541557
0.540391
0.542638
0.545616
0.548826
0.598205
0.572946
0.573260
0.555742
0.561161
0.550839
0.574249
0.566364
0.553199
0.549963
0.555634
0.557596
0.600664
0.631797
0.634442
0.643559
0.646945
0.653985
0.625645
0.593527
0.561225
0.565956
0.561086
0.561368
0.587431
0.628706
0.626897
0.793856
0.628973
0.633133
0.818517
0.563975
0.570552
0.564815
0.706726
0.558112
0.559677
0.559204
0.552376
0.581424
0.632752
0.633101
0.622379
0.629196
0.634551
0.624824
0.596283
0.553843
0.551817
0.546582
0.561584
0.552396
0.552387
0.548676
0.551847
0.557629
0.552977
0.559954
0.615292
0.631342
0.635539
0.634613
0.625993
0.661960
0.621289
0.568377
0.568528
0.548623
0.553195
0.544873
0.553246
0.548966
0.559221
0.701067
0.556208
0.544498
0.555415
0.551450
0.697929
0.552071
0.556989
0.548048
0.559791
0.554292
0.556642
0.560508
0.550311
0.551969
0.543463
0.542667
0.548260
0.574259
0.634613
0.630985
0.627402
0.627818
0.634776
0.629423
0.590867
0.560744
0.550447
0.546532
0.550461
0.546708
0.556834
0.554054
0.556319
0.547744
0.547086
0.551003
0.548236
0.550729
0.546263
0.544460
0.694859
0.546439
0.550329
0.547033
0.549855
0.541681
0.553585
0.547338
0.562101
0.556373
0.559568
0.551281
0.569385
0.649138
0.629651
0.624702
0.637599
0.630808
0.634405
0.586393
0.599185
0.629751
0.623636
0.627514
0.629376
0.618684
0.623077
0.559931
0.551547
0.551314
0.547570
0.547901
0.556113
0.550805
0.548608
0.545814
0.549147
0.548850
0.551288
0.545703
0.553400
0.558793
0.561163
0.555049
0.551889
0.555573
0.553711
0.552436
0.550011
0.550199
0.542416
0.543132
0.546923
0.549964
0.544708
0.545043
0.550629
0.559459
0.559407
0.554643
0.562845
0.549063
0.553338
0.548845
0.556649
0.547740
0.556136
0.556723
0.550453
0.561561
0.549248
0.563206
0.622189
0.630714
0.632176
0.625203
0.623105
0.624825
0.597396
0.553397
0.581518
0.551812
0.551476
0.555193
0.558222
0.552742
0.560357
0.597630
0.641333
0.628241
0.636992
0.629693
0.627954
0.637670
0.592088
0.569750
0.565594
0.553082
0.553629
0.543336
0.575653
0.634323
0.629523
0.622796
0.628651
0.622197
0.623315
0.582028
0.596043
0.629762
0.623203
0.628643
0.633572
0.658691
0.634496
0.577796
0.553691
0.553274
0.547894
0.545867
0.540855
0.538467
0.545167
0.544833
0.546681
0.545717
0.547562
0.551155
0.548438
0.552309
0.550629
0.557485
0.551274
0.549005
0.576733
0.650586
0.629469
0.625123
0.628901
0.625500
0.630839
0.636576
0.582882
0.564658
0.561860
0.550819
0.551618
0.556063
0.562991
0.560954
0.563633
0.558817
0.559804
0.560951
0.586039
0.629921
0.630476
0.634496
0.629301
0.631933
0.634457
0.593863
0.563568
0.571072
0.560670
0.558475
0.560144
0.556418
0.598670
0.617315
0.626452
0.629441
0.631491
0.653821
0.630689
0.554363
0.552933
0.545613
0.551157
0.549699
0.547325
0.571831
0.567630
0.557743
0.562536
0.571199
0.562993
0.561999
0.563285
0.552580
0.548479
0.549174
0.544023
0.547020
0.542592
0.613907
0.620988
0.623619
0.634466
0.618510
0.621254
0.668537
0.629850
0.628921
0.633316
0.632326
0.637358
0.630320
0.604566
0.552496
0.557340
0.556028
0.557353
0.556598
0.574404
0.639778
0.623257
0.622649
0.620019
0.615827
0.633615
0.604713
0.552371
0.546801
0.549718
0.558874
0.557056
0.601093
0.633116
0.628681
0.635356
0.636492
0.626269
0.647444
0.575072
0.555921
0.552939
0.552611
0.547755
0.547663
0.560462
0.548043
0.393941
0.556199
0.552470
0.559090
0.557049
0.549126
0.551088
0.552148
0.549558
0.556357
0.561327
0.609003
0.578032
0.568000
0.563597
0.554428
0.553376
0.555757
0.548084
0.561304
0.550114
0.555007
0.549938
0.548952
0.543393
0.541797
0.550095
0.553111
0.556436
0.561210
0.561413
0.559134
0.566115
0.562603
0.562711
0.571130
0.570433
0.560173
0.563509
0.559543
0.574831
0.589973
0.635635
0.638002
0.623796
0.617452
0.646697
0.656095
0.582530
0.558570
0.554308
0.559489
0.562059
0.554185
0.579473
0.622727
0.630787
0.641326
0.635933
0.633356
0.639511
0.601663
0.600535
0.625645
0.628354
0.626149
0.626563
0.640229
0.631747
0.562181
0.559357
0.560478
0.585726
0.635175
0.625280
0.625416
0.623947
0.618247
0.618043
0.606011
0.563356
0.564687
0.419371
0.587687
0.458348
0.639367
0.468505
0.461279
0.463396
0.634289
0.459450
0.614283
0.561054
0.400461
0.587759
0.622714
0.457684
0.451613
0.450883
0.637470
0.625434
0.630027
0.575373
0.590856
0.625985
0.628115
0.637702
0.628800
0.622406
0.628956
0.587764
0.570272
0.565101
0.604550
0.630053
0.643432
0.453393
0.629976
0.461205
0.622821
0.622074
0.558283
0.411936
0.404483
0.592557
0.630330
0.458687
0.621337
0.461949
0.634873
0.628963
0.462843
0.425390
0.413985
0.563460
0.559547
0.564077
0.574948
0.564018
0.564161
0.566874
0.556531
0.560340
0.558337
0.553365
0.420476
0.626671
0.454389
0.626101
0.625605
0.623738
0.627413
0.629296
0.403303
0.556266
0.407028
0.554527
0.555835
0.563753
0.418772
0.566761
0.564654
0.561461
0.550950
0.545685
0.557683
0.559486
0.544157
0.545126
0.545855
0.555110
0.548104
0.551666
0.546573
0.551722
0.560101
0.559704
0.559857
0.563541
0.714036
0.556549
0.552660
0.552388
0.554774
0.554117
0.550772
0.552846
0.559860
0.555116
0.550533
0.542141
0.550306
0.541581
0.544889
0.546500
0.549827
0.552420
0.544328
0.392308
0.398484
0.553534
0.712495
0.561758
0.595845
0.629297
0.454172
0.465840
0.632259
0.674869
0.634748
0.654974
0.632109
0.632521
0.625211
0.455412
0.619548
0.633577
0.592750
0.543860
0.547306
0.392634
0.558897
0.556262
0.704976
0.700928
0.700849
0.708786
1.027846
1.015326
0.739545
1.155936
1.619737
1.303653
1.455726
1.313495
1.622269
1.513524
1.668169
0.627675
0.622130
1.755585
1.306689
0.695083
0.551868
0.582135
0.628976
0.979694
0.805290
0.631918
0.633978
1.247420
0.634809
0.459085
0.815373
0.806323
0.635702
0.791755
0.910300
1.161800
0.402848
0.546804
0.862669
0.551753
0.699560
0.546632
0.700161
0.591512
0.624889
0.631247
0.630597
0.796934
0.622531
0.921760
0.547510
0.401249
0.548811
0.550392
0.549639
0.553240
0.403253
0.555152
0.586354
0.634690
0.655668
0.638160
0.801061
0.970495
0.740631
0.999803
0.851811
0.542209
0.785173
0.622052
0.618704
0.627074
0.632570
0.629947
0.610090
0.548837
0.549641
0.559160
0.550887
0.559895
0.550530
0.700626
0.548064
0.701322
0.700136
0.847946
0.587931
0.974703
0.799768
0.450477
1.145949
1.680212
1.003925
0.401904
1.910650
1.413622
1.321353
1.483243
2.135824
1.937245
0.989911
2.022561
1.648682
1.630120
1.480739
1.491769
1.743818
1.434972
2.049563
1.643965
1.618722
1.415939
2.199318
1.437169
1.287199
1.443654
1.442243
1.287102
1.641272
0.412988
1.648967
1.488533
0.557281
1.481057
0.869076
0.562766
0.560851
0.561880
0.560964
0.570371
0.565308
0.562227
0.561485
0.709963
0.557077
0.410092
0.556400
0.559208
0.562882
0.554496
0.556859
0.406540
0.582859
0.627022
0.625904
0.808928
0.632466
0.630557
0.802039
0.630531
0.631596
0.629128
0.463609
0.627002
0.465849
0.631334
0.592394
0.411143
0.552904
0.547950
0.544757
0.548630
0.579578
0.627675
0.622797
0.616891
0.635179
0.641789
0.628583
0.579300
0.554036
0.587029
0.636744
0.631448
0.639572
0.629129
0.629823
0.634384
0.576200
0.556306
0.607197
0.458822
0.617795
0.629585
0.623572
0.623275
0.623422
0.646810
0.461303
0.627452
0.632317
0.636917
0.637769
0.635848
0.600727
0.548112
0.552091
0.577065
0.476954
0.632960
0.634579
0.642452
0.633074
0.629143
0.785600
0.636545
0.620123
0.622180
0.621241
0.623760
0.627126
0.602547
0.553236
0.555031
0.544520
0.552209
0.551079
0.551005
0.551374
0.547485
0.554592
0.560003
0.551357
0.711510
0.407889
0.552840
0.553945
0.551022
0.552900
0.550934
0.548400
0.544912
0.396613
0.555573
0.393597
0.399699
0.552676
0.547395
0.551143
0.543950
0.549510
0.545445
0.542887
0.546564
0.544109
0.556728
0.547506
0.581696
0.628646
0.630523
0.635437
0.455993
0.636721
0.622445
0.451312
0.547318
0.547413
0.701353
0.695152
0.550041
0.557753
0.589373
0.560352
0.566850
0.560879
0.548729
0.548795
0.400660
0.411094
0.553450
0.404323
0.554436
0.553775
0.560026
0.560658
0.552559
0.550691
0.549462
0.547839
0.544567
0.544303
0.703423
1.000841
0.546626
0.549810
0.545035
0.707617
0.549365
0.547522
0.549149
0.551968
0.405622
0.569007
0.406512
0.557426
0.551886
0.698560
0.561123
0.402131
0.558542
0.766098
0.793522
0.794167
0.965269
0.965086
0.798881
0.807820
0.619434
0.619222
0.624453
0.629958
0.749463
0.545525
0.555072
0.547202
0.548742
0.565939
0.719807
0.563553
0.575491
0.568121
0.408617
0.404280
0.553154
0.547072
0.551957
0.698613
0.397457
0.540693
0.542563
0.698083
0.706287
0.557239
0.693844
0.702737
0.546253
0.551196
0.554529
0.701473
0.551859
0.550169
0.557832
0.557733
0.786734
0.631863
0.629012
0.630517
0.623371
0.633915
0.626104
0.547879
0.544875
0.541770
0.555753
0.546911
0.547064
0.551560
0.546798
0.699931
0.551306
0.698736
0.543853
0.553483
0.702490
0.563044
0.559445
0.548310
0.563740
0.549217
0.561020
0.561742
0.428575
0.636668
0.449002
0.627279
0.623909
0.649705
0.668256
0.607774
0.547584
0.553812
0.544096
0.546369
0.553093
0.547678
0.553511
0.399000
0.547123
0.851542
0.698159
0.947127
0.797936
1.478949
1.761076
0.852938
0.699231
1.017768
0.728874
0.630870
0.635189
0.627045
0.624311
0.624634
0.625434
0.596596
0.702848
0.997658
1.152910
2.036001
2.012880
1.784151
1.419773
1.425657
1.909053
1.421794
1.432366
1.174721
1.107126
1.622476
1.103335
1.137290
1.273166
1.164826
1.791331
1.491729
1.778853
2.012452
1.811564
1.717568
1.710328
2.015069
1.469363
2.482965
1.595499
1.602722
2.024981
2.229539
1.816215
2.471967
2.266289
2.493009
2.376210
0.981030
2.205893
1.306115
0.996379
1.745200
1.443134
1.283766
1.762166
1.623199
1.945204
1.618337
1.620192
1.472197
1.719399
1.297617
1.129573
1.289435
1.443316
1.456643
0.719502
1.422525
1.466912
1.811932
1.772843
1.664790
1.700502
1.964473
0.435183
1.750975
1.320781
1.599196
1.607545
1.414883
1.605694
1.417977
1.013822
1.482125
1.150436
0.463198
2.065520
1.517569
1.460655
1.005029
1.909406
0.551972
1.205523
0.988359
0.639384
0.813288
0.817128
0.630740
0.560143
0.544687
0.587771
0.619125
0.625114
0.619604
0.618678
0.627343
0.633022
0.583448
0.589424
0.589830
0.594930
0.631560
0.627908
0.625982
0.630228
0.633323
0.799010
0.566299
0.560744
0.565120
0.565605
0.408548
0.549653
0.550591
0.692534
0.694510
0.556125
0.552193
0.409619
0.562808
0.406494
0.556502
0.558818
0.560917
0.716797
0.584609
0.637579
0.626634
0.630033
0.622321
0.620897
0.645039
0.459645
0.568349
0.570313
0.563901
0.561259
0.872058
0.560583
0.787787
0.653512
0.637534
0.626894
0.625892
0.637606
0.623786
0.713502
0.560272
0.558627
0.711720
0.715399
0.591289
0.624686
0.629612
0.634234
0.631610
0.636229
0.628442
0.589043
0.560109
0.563004
0.566660
0.558420
0.556131
0.554584
0.566301
0.402314
0.560537
0.410521
0.405091
0.555000
0.560997
0.552984
0.565167
0.559962
0.559204
0.558791
0.561324
0.411805
0.574675
0.409367
0.557078
0.559476
0.560503
0.402748
0.551090
0.592481
0.621556
0.623784
0.627639
0.621111
0.625290
0.624819
0.591389
0.555367
0.557666
0.559862
0.556900
0.567683
0.582212
0.628350
0.630037
0.627930
0.636531
0.636780
0.631029
0.583373
0.563389
0.559535
0.553052
0.555992
0.553441
0.557510
0.540724
0.546301
0.545154
0.584332
0.623118
0.448590
0.620899
0.635912
0.628016
0.629269
0.605869
0.409611
0.409868
0.403102
0.408684
0.399467
0.423007
0.462404
0.626334
0.633033
0.617183
0.621205
0.618786
0.605331
0.548065
0.549862
0.556125
0.547761
0.544260
0.555684
0.402100
0.398336
0.400485
0.395948
0.561993
0.397909
0.554578
0.552295
0.401626
0.548950
0.547756
0.562013
0.404024
0.403435
0.546819
0.545003
0.595720
0.628764
0.632485
0.624641
0.627673
0.632332
0.623083
0.564360
0.396675
0.553314
0.547011
0.552912
0.555206
0.558090
0.550181
0.555304
0.712900
0.704299
0.705242
0.716360
0.699610
0.692083
0.730161
0.806046
0.280008
0.278641
1.140280
0.278472
0.798076
0.281570
0.267682
0.246283
0.947945
0.629912
0.624579
0.467000
0.461312
0.639481
0.455226
0.442982
0.399708
0.566838
0.564131
0.561829
0.403191
0.547274
0.400450
0.576885
0.629774
0.631834
0.626523
0.621150
0.626196
0.457759
0.460786
0.558771
0.545051
0.548991
0.550756
0.709704
0.553548
0.560391
0.551566
0.552081
0.552904
0.550297
0.552353
0.546743
0.565469
0.548513
0.397399
0.391478
0.401639
0.391452
0.391436
0.403973
0.399467
0.427922
0.455157
0.463777
0.453887
0.465506
0.458895
0.635049
0.457438
0.458685
0.592906
0.397936
0.402074
0.562213
0.402291
0.398766
0.552930
0.398923
0.544965
0.393788
0.541816
0.393768
0.394261
0.548099
0.397517
0.394850
0.393500
0.398385
0.400723
0.397075
0.405091
0.398201
0.400055
0.409310
0.402248
0.409263
0.401295
0.557916
0.409879
0.397419
0.409956
0.568763
0.398358
0.548554
0.395249
0.542685
0.395286
0.393728
0.396240
0.392925
0.396540
0.404955
0.396774
0.547947
0.403788
0.398145
0.401592
0.397617
0.407531
0.402022
0.557901
0.403348
0.404031
0.400964
0.559209
0.548981
0.395576
0.546913
0.391458
0.395560
0.401170
0.398423
0.553398
0.550422
0.554478
0.546194
0.556119
0.599395
0.457623
0.624358
0.620735
0.633562
0.625219
0.629617
0.593456
0.414210
0.400969
0.559358
0.554176
0.545510
0.542678
0.542032
0.540180
0.548631
0.551413
0.546090
0.546138
0.549050
0.540342
0.554148
0.561232
0.401566
0.555796
0.553803
0.557672
0.555548
0.562502
0.401960
0.557438
0.430201
0.469288
0.633707
0.639288
0.629122
0.631981
0.621351
0.444332
0.540265
0.543516
0.551170
0.555348
0.542838
0.549978
0.547899
0.557442
0.566012
0.546413
0.397979
0.554576
0.558624
0.597751
0.629906
0.630409
0.632747
0.629716
0.631235
0.630713
0.606750
0.620905
0.626553
0.620134
0.621558
0.623654
0.623851
0.433975
0.547096
0.540950
0.704529
0.548794
0.555950
0.557947
0.607073
0.625350
0.628464
0.633532
0.633898
0.634183
0.636167
0.562168
0.551521
0.554926
0.547936
0.401758
0.545473
0.554362
0.555644
0.553374
0.393719
0.552256
0.566302
0.551228
0.548797
0.544595
0.398039
0.551790
0.400439
0.556170
0.553259
0.546213
0.566078
0.563212
0.599671
0.568032
0.552157
0.410349
0.569567
0.548252
0.545468
0.555422
0.564564
0.567922
0.559642
0.557712
0.602384
0.631678
0.621299
0.621202
0.626709
0.634634
0.633943
0.580501
0.560312
0.397901
0.556267
0.554689
0.553140
0.551816
0.554642
0.549842
0.579964
0.554670
0.547147
0.550294
0.554410
0.552075
0.710245
0.857504
0.871543
1.050049
0.699181
0.696722
0.696955
0.855111
1.318859
0.852582
0.779467
0.631739
0.810941
0.639642
0.633692
1.401465
1.158524
0.561201
1.611432
1.460892
1.301891
1.422914
1.164444
1.421191
1.414292
1.267122
1.122297
1.921522
1.790749
1.777438
1.958160
1.614362
1.572951
1.427022
1.586268
1.279655
1.285023
1.467844
1.578281
1.419349
1.422391
1.448379
0.809379
1.604773
1.773065
1.565157
1.916964
0.756082
1.919185
0.863177
0.573075
0.627632
0.626205
0.627880
0.792418
0.965196
0.766856
0.713452
0.556223
0.554422
0.703191
0.561162
0.427049
0.640204
0.633438
0.630163
0.632054
0.457685
0.626989
0.597752
0.543713
0.547392
0.556583
0.397426
0.550716
0.551409
0.556173
0.548960
0.556840
0.561432
0.559389
0.561914
0.409888
0.561088
0.560303
0.553265
0.555081
0.560494
0.552677
0.553911
0.747396
0.800678
0.810932
0.626001
0.796625
0.626644
0.722235
0.552399
0.700353
0.555676
0.547681
0.603693
0.632314
0.641945
0.630268
0.626587
0.639295
0.629090
0.621333
0.638804
0.634338
0.813300
0.803606
0.814902
0.599477
0.561381
0.569186
0.545645
0.548090
0.698668
0.721230
0.795239
0.635163
0.629033
0.643858
0.812831
0.620343
0.550457
0.553600
0.550841
0.554421
0.549200
0.558317
0.576120
0.551984
0.555744
0.555925
0.556323
0.552368
0.707349
0.698441
0.546503
0.547701
0.697748
0.999733
0.699683
1.055189
1.136771
2.503730
0.583675
0.797751
0.791818
0.979745
1.007563
0.937927
0.570440
0.563161
0.566070
0.560332
0.552726
0.556885
0.551064
0.546631
0.551343
0.551018
0.553177
0.700596
0.698177
0.546765
0.545836
0.548855
0.545481
0.558589
0.555938
0.550809
0.559609
0.549089
0.548525
0.554202
0.562225
0.562665
0.555197
0.555019
0.578544
0.572523
0.628024
0.632187
0.626042
0.623310
0.622090
0.632185
0.795275
0.570197
0.552790
0.552499
0.545166
0.595580
0.633128
0.641010
0.631153
0.799033
0.626716
0.611234
0.564320
0.564638
0.562185
0.556563
0.715623
0.552880
0.552398
0.546168
0.564443
0.575828
0.627707
0.630318
0.805079
0.984128
0.972009
0.407363
0.709044
0.554832
0.432888
0.631148
0.632894
0.631022
0.632912
0.802131
0.632234
0.564310
0.730900
0.631260
0.636997
0.809157
0.458820
0.793438
0.942185
0.695777
0.695516
0.551629
0.544451
0.551210
0.559226
0.552594
0.549551
0.616607
0.626460
0.630326
0.634132
0.625870
0.632360
0.629415
0.582804
0.698748
0.856880
1.006154
0.747950
0.982755
0.979201
0.800176
0.806207
0.612179
0.707533
0.542426
0.551702
0.551938
0.543348
0.550947
0.545989
0.549691
0.550382
0.548577
0.703369
0.553996
0.559644
0.552166
0.545190
0.404227
0.553984
0.404887
0.552615
0.707727
0.863352
0.702106
0.395929
0.707667
0.711363
0.549160
0.548711
0.551380
0.550299
0.543076
0.426625
0.630151
0.624131
0.640805
0.629192
0.639758
0.637856
0.581823
0.551509
0.407238
0.564835
0.560827
0.552690
0.711893
0.551058
0.732434
0.690971
0.842525
0.722186
1.143305
1.148424
2.323160
1.956067
1.497438
1.822554
1.312244
0.856266
0.553862
0.549754
0.552952
0.558593
0.550044
0.595979
0.628590
0.645840
0.631802
0.639613
0.809899
0.927640
0.548766
0.702555
0.546104
0.841998
0.398814
1.450046
1.760124
1.720033
1.833804
1.272616
2.006700
1.746540
1.432585
1.715416
1.420912
1.422487
1.423619
1.271266
1.435538
0.409605
1.751096
0.876854
1.430263
1.432911
1.568620
1.411598
1.560234
0.985506
1.786334
0.934563
1.278272
1.451850
1.569075
1.433280
2.020415
1.510906
1.444366
1.621390
1.498843
1.266096
1.261462
1.659370
1.617986
1.457079
1.360064
1.616381
2.479704
0.968644
1.264642
1.262525
1.275018
1.265360
0.709109
0.711051
1.418701
1.420723
1.571903
1.551916
1.497726
1.788314
1.369103
1.474750
1.614744
1.170594
0.557253
1.366580
1.677368
1.163401
1.629601
1.697909
1.660660
1.140559
1.150184
1.011074
0.855597
0.552794
0.545095
0.546301
0.551996
0.556460
0.556267
1.001340
0.847856
1.350580
0.640391
1.145465
0.796868
0.632507
0.806247
0.706027
0.603779
0.625952
0.643709
0.632163
0.629995
0.810613
0.631614
0.392421
0.546884
0.558276
0.601431
0.634226
0.632981
0.632571
0.793629
0.801676
0.771825
0.711205
0.862842
0.864185
0.887660
0.636541
0.453455
0.810069
0.975545
0.641021
0.626463
0.705950
0.401201
0.711489
0.695162
1.903312
1.456012
1.462696
1.411144
1.953018
1.933951
1.415650
1.113336
1.288719
1.621093
1.618739
1.376470
1.567044
1.858169
1.408044
1.117647
1.568086
1.270915
1.572187
1.590716
1.790449
1.570902
1.570526
1.274675
1.155805
0.727407
1.366941
0.608390
0.767889
0.769893
0.624593
1.997519
0.794753
0.600971
1.002903
0.705144
0.550795
0.596136
0.803611
0.801655
0.628361
0.641823
0.631835
0.632462
0.555231
0.557996
0.550837
0.550351
0.548894
0.547432
0.549397
0.548905
0.554170
0.554509
0.544656
0.553089
0.546664
0.561278
0.553861
0.555883
0.551440
0.598782
0.644126
0.639124
0.625706
0.639205
0.632413
0.637319
0.563095
0.563302
0.610662
0.632579
0.637884
0.619133
0.620118
0.617698
0.631131
0.579204
0.546958
0.548389
0.550398
0.551504
0.543525
0.554662
0.596454
0.623431
0.624459
0.630079
0.637003
0.632824
0.633173
0.624052
0.636619
0.632247
0.628604
0.631261
0.624564
0.452397
0.582991
0.543918
0.396492
0.549659
0.553417
0.552380
0.554232
0.556358
0.552911
0.549712
0.552968
0.550742
0.557052
0.554280
0.548345
0.553915
0.548217
0.569094
0.556636
0.562128
0.561153
0.549269
0.544844
0.551417
0.542814
0.542944
0.555212
0.397149
0.550457
0.552843
0.545569
0.559084
0.549475
0.555170
0.598426
0.635965
0.625374
0.641293
0.628818
0.634786
0.639849
0.569274
0.552552
0.565291
0.552499
0.398349
0.546391
0.555256
0.551787
0.548572
0.547939
0.702574
0.552393
0.549579
0.698652
0.699751
0.698778
0.703890
0.701134
0.698330
0.705162
0.713354
0.708294
0.557115
1.008638
0.711662
0.706759
0.999955
0.808718
0.798805
0.274488
0.276476
0.634360
0.626500
0.457512
0.454185
0.422578
0.396325
0.395047
0.394080
0.400798
0.398955
0.403567
0.405885
0.408188
0.399094
0.406947
0.398686
0.405904
0.404329
0.558080
0.550631
0.557726
0.545869
0.543282
0.546690
0.542147
0.546620
0.553601
0.547165
0.553021
0.555401
0.556894
0.548158
0.552025
0.550210
0.553551
0.546617
0.596190
0.625031
0.628305
0.632690
0.628741
0.636576
0.627872
0.572915
0.548508
0.545631
0.614910
0.626511
0.615757
0.625855
0.621098
0.629582
0.620284
0.548169
0.546516
0.547797
0.545686
0.558705
0.554555
0.563850
0.557896
0.568426
0.555370
0.554813
0.553291
0.555942
0.549337
0.550789
0.559159
0.552024
0.544029
0.546406
0.542895
0.548632
0.545724
0.550940
0.547983
0.551465
0.553180
0.550867
0.553388
0.548438
0.550888
0.547255
0.551218
0.556486
0.555349
0.562963
0.555020
0.561045
0.556659
0.550808
0.553894
0.542607
0.608580
0.621226
0.623551
0.623360
0.623024
0.616181
0.621142
0.570844
0.550254
0.549390
0.546722
0.562445
0.550966
0.558340
0.554497
0.548946
0.561095
0.559961
0.555718
0.555724
0.552628
0.554278
0.550073
0.548734
0.543469
0.547587
0.544564
0.544781
0.545262
0.548015
0.555335
0.549577
0.550691
0.554976
0.548279
0.550925
0.552471
0.554295
0.551553
0.553574
0.549035
0.553993
0.562381
0.550465
0.610766
0.633777
0.637249
0.619977
0.633341
0.624935
0.626984
0.572304
0.558139
0.547968
0.548224
0.556586
0.557857
0.557003
0.561930
0.559956
0.550035
0.551958
0.553579
0.563301
0.563802
0.552764
0.553981
0.556969
0.561156
0.603877
0.631258
0.626712
0.627143
0.623245
0.616106
0.626082
0.571988
0.548506
0.555205
0.558491
0.550728
0.551775
0.554229
0.588927
0.635370
0.634439
0.623712
0.627995
0.624394
0.646587
0.589152
0.555537
0.554150
0.561385
0.576398
0.628337
0.623913
0.630104
0.618600
0.630690
0.635548
0.587407
0.556673
0.557169
0.555701
0.561465
0.549216
0.553592
0.548116
0.552687
0.560260
0.549386
0.551290
0.546008
0.552691
0.550937
0.566192
0.548849
0.555421
0.554489
0.547327
0.545212
0.554988
0.559224
0.553333
0.548335
0.546684
0.547938
0.701047
0.545973
0.554955
0.551091
0.552978
0.552769
0.554440
0.550492
0.552027
0.614506
0.640742
0.635279
0.645534
0.630908
0.625574
0.623529
0.561431
0.691505
0.538955
0.545639
0.724020
0.807819
0.981677
0.807197
0.620959
0.800055
0.570990
0.556699
0.559406
0.549306
0.557703
0.553937
0.557705
0.554002
0.556791
0.563141
0.703785
0.552672
0.701120
0.698141
0.591513
0.800679
1.145035
0.623726
0.800083
0.770441
0.548641
1.300288
0.718428
0.628741
0.619046
0.632900
0.626197
0.622466
0.633934
0.903777
1.720126
1.962827
0.460565
1.874056
1.717923
1.313563
1.718169
0.865786
1.708693
0.857514
1.866111
1.437818
2.138460
2.111901
1.874548
1.718585
1.714018
1.269175
1.277648
1.127425
1.316620
0.865204
0.610068
1.626786
1.620236
1.566510
0.631589
1.677273
1.629988
0.716321
0.795638
0.985452
1.617085
1.660531
1.953288
1.785827
1.349850
1.161018
1.166763
1.467007
0.400373
0.558583
1.312623
1.457016
0.861899
0.555844
0.549152
0.697841
0.584084
0.639789
0.642771
0.630894
0.639479
0.646127
0.631168
0.585724
0.550959
0.541823
0.549942
0.544654
0.551244
0.552941
0.594839
0.634091
0.799507
0.655100
0.799407
0.625058
0.645664
0.642024
0.629425
0.629423
0.629890
0.631282
0.629413
0.743153
0.635762
0.634071
0.634659
0.628491
0.621251
0.620138
0.751493
0.543720
0.554319
0.555927
0.563234
0.696992
0.547780
0.548420
0.702610
0.704129
0.865495
0.853403
0.556610
0.704938
0.701127
0.859956
1.157713
1.313288
1.640746
2.180980
0.631108
0.453120
0.618553
0.637345
0.800340
0.812581
0.803442
0.632961
0.625906
0.570218
0.704486
0.710668
0.559471
0.558614
0.786250
0.973637
1.310429
0.803132
0.624191
0.573346
0.706877
0.866412
0.557443
0.710099
0.698930
0.544967
0.551629
0.553806
0.543618
0.547301
0.547524
0.555256
0.598529
0.632187
0.623655
0.629323
0.628566
0.805401
0.628917
0.609178
0.805660
0.635422
0.629135
0.628797
0.629422
0.625926
0.607365
0.627938
0.625579
0.626615
0.628429
0.621365
0.633903
0.564795
0.552251
0.550114
0.559550
0.555222
0.552501
0.550443
0.553493
0.551424
0.543152
0.610795
0.621497
0.625122
0.637336
0.638877
0.626958
0.634452
0.573955
0.597310
0.639517
0.795846
0.617773
0.792271
0.790401
0.786920
0.969226
0.622709
0.805960
0.796753
0.623754
0.558986
0.556175
0.555678
0.573283
0.632253
0.628591
0.637539
0.628173
0.803319
0.627631
0.722391
0.704920
0.548266
0.552849
0.551805
0.545792
0.572425
0.625123
0.625097
0.624273
0.625666
0.623773
0.626154
0.602447
0.633542
0.800587
0.624311
0.638774
0.641068
0.640309
0.568920
0.552755
0.552518
0.565138
0.556956
0.560464
0.550267
0.850409
0.541432
0.844352
0.546190
0.720244
0.619786
0.617212
0.623909
0.633103
0.625265
0.635186
0.586222
0.550946
0.702333
0.553941
0.557945
0.768166
0.633831
0.626182
0.630631
0.812584
0.638509
0.601179
0.563408
0.559351
0.596800
0.623282
0.630615
0.623107
0.621363
0.626520
0.624312
0.568641
0.546351
0.557678
0.561863
0.793946
0.813319
0.628220
0.631502
0.643375
0.634821
0.584397
0.554042
0.557695
0.553801
0.556484
0.561447
0.553864
0.547738
0.550455
0.552185
0.549872
0.545072
0.548110
0.547017
0.550200
0.545811
0.546558
0.550050
0.560928
0.552790
0.703089
0.590505
0.977674
1.145811
0.986019
1.128759
2.465540
2.022805
1.587180
1.159586
0.706263
0.703351
0.550356
0.695870
0.541148
0.552101
0.555620
0.550265
0.551318
0.554846
0.552535
0.707392
0.706785
0.701530
0.550018
0.552944
0.848735
0.701769
1.011894
1.309008
1.154919
1.007676
1.002317
0.849702
0.702420
0.700064
0.697495
0.693335
0.544686
0.688838
1.612793
1.700811
1.821651
1.142840
0.807180
0.980959
0.975902
1.493465
1.706843
0.758899
1.725721
1.575537
1.433197
1.578582
1.477647
1.571274
1.713746
1.875074
1.409803
1.256827
1.875959
1.566868
1.856523
1.266751
1.418386
1.695628
1.511695
1.683323
2.129359
1.620949
1.608954
0.639087
1.857045
1.671237
1.325965
1.304829
1.683022
1.661205
1.191856
1.161060
0.557657
0.706221
0.551550
0.702153
0.556851
0.545193
0.699656
0.546066
0.999529
0.698632
0.547081
1.445744
1.613751
1.458292
0.702181
0.550588
0.855827
0.605674
0.629645
0.810605
0.972470
0.637209
0.630245
0.594496
0.561000
0.549863
0.706261
0.576775
0.549050
0.564941
0.561535
0.704236
0.852851
0.543328
0.547300
0.551157
0.551473
0.550101
0.551070
0.696944
0.858187
0.708572
0.702000
0.551857
0.550015
0.711977
0.554565
0.718696
0.704390
1.008301
0.857037
0.851074
2.060608
2.676837
1.821132
0.546285
1.779931
1.156302
2.055005
1.749947
1.837412
1.699970
1.840803
2.136097
1.735745
1.416958
1.874782
1.873912
1.423330
1.721428
1.875439
0.981126
1.873440
1.267706
2.132094
1.867376
1.868134
1.416857
2.121978
1.414258
2.233780
1.421380
1.870607
1.110884
1.407637
1.868273
1.418351
1.413973
1.927208
1.619581
2.135535
1.140631
1.875126
1.877212
2.030045
1.321210
1.431233
1.728435
1.572435
1.810854
1.615266
1.611998
1.474622
1.264051
1.159446
1.560446
1.465128
2.054741
0.548091
0.701329
0.559080
0.565091
0.561631
0.553504
0.549774
0.552131
0.548590
0.560993
0.713272
0.410483
0.600646
0.557937
0.554982
0.558773
0.555171
0.583784
0.629299
0.630974
0.625423
0.622151
0.622247
0.622951
0.582912
0.600961
0.623928
0.624583
0.631200
0.626639
0.629403
0.629931
0.572487
0.551171
0.550489
0.563367
0.550010
0.699509
0.699352
0.546646
0.693053
0.861794
1.024386
0.556492
0.548166
0.550130
0.556994
0.554560
0.561563
0.563093
0.553702
0.595994
0.635689
0.629959
0.630359
0.647708
0.644540
0.633285
0.558917
0.559231
0.555686
0.570340
0.556887
0.549937
0.557460
0.547040
0.546390
0.548203
0.547989
0.567991
0.565999
0.553434
0.545959
0.591335
0.624874
0.628654
0.630653
0.625828
0.634246
0.630372
0.566816
0.555696
0.566586
0.558438
0.560638
0.561025
0.562391
0.549569
0.549744
0.548852
0.592323
0.624980
0.628633
0.620976
0.622692
0.628239
0.624511
0.567304
0.560075
0.561512
0.553720
0.557073
0.550920
0.598187
0.627814
0.629243
0.629326
0.632606
0.805482
0.625626
0.552521
0.698630
0.710604
0.553972
0.696678
0.706378
0.845717
0.699933
0.700269
0.711245
0.999089
0.710062
0.906331
0.859973
0.553608
0.550831
0.404541
0.558599
0.397707
0.599352
0.633287
0.454841
0.639784
0.463690
0.641531
0.465007
0.450331
0.564112
0.552695
0.544609
0.547637
0.552350
0.549131
0.560430
0.562622
0.552806
0.564763
0.559221
0.565096
0.560067
0.569910
0.553056
0.557541
0.553318
0.557037
0.562723
0.553529
0.556910
0.550210
0.545006
0.548030
0.552780
0.545009
0.555184
0.550001
0.549824
0.554041
0.550274
0.551505
0.621079
0.627953
0.624857
0.627959
0.622773
0.624368
0.611290
0.583150
0.642026
0.632543
0.632834
0.624962
0.630333
0.634116
0.572401
0.551235
0.549010
0.543713
0.543989
0.572725
0.618848
0.622657
0.624566
0.627037
0.629447
0.620279
0.602517
0.549832
0.621324
0.643483
0.631715
0.636574
0.645070
0.629197
0.644460
0.640541
0.639239
0.630853
0.624009
0.618273
0.623248
0.597641
0.552559
0.552340
0.547862
0.594517
0.622328
0.621096
0.620564
0.624237
0.623505
0.640370
0.572980
0.553018
0.552297
0.605662
0.634893
0.629452
0.636316
0.634938
0.643032
0.638511
0.565740
0.543568
0.544586
0.549374
0.543591
0.573845
0.620774
0.627698
0.622913
0.622778
0.628235
0.625052
0.598055
0.555658
0.555307
0.555221
0.555183
0.548188
0.577034
0.637380
0.629992
0.631456
0.645206
0.632894
0.623658
0.624755
0.617878
0.627603
0.621009
0.616973
0.627004
0.628476
0.588846
0.630751
0.621984
0.621586
0.634032
0.635100
0.637995
0.627394
0.628663
0.639139
0.634288
0.640398
0.645389
0.636321
0.555474
0.552626
0.553854
0.546024
0.543372
0.594511
0.617423
0.626551
0.623572
0.630850
0.625049
0.627475
0.586782
0.545833
0.554248
0.557208
0.559728
0.561688
0.554695
0.548769
0.560513
0.563234
0.605940
0.632521
0.630998
0.629675
0.619576
0.622485
0.625104
0.569209
0.544458
0.549713
0.545709
0.568073
0.622111
0.651159
0.625046
0.626074
0.629898
0.625232
0.603716
0.557763
0.555198
0.553078
0.555549
0.556670
0.550832
0.551860
0.554988
0.554850
0.549736
0.546133
0.540869
0.545051
0.549723
0.547797
0.549831
0.594385
0.620701
0.631770
0.623048
0.621854
0.642713
0.633997
0.634375
0.626165
0.628554
0.625884
0.624625
0.635082
0.632236
0.573060
0.551817
0.551698
0.554614
0.547558
0.593047
0.621385
0.651038
0.629077
0.624938
0.624858
0.626126
0.570243
0.552653
0.559622
0.550537
0.558935
0.551242
0.561498
0.550989
0.604694
0.638184
0.631203
0.640306
0.634633
0.630623
0.633479
0.565197
0.544288
0.543581
0.549455
0.575709
0.553255
0.568140
0.564611
0.565070
0.558120
0.560679
0.556190
0.560837
0.571255
0.569608
0.570601
0.562930
0.560062
0.799486
0.628195
0.631613
0.633861
0.631507
0.629084
0.904747
1.295942
0.542449
1.608712
1.449258
1.787413
1.623131
1.749597
1.965212
1.621019
1.452931
1.457327
1.424803
1.293617
1.625923
1.618842
1.401235
1.264305
1.420933
1.441552
1.634197
1.280345
1.574274
1.504091
1.613668
1.607025
1.307708
1.267103
1.262169
1.265871
0.708935
1.468213
1.328935
0.551200
0.761460
0.551077
0.697539
0.701830
0.696913
0.561970
0.577103
0.803273
0.798593
0.635124
0.628917
0.628134
0.641788
0.549262
0.550273
0.545598
0.561510
0.559739
0.558149
0.619404
0.652484
0.629493
0.627211
0.634216
0.639344
0.638641
0.617893
0.637868
0.628503
0.632970
0.629562
0.630296
0.639624
0.575694
0.551699
0.561558
0.560662
0.551236
0.593300
0.800703
0.794055
0.624600
0.793489
0.627158
0.574223
0.550546
0.553341
0.544251
0.549019
0.541725
0.545939
0.576556
0.800287
0.633967
0.805430
0.794841
0.972541
0.573829
0.558998
0.549617
0.852675
0.562698
1.313281
0.624939
1.840616
0.941575
1.602459
1.412539
0.404896
1.262854
1.421238
1.472875
1.458656
1.467318
0.563433
1.458193
1.001280
0.549596
0.696651
0.559953
0.549832
0.556316
1.464275
1.827676
1.567749
1.721935
1.711832
1.714017
1.414788
1.410559
1.714929
1.423990
1.127817
1.117774
1.126790
1.574217
1.418977
1.622395
1.615009
0.554151
0.556774
0.706784
0.858190
0.547596
0.557850
0.555086
0.555493
0.557687
0.551384
0.552029
0.545220
0.551803
0.545428
0.550521
0.703333
0.556298
0.550970
0.566579
0.548196
0.551159
0.559049
0.561085
0.548742
0.558245
0.555930
0.559258
0.561627
0.554839
0.562699
0.584243
0.809708
0.631900
0.626169
0.640561
0.629358
0.624268
0.566068
0.543262
0.551942
0.558642
0.552056
0.564012
0.554676
0.698142
0.703967
0.704607
0.854256
0.553461
0.548060
0.546752
0.564080
0.600109
0.634351
0.633156
0.809573
0.801512
0.629956
0.606825
0.548660
0.548016
0.548835
0.545597
0.551381
0.542297
0.699651
0.550021
0.548425
0.547807
0.709338
0.706165
0.696885
0.550612
0.553556
0.551641
0.561421
0.548900
0.700262
0.702478
0.557661
0.558055
0.555513
0.544384
0.550655
0.700405
0.703395
0.548768
0.569210
0.553107
0.549813
0.548050
0.556091
0.545918
0.547023
0.567653
0.701514
0.550919
0.550828
0.551493
0.553597
0.564792
0.576638
0.570337
0.578121
0.565402
0.565913
0.561697
0.562910
0.551753
0.549153
0.547523
0.549873
0.547935
0.543472
0.584273
0.636044
0.629998
0.633157
0.625608
0.798146
0.631187
0.715819
0.558746
0.552995
0.548440
0.552871
0.557582
0.559654
0.562320
0.550583
0.548716
0.543982
0.543223
0.567094
0.549758
0.556123
0.551265
0.546477
0.548666
0.553406
0.550818
0.548042
0.580974
0.552710
0.549452
0.556164
0.561788
0.558890
0.554430
0.561980
0.599242
0.807396
0.633596
0.859940
0.640930
0.626414
0.586580
0.546661
0.546258
0.701185
0.554748
0.859558
0.549506
0.398390
0.699040
0.703855
0.552467
0.551324
0.574437
0.626542
0.643256
0.633424
0.629742
0.641620
0.632767
0.592840
0.551026
0.883004
0.630297
0.802502
0.630105
0.622295
0.967246
0.756209
0.695667
0.551182
1.143727
0.547160
0.546985
0.546379
0.547402
0.556645
0.557961
0.551657
0.548859
0.551312
0.548055
0.552089
0.557580
0.550074
0.549929
0.551398
0.559177
0.548201
0.545644
0.744759
0.619451
0.789552
0.796482
0.619275
0.967009
0.562967
0.545684
0.788193
1.826004
0.459560
0.963496
0.734800
1.165583
0.702466
0.565415
0.550763
0.554535
0.560226
0.710862
0.550538
0.558358
0.547547
0.544110
0.551471
0.551149
0.544077
0.544263
0.548333
0.545083
0.549014
0.552588
0.546310
0.551760
0.548014
0.550442
0.766544
0.797222
0.640433
0.792309
0.640456
0.634829
0.649152
0.629939
0.633761
0.633828
0.798502
0.624884
0.639328
0.629265
0.622172
0.619192
0.622473
0.641746
0.621022
0.588174
0.548910
0.552856
0.551669
0.552278
0.550656
0.752012
0.631065
0.634635
0.800555
0.806455
0.638781
0.755194
0.553282
0.548823
0.554387
0.549296
0.549885
0.545604
0.702496
0.692652
0.545041
0.849470
0.699324
1.110252
1.314967
0.800112
0.797275
1.069260
1.752454
1.153015
0.552566
1.616190
1.468232
1.320475
1.500123
0.639010
0.631841
1.630470
1.460568
1.780707
1.612948
1.955705
1.893093
1.916637
2.301282
1.928730
1.716669
2.180572
2.172143
1.885005
1.411745
1.418148
1.462695
2.466189
1.452848
1.416092
1.449786
1.447183
2.155791
2.301936
1.431268
2.186239
2.298178
2.052640
2.482151
1.586092
1.111917
1.424703
1.149321
1.442829
1.312797
1.106945
1.276214
1.783387
1.432717
1.425423
1.429081
1.575091
1.318965
1.478659
0.554575
0.554697
0.703450
0.564409
0.563542
0.558028
0.557031
0.552901
0.541550
0.544156
0.556361
0.550560
0.550299
0.552658
0.553333
0.552641
0.549434
0.549312
0.552324
0.549415
0.552386
0.548029
0.545089
0.550130
0.556984
0.546909
0.611095
0.627735
0.632413
0.629351
0.620838
0.625688
0.624552
0.579747
0.548883
0.550622
0.545328
0.552456
0.552382
0.549288
0.555172
0.551519
0.554023
0.551092
0.553833
0.546507
0.544484
0.556088
0.553313
0.858388
0.856902
0.556261
0.558936
0.400106
0.400772
0.430386
0.454813
0.620289
0.454787
0.463697
0.457018
0.460039
0.450927
0.463960
0.590055
0.393421
0.405447
0.398560
0.404930
0.551614
0.556108
0.559593
0.552942
0.555205
0.555875
0.548058
0.554724
0.561298
0.405712
0.545483
0.548051
0.554004
0.545264
0.547642
0.598964
0.624340
0.623922
0.624451
0.631087
0.638995
0.630831
0.563462
0.552841
0.551674
0.549847
0.553676
0.557508
0.577160
0.635962
0.640655
0.630146
0.632984
0.623210
0.481800
0.604019
0.550119
0.549395
0.547688
0.545197
0.546332
0.550814
0.548955
0.565326
0.624215
0.627474
0.623880
0.635043
0.627733
0.635378
0.613838
0.549201
0.552432
0.553671
0.553455
0.552322
0.552461
0.545172
0.543418
0.553569
0.550497
0.544929
0.550393
0.548105
0.542267
0.559148
0.548737
0.549845
0.561764
0.551893
0.557049
0.557871
0.555922
0.554573
0.557915
0.553145
0.553064
0.547161
0.554086
0.555505
0.549785
0.548740
0.541146
0.554188
0.553340
0.547551
0.553396
0.698852
0.549412
0.545437
0.547445
0.554424
0.546668
0.553198
0.550488
0.403822
0.550441
0.402662
0.552077
0.564750
0.554617
0.554256
0.402357
0.551259
0.550312
0.546662
0.544530
0.545926
0.546069
0.549057
0.551192
0.619105
0.623471
0.624920
0.627278
0.626565
0.622277
0.621288
0.551532
0.554849
0.559888
0.583381
0.640028
0.631392
0.632542
0.632515
0.632714
0.631698
0.586474
0.551514
0.542664
0.546511
0.543801
0.543445
0.554573
0.547666
0.556198
0.547100
0.552211
0.547961
0.549006
0.615009
0.623189
0.625832
0.625173
0.636030
0.625381
0.632452
0.557080
0.557296
0.557299
0.551886
0.559057
0.600755
0.623463
0.620090
0.618484
0.626527
0.623532
0.622717
0.600540
0.628445
0.635076
0.640393
0.624453
0.630693
0.627045
0.588137
0.550829
0.546818
0.545269
0.552618
0.570038
0.561332
0.562675
0.551445
0.398652
0.554620
0.544126
0.546147
0.547040
0.547319
0.557475
0.549982
0.555422
0.555325
0.549755
0.551866
0.548909
0.556527
0.546147
0.550756
0.553529
0.554154
0.565533
0.555571
0.554148
0.555052
0.550997
0.561531
0.559560
0.544839
0.547337
0.617367
0.625879
0.453907
0.626485
0.629552
0.621830
0.454503
0.594152
0.549264
0.559212
0.558699
0.567378
0.550301
0.553130
0.552022
0.548670
0.553662
0.554135
0.556594
0.550854
0.560173
0.400864
0.550147
0.550660
0.543697
0.540471
0.546695
0.549953
0.544365
0.547922
0.546271
0.544637
0.551355
0.552382
0.550712
0.561731
0.553946
0.552553
0.555169
0.549053
0.552393
0.608100
0.640833
0.629450
0.627599
0.635256
0.631730
0.620194
0.579138
0.549483
0.546264
0.554898
0.557775
0.549585
0.549126
0.574079
0.559523
0.550128
0.556604
0.560876
0.562838
0.550915
0.401734
0.559657
0.561308
0.558047
0.551414
0.564835
0.562223
0.552732
0.554270
0.545145
0.542885
0.540187
0.544716
0.542371
0.551453
0.553838
0.549174
0.547527
0.550280
0.551429
0.562521
0.552541
0.564342
0.552845
0.551632
0.549307
0.550980
0.554328
0.553107
0.558817
0.403834
0.603959
0.625601
0.626904
0.623067
0.622924
0.453964
0.621143
0.593317
0.560374
0.558420
0.597842
0.624963
0.631294
0.666324
0.632720
0.643234
0.626462
0.558657
0.544832
0.562258
0.549800
0.410765
0.552593
0.560956
0.559364
0.545489
0.544488
0.545364
0.546317
0.541572
0.548312
0.620719
0.623794
0.630273
0.621262
0.622938
0.624510
0.457501
0.574435
0.553799
0.557309
0.400574
0.397992
0.567368
0.561123
0.558359
0.552172
0.554518
0.703898
0.553248
0.395235
0.855415
1.741826
1.607914
1.567200
1.572825
1.867903
0.970417
1.417753
1.423898
1.503929
1.621386
1.621859
1.470623
1.519150
1.640245
1.621877
1.031508
0.713677
1.321184
1.469601
0.875148
0.805713
0.969129
0.794455
0.796344
0.616298
0.550449
0.391662
0.543654
0.546168
0.393580
0.393041
0.549263
0.547511
0.555333
0.544118
0.552102
0.548913
0.555252
0.552522
0.553105
0.553355
0.556156
0.555700
0.550899
0.549302
0.560483
0.541620
0.540808
0.544965
0.545228
0.542395
0.546637
0.553962
0.547072
0.548770
0.606816
0.625981
0.629638
0.629155
1.146973
0.633153
0.726028
1.912091
0.549832
0.905455
0.802881
0.973074
1.317590
0.806174
0.588478
0.631982
0.620492
0.798184
0.963044
1.421816
1.300377
1.631505
0.399781
0.396966
1.750284
1.959453
1.275005
1.394875
1.417766
1.277810
1.268554
1.269748
1.126361
0.980333
1.271547
1.534789
1.786371
1.443225
1.827298
1.760523
0.400160
0.546710
0.700697
1.404941
0.802816
1.174480
1.575996
0.694786
1.789371
0.820294
1.694325
1.901765
0.999893
1.171790
1.440819
1.453907
1.447990
1.291542
1.448375
1.291821
1.292540
1.291882
1.438267
1.434736
1.511576
1.333688
0.402192
1.026126
0.557562
0.715359
0.714451
0.569805
0.626080
0.621877
0.638457
0.627664
0.455838
0.629348
0.625631
0.870561
0.719569
0.785930
0.461615
0.632688
0.805369
0.627981
0.802003
0.612169
0.555977
0.703892
0.557424
0.563769
0.560965
0.559659
0.557194
0.717331
0.556940
0.563917
0.567377
0.579592
0.627693
0.627280
0.640280
0.458859
0.627511
0.462516
0.629211
0.565283
0.559911
0.570344
0.713500
0.709491
1.014349
1.172425
1.169992
0.566701
1.657958
1.796316
1.180257
1.044488
0.604010
0.623904
0.639968
0.627846
0.632873
0.629659
0.629834
0.723931
0.718753
1.036925
0.720168
0.728425
0.717556
0.573162
0.698030
0.397910
0.994323
0.869034
0.545260
0.701091
0.713505
0.549333
0.873601
0.630488
0.625061
0.622631
0.628004
0.627556
0.629040
0.760828
0.709483
0.550677
0.581778
0.634687
0.626843
0.629084
0.627173
0.628536
0.623794
0.578104
0.546941
0.696477
0.730194
0.597136
0.400183
0.710590
0.551118
0.695090
0.851893
0.701087
0.559365
0.557974
0.707104
0.560048
0.551108
0.554060
0.552904
0.562139
0.568251
0.555971
0.551707
0.556590
0.547947
0.393850
0.395101
0.549533
0.565064
0.550770
0.399178
0.402747
0.558052
0.393615
0.403260
0.549151
0.402764
0.568878
0.625584
0.456849
0.637904
0.635771
0.624946
0.636482
0.628838
0.556656
0.399196
0.553389
0.549540
0.547511
0.394810
0.397299
0.543838
0.556040
0.560498
0.398759
0.554627
0.548219
0.758458
0.633165
0.806140
0.630654
0.800443
0.985600
0.571390
0.547693
0.855253
0.702639
0.556885
0.708112
0.774158
0.630020
0.626600
0.626022
0.620855
0.621319
0.626006
0.549189
0.549959
0.571133
0.627086
0.800380
0.630399
0.966979
0.804017
0.600263
0.551061
0.553125
0.565974
0.400425
0.550668
0.564044
0.562337
0.555114
0.415835
0.558697
0.707789
0.554805
0.704832
0.399071
0.546530
0.398776
0.550536
0.558144
0.545228
0.550088
0.555538
0.554057
0.552490
0.609042
0.806212
0.802582
0.631926
0.968599
0.648025
0.406350
0.763460
0.458298
0.454515
0.800828
0.626959
1.477097
0.709709
0.392989
0.402178
0.698318
0.395532
0.750748
0.453132
0.634038
0.634387
0.476019
0.451389
0.629699
0.629968
0.552110
0.557353
0.603756
0.626041
0.641949
0.635754
0.456264
0.466080
0.629721
0.616129
0.544200
0.400696
0.591499
0.626422
0.624012
0.626382
0.628302
0.627171
0.634536
0.559446
0.562358
0.398806
0.552415
0.550602
0.553385
0.559277
0.553056
0.555378
0.553310
0.551187
0.550432
0.398875
0.554116
0.546837
0.545795
0.546353
0.541803
0.693731
0.551192
0.549664
0.550148
0.553446
0.550518
0.556082
0.547220
0.552434
0.554076
0.557350
0.555560
0.619795
0.629628
0.802628
0.634218
0.802668
0.809717
1.007540
1.598822
0.755172
0.963291
0.790347
1.132912
1.132287
1.086636
1.132921
0.622322
0.621107
0.635446
0.622936
0.702167
0.720565
0.629819
1.321630
0.801159
0.815768
1.902417
1.623204
1.888585
2.019592
1.870423
1.415192
2.035019
2.029789
0.606631
1.720235
1.264989
1.620330
1.950738
1.269633
1.886340
1.270018
1.273619
1.614086
1.961285
1.789420
1.424399
1.411289
1.420426
1.422572
1.420394
1.443518
1.450978
0.832570
1.509780
1.620460
0.458567
1.846399
1.756038
1.165259
1.821787
1.604359
1.633220
0.548562
0.850648
0.992895
1.000292
1.597989
1.312425
0.401499
0.552382
0.555847
0.547537
0.550900
0.590133
0.798180
0.637192
0.461708
0.640873
0.650074
0.631183
0.557800
0.553772
0.552724
0.545559
0.539878
0.552976
0.550580
0.543709
0.554077
0.567336
0.627273
0.629549
0.635546
0.637514
0.636807
0.628976
0.756386
0.718050
0.628541
0.624318
0.791165
0.631301
0.629349
0.636218
0.409965
0.593490
0.626018
0.619272
0.623623
0.456768
0.625863
0.795059
0.720487
0.847045
0.706090
0.397262
0.402330
0.398114
0.743262
0.457744
0.637267
0.631998
0.633751
0.458186
0.632643
0.620086
0.411767
0.562247
0.570357
0.559224
0.545190
0.543071
0.546532
0.542213
0.553838
0.548158
0.406613
0.562140
0.553620
0.557514
0.702944
0.712239
0.550869
0.733304
0.854945
0.854047
0.854553
1.008596
0.864269
0.704495
0.555341
0.706156
0.702562
0.545885
0.596083
0.616465
0.627834
0.617852
0.794476
0.629886
0.619516
0.423086
0.624563
0.626172
0.630107
0.630130
0.633253
0.628862
0.580481
0.551754
0.552827
0.551278
0.555237
0.571438
0.636006
0.630897
0.622994
0.630845
0.630591
0.623782
0.619308
0.452163
0.455797
0.621894
0.627611
0.457017
0.637381
0.629380
0.573043
0.548044
0.562540
0.549472
0.556159
0.553928
0.550703
0.553026
0.553715
0.407443
0.552124
0.401391
0.554928
0.545429
0.548719
0.592248
0.629251
0.627410
0.630224
0.630057
0.630311
0.635151
0.562667
0.549921
0.549292
0.547755
0.558089
0.551233
0.556611
0.548721
0.552414
0.552429
0.548104
0.582218
0.626847
0.456444
0.621630
0.450914
0.457001
0.447438
0.447661
0.453618
0.423788
0.396607
0.403848
0.394100
0.552721
0.544462
0.555674
0.550484
0.400929
0.548189
0.552465
0.401423
0.407896
0.558819
0.556232
0.559434
0.552078
0.556892
0.394332
0.547529
0.544462
0.547331
0.544431
0.425605
0.622925
0.631902
0.624609
0.627944
0.454746
0.634416
0.458630
0.552682
0.554737
0.552651
0.401056
0.398658
0.556644
0.555361
0.550037
0.408546
0.401548
0.403789
0.561024
0.548571
0.553404
0.401116
0.404588
0.398573
0.550073
0.549781
0.396613
0.395870
0.545096
0.550291
0.399239
0.550957
0.593500
0.628562
0.633205
0.631855
0.455949
0.456244
0.458600
0.464904
0.571495
0.553155
0.546605
0.580276
0.631138
0.622754
0.622953
0.620479
0.636172
0.635093
0.600537
0.549081
0.575402
0.637794
0.636880
0.642105
0.639449
0.637500
0.625678
0.593590
0.558149
0.552893
0.561417
0.550996
0.549428
0.551087
0.548999
0.554553
0.550445
0.542966
0.547714
0.546006
0.548272
0.549654
0.546250
0.549788
0.544881
0.550444
0.617227
0.641341
0.627877
0.639322
0.625965
0.465605
0.633148
0.617571
0.651831
0.458668
0.466686
0.456144
0.462815
0.456626
0.637964
0.620125
0.399055
0.393024
0.549447
0.558556
0.397677
0.545803
0.430354
0.634897
0.457135
0.450718
0.466232
0.456446
0.455124
0.641013
0.616446
0.554944
0.551436
0.411039
0.555760
0.404932
0.552460
0.548257
0.401269
0.546196
0.395239
0.544169
0.548455
0.546925
0.549434
0.556440
0.404084
0.550758
0.592649
0.460627
0.625878
0.452512
0.633416
0.628748
0.460472
0.459972
0.604432
0.406577
0.401383
0.403127
0.590674
0.627765
0.451750
0.445338
0.621018
0.628634
0.449965
0.634193
0.436566
0.548849
0.550284
0.398783
0.552405
0.560461
0.407181
0.404345
0.406681
0.401294
0.402543
0.399794
0.403652
0.552070
0.555083
0.403822
0.408228
0.546806
0.546045
0.546749
0.547495
0.542300
0.546051
0.561598
0.409469
0.547627
0.553233
0.560452
0.547939
0.400474
0.408143
0.558209
0.400817
0.396213
0.547728
0.552817
0.556431
0.553902
0.551089
0.556045
0.401341
0.543826
0.547255
0.545047
0.553404
0.401212
0.548638
0.551966
0.543053
0.544045
0.550007
0.549126
0.406153
0.396772
0.405822
0.404003
0.403214
0.554514
0.411006
0.553495
0.405702
0.410161
0.407080
0.618212
0.456435
0.623109
0.622953
0.451373
0.619176
0.631469
0.440626
0.543701
0.401042
0.394748
0.554607
0.556538
0.416397
0.550909
0.556411
0.607302
0.633836
0.463163
0.458846
0.469707
0.632905
0.635813
0.636576
0.560233
0.548166
0.546658
0.399947
0.547984
0.548106
0.398679
0.545308
0.395603
0.552393
0.401438
0.551210
0.402732
0.546627
0.403506
0.557494
0.409976
0.426391
0.413181
0.408395
0.556584
0.398756
0.409309
0.556714
0.407377
0.399995
0.391834
0.599766
0.620198
0.623057
0.625966
0.455172
0.627134
0.624343
0.589433
0.397408
0.544542
0.602167
0.635789
0.641422
0.459810
0.634825
0.630903
0.630183
0.579564
0.558228
0.555707
0.554582
0.549810
0.545835
0.543778
0.544935
0.540577
0.690934
0.697974
1.149260
1.892279
0.847537
1.766338
1.301261
0.708290
0.549376
0.700178
0.551687
0.601521
0.453624
0.798919
0.624279
0.630524
0.804360
0.624798
1.012154
2.139079
0.451925
1.676239
1.744828
1.716607
1.265996
0.397505
0.963661
1.413884
1.267573
1.417159
1.437726
1.616562
0.818202
0.459378
1.330320
1.615320
0.560420
0.398443
1.237677
0.463661
0.971089
0.804651
1.157478
1.222554
1.330363
1.164901
1.488542
1.824033
1.795233
1.615938
1.515760
1.414077
1.569880
1.417293
1.345266
1.620784
1.838240
1.807709
1.011438
1.475286
1.566733
1.674151
0.463831
0.980583
1.891727
0.855768
0.554786
0.553768
0.549575
1.011379
0.502445
1.931505
1.459037
1.561069
1.571304
1.426105
1.429532
1.470794
1.115567
1.622894
1.168757
1.464726
1.678024
1.699623
1.161877
1.648647
1.495422
1.594451
1.665504
1.965831
1.947176
1.593227
1.450512
1.447682
1.600989
1.625783
1.606868
1.610955
1.522914
1.860305
2.004172
0.459208
1.671615
0.927098
0.631449
1.512896
1.625083
1.668604
1.669878
1.702905
1.866934
1.428051
1.421965
1.731374
1.421985
1.763416
0.757886
2.203178
0.999085
0.552648
1.015157
0.702265
1.297801
1.752211
0.402802
0.701717
0.852146
0.703858
1.608536
0.410642
1.171237
1.317820
2.019008
1.619543
1.643207
1.967817
1.624701
1.494138
1.611448
1.632986
1.275238
1.554558
1.265885
0.813336
1.116085
1.166382
0.460270
1.788345
1.444440
1.197106
1.441591
1.670104
1.373792
1.415688
1.423178
0.398833
1.374737
1.328666
1.671541
1.887269
0.401206
0.413120
0.426296
1.337499
1.306751
0.622625
0.786619
0.396718
0.605821
0.623080
0.624703
0.617655
0.625420
0.627755
0.456150
0.569645
0.551457
0.547960
0.557704
0.549122
0.557080
0.549966
0.559055
0.562327
0.559947
0.403851
0.399257
0.400340
0.415022
0.457003
0.620328
0.623756
0.620326
0.618806
0.616062
0.606973
0.545321
0.541168
0.397541
0.396023
0.549898
0.397731
0.558117
0.551626
0.546462
0.406280
0.400175
0.549867
0.401632
0.558270
0.555078
0.554292
0.695557
0.695871
0.550207
0.549375
0.854996
0.846711
0.551424
0.701346
0.696878
0.552637
0.699535
0.706972
0.560694
0.558319
0.557283
0.401026
0.560075
0.602774
0.632995
0.643507
0.631792
0.634781
0.802534
0.825530
0.798920
0.796719
0.625436
0.804242
0.626794
0.637225
0.620300
0.450714
0.620457
0.624787
0.627059
0.630774
0.808228
0.805509
0.631294
0.801402
0.640786
0.455667
0.622115
0.557099
0.551927
0.549891
0.551310
0.551300
0.552010
0.543766
0.881462
0.693819
0.844563
0.857589
1.001900
2.270464
0.773651
0.814552
2.173589
0.632923
0.569824
0.943536
1.140281
0.627691
0.638160
0.633275
0.817169
0.635398
0.641177
0.629412
0.638575
0.625654
0.632118
0.560259
0.545057
0.386771
0.391717
0.574334
0.545019
0.549594
0.398891
0.560501
0.552030
0.547321
0.403552
0.424282
0.805522
0.460917
0.622401
0.453894
0.632196
0.631008
0.616423
0.412551
0.406198
0.405412
0.547577
0.551992
0.554156
0.399447
0.394256
0.401034
0.550083
0.557735
0.406530
0.547668
0.549365
0.553258
0.549341
0.545927
0.550710
0.564748
0.705401
0.551888
0.556811
0.553829
0.559310
0.556451
0.561008
0.557615
0.396293
0.544948
0.543958
0.546026
0.547021
0.541818
0.555149
0.704848
0.698924
0.701870
0.545279
0.701000
0.713962
0.710624
0.403019
1.099967
0.460472
0.456788
0.984682
0.633203
0.458549
0.641512
0.552384
0.551145
0.850619
0.845291
0.546152
0.721168
0.716491
0.550375
1.900736
1.166169
1.164305
0.400547
0.395727
1.482375
1.466834
1.461908
1.575838
1.422786
1.120440
1.821227
1.985241
1.372838
1.726279
1.571861
1.721124
1.269678
1.415820
1.416477
1.266098
1.461922
1.419135
1.432791
1.437391
1.437611
1.661729
0.810588
0.815724
0.986930
1.511955
1.462437
1.161664
1.181796
1.012079
1.322461
1.475522
1.170434
1.500719
1.328465
1.473360
1.173390
1.319318
1.007934
1.752498
0.999520
0.699533
0.910304
0.625706
0.635674
0.624414
0.798347
0.631911
0.619811
0.550918
0.592525
0.799647
0.457372
0.638366
0.811287
0.631535
0.627209
0.565690
0.555060
0.560842
0.554251
0.554317
0.545216
0.543788
0.550206
0.405823
0.553937
0.857532
0.554442
1.005502
0.549243
1.005237
0.706718
1.933698
0.803051
0.643645
0.801472
0.941500
0.548532
0.706219
0.559627
0.557311
0.878212
1.658912
1.831649
1.069181
0.696108
0.850150
1.356204
1.846929
1.836284
1.453513
1.425386
1.568003
1.788143
1.618009
1.472740
1.478252
1.470110
1.423099
1.355998
1.031066
1.815166
1.482402
0.467663
1.137976
0.632632
0.630571
0.458237
0.624733
0.565495
0.399397
0.596083
0.447596
0.618473
0.626657
0.969990
1.141079
2.098823
1.689016
1.677635
0.457513
1.844197
2.354032
2.032896
1.324697
1.167004
1.024930
0.873978
0.879724
0.716847
0.552829
0.552384
0.394583
0.396600
0.547175
0.548596
0.546088
0.396608
0.551632
0.545443
0.401832
0.549448
0.555124
0.551790
0.547422
0.634434
0.624245
0.624259
0.627283
0.626966
0.640450
0.667811
0.563066
0.555292
0.555687
0.550680
0.548906
0.548060
0.417602
0.621842
0.623708
0.621028
0.624176
0.639177
0.627284
0.603182
0.556633
0.548137
0.559849
0.554019
0.551615
0.558090
0.400862
0.551772
0.553869
0.398461
0.412461
0.555610
0.404410
0.408336
0.556737
0.717614
0.544270
0.697628
0.541882
0.553612
0.557022
0.602800
0.632029
0.624380
0.636891
0.633188
0.641114
0.459431
0.601958
0.421069
0.472122
0.455679
0.628383
0.460906
0.458554
0.466818
0.630236
0.625017
0.544037
0.395497
0.543952
0.548577
0.558859
0.548595
0.552867
0.544947
0.547571
0.396760
0.544988
0.570153
0.454813
0.626341
0.632866
0.629571
0.627533
0.629340
0.632756
0.559876
0.556368
0.552431
0.401585
0.410863
0.548776
0.397972
0.570511
0.448474
0.456795
0.447846
0.450229
0.462203
0.453115
0.624039
0.475691
0.425531
0.398595
0.405395
0.548313
0.421320
0.457030
0.628487
0.469366
0.632149
0.461618
0.463516
0.454550
0.462329
0.399395
0.392634
0.410773
0.397664
0.390193
0.400787
0.548920
0.548384
0.556564
0.401308
0.402241
0.566247
0.552007
0.404418
0.409284
0.401884
0.394654
0.554586
0.567203
0.563213
0.408331
0.552905
0.563381
0.550194
0.557256
0.543719
0.552680
0.547189
0.402412
0.548490
0.548423
0.557445
0.404416
0.397890
0.410031
0.400216
0.549704
0.552808
0.554780
0.578725
0.628678
0.630025
0.640564
0.637302
0.642949
0.631135
0.433772
0.546737
0.394168
0.545140
0.389604
0.539352
0.399267
0.406757
0.398290
0.403116
0.403194
0.405667
0.557924
0.410038
0.400191
0.546037
0.548344
0.552542
0.553355
0.401392
0.404997
0.399804
0.555263
0.400345
0.407693
0.400772
0.395010
0.396605
0.546125
0.608879
0.448631
0.450463
0.448451
0.446137
0.449842
0.622229
0.451834
0.451785
0.459220
0.638547
0.462025
0.454805
0.463935
0.466486
0.459062
0.633845
0.560277
0.400908
0.405026
0.400047
0.401802
0.394116
0.546660
0.396761
0.544737
0.395092
0.406509
0.397627
0.392968
0.403264
0.400597
0.399724
0.395896
0.396945
0.586106
0.625866
0.459829
0.626725
0.629326
0.458270
0.465620
0.459949
0.433675
0.402871
0.398013
0.551870
0.546184
0.394621
0.552886
0.549249
0.395624
0.403915
0.549747
0.546928
0.546562
0.400226
0.591891
0.626129
0.627751
0.630853
0.463224
0.630932
0.464437
0.636813
0.399676
0.397692
0.413590
0.403979
0.555345
0.559143
0.550882
0.574401
0.451988
0.618876
0.621934
0.623159
0.623484
0.622759
0.627465
0.546071
0.549451
0.562824
0.549933
0.402724
0.550799
0.563698
0.552070
0.407421
0.553264
0.406020
0.400326
0.549543
0.406447
0.397703
0.550946
0.548357
0.396372
0.544285
0.548128
0.552397
0.401791
0.400943
0.559067
0.555971
0.400443
0.553526
0.401755
0.559509
0.551966
0.555257
0.558507
0.560957
0.594821
0.630744
0.461073
0.454106
0.627746
0.623702
0.622800
0.626434
0.399577
0.393102
0.402952
0.396168
0.556023
0.401607
0.548356
0.557024
0.396992
0.402970
0.402749
0.409342
0.554820
0.402022
0.397453
0.402128
0.399283
0.559581
0.404967
0.553306
0.397660
0.396935
0.553003
0.583402
0.558945
0.544941
0.552412
0.546040
0.547734
0.601926
0.632257
0.623904
0.634782
0.632757
0.627001
0.455236
0.442239
0.545122
0.397239
0.411868
0.557701
0.556725
0.560129
0.594047
0.624185
0.625025
0.632103
0.623007
0.628743
0.637527
0.613078
0.630634
0.620431
0.632655
0.633492
0.625208
0.626138
0.590664
0.550332
0.556836
0.697731
0.700243
0.695306
0.562571
0.554837
0.705624
0.553651
0.553349
0.562944
0.549313
0.549143
0.547107
0.542120
0.589237
0.619665
0.618825
0.635786
0.620942
0.627803
0.455913
0.806398
0.985000
0.634573
0.805885
0.627853
0.628958
0.415542
0.704720
0.406641
0.553203
0.403379
0.551907
0.545436
0.550814
0.551632
0.598012
0.623344
0.452862
0.807011
0.622181
0.971690
1.199210
0.853288
1.905310
1.757927
1.583687
1.673251
1.622140
1.420318
1.596957
1.447897
1.664282
1.279329
1.270936
1.481855
1.468768
1.443230
1.440949
1.404098
0.707437
1.168088
1.611021
0.700846
0.701369
0.851130
0.696581
0.701868
0.548540
0.554514
0.550445
0.555281
0.703887
0.846394
2.352617
1.831641
1.500203
2.212904
1.759689
1.317324
1.571651
1.459345
1.712865
2.292583
1.284367
1.216339
1.414333
1.417620
1.126176
1.124018
1.416662
1.420940
1.124637
0.995261
1.009164
1.285913
1.281343
1.627196
1.582500
1.322602
1.018737
1.472269
1.475933
1.470154
1.614505
1.461265
0.605324
1.470401
1.469678
1.758433
1.266020
1.421767
1.722408
1.875794
1.875999
1.570156
1.743376
1.973681
2.010061
0.628574
0.631334
0.642747
2.402693
0.808229
1.142895
1.143062
0.634003
0.730982
1.715958
1.461730
1.714057
1.661843
1.609208
1.440352
1.185885
1.259658
1.418343
1.263801
1.272818
1.276650
1.408852
1.449310
1.452360
1.548281
0.401969
1.569223
1.261818
1.273750
1.276571
1.420486
0.404223
1.268793
1.273460
1.128460
1.114646
1.120001
1.574267
1.112463
0.964929
1.119703
1.111346
1.419143
0.989189
0.950701
1.277953
0.934990
1.100547
1.419080
1.265271
1.114384
1.412219
1.263876
1.419215
1.111356
1.418286
1.466552
1.471631
0.395852
1.006546
0.709320
1.462750
1.463442
1.427074
1.497140
1.967482
0.694484
1.453077
1.148624
0.550075
0.554645
0.727243
0.644785
0.453669
0.465439
0.629528
0.641610
0.629597
0.628253
0.558691
0.562384
0.556342
0.624270
0.794560
0.629507
0.621378
0.638903
0.633309
0.603974
0.547418
0.552051
0.548994
0.399806
0.558868
0.551048
0.548709
0.556844
0.548527
0.621718
0.961029
0.797599
0.625222
0.833745
0.804178
0.557152
0.551896
0.694593
0.544569
0.554393
0.391011
0.550484
0.604826
0.792580
0.630941
0.625436
0.624741
0.456180
0.796740
0.557365
0.551049
0.399821
0.548818
0.404144
0.568869
0.552127
0.405690
0.402476
0.562043
0.563262
0.564390
0.547876
0.549560
0.392084
0.546436
0.548530
0.550069
0.393731
0.548036
0.409931
0.401959
0.551743
0.702537
0.411905
0.557635
0.554336
0.704592
0.711134
1.011974
1.006883
1.645591
1.833651
1.321607
0.458390
0.460495
0.416789
0.969822
0.627961
0.623262
0.621395
0.622735
0.624740
0.548162
0.549904
0.556678
0.550272
0.554700
0.549481
0.400344
0.550402
0.400284
0.396663
0.399719
0.410595
0.577776
0.630692
0.460532
0.640736
0.627146
0.625370
0.624323
0.620739
0.456631
0.619437
0.449222
0.453321
0.462265
0.452902
0.644099
0.458821
0.411785
0.400310
0.561998
0.554687
0.560466
0.407469
0.403664
0.406840
0.554574
0.565454
0.562943
0.555566
0.397891
0.553042
0.548938
0.546113
0.544821
0.565428
0.636092
0.627112
0.622966
0.969183
0.624699
0.635991
0.587125
0.627900
0.643652
0.627243
0.626420
0.634362
0.631045
0.585041
0.403294
0.564864
0.556334
0.553775
0.552895
0.548066
0.543957
0.545342
0.545643
0.551599
0.403826
0.417646
0.456660
0.451684
0.627342
0.633797
0.641547
0.631332
0.636810
0.557203
0.715728
0.553057
0.873159
0.711632
0.717392
0.859040
0.704794
0.560449
0.558611
0.395587
0.393955
0.402791
0.391596
0.700312
0.545503
0.914372
1.136764
2.467392
0.597825
1.308467
0.399489
0.851305
1.008707
0.560304
1.463163
0.555016
0.401329
1.352866
0.458764
0.979315
0.459812
0.807218
0.801012
0.444285
0.402116
0.397153
0.538083
0.542661
0.401545
0.394368
0.552879
0.417232
0.632874
0.455785
0.630711
0.637548
0.802448
0.467535
0.618644
0.557041
0.549377
0.702575
0.403149
0.559277
0.570043
0.563004
0.401963
0.548251
0.549867
0.547404
0.557288
0.391859
0.396848
0.555915
0.551808
0.559324
0.397272
0.401395
0.595573
0.627172
0.632242
0.630088
0.627205
0.635527
0.627023
0.430961
0.559058
0.554227
0.403035
0.707762
0.553600
0.543433
0.693143
0.872236
0.448874
0.796603
0.970723
0.816672
0.628775
0.744918
0.706548
0.703765
1.001726
2.317178
2.006125
2.005819
2.126632
1.892498
1.614851
1.680656
1.904709
1.480201
1.973163
1.965035
1.570235
1.266208
1.417309
1.414049
2.018061
1.707749
1.569844
1.118155
1.415689
1.768561
1.441421
1.774705
1.625853
1.288271
1.109680
2.137182
1.623967
1.960156
1.714905
2.359144
1.793629
1.410283
0.979693
1.579248
1.269277
1.722037
1.568065
1.265318
1.554675
1.580569
1.681971
1.780282
1.104571
1.335009
0.813589
1.271754
1.455084
1.258411
1.425282
1.417383
1.797758
1.448212
1.799999
1.622156
1.502225
1.271699
1.272659
1.711590
1.574425
1.418950
1.117086
1.412260
1.326519
1.612742
0.810295
1.457727
1.637670
0.459616
1.453362
1.041914
1.562041
1.582902
1.415321
1.563545
1.567300
1.429915
1.573054
1.517967
1.622750
1.460898
1.244281
1.471080
1.031539
1.693440
1.666991
1.843811
1.530382
1.613393
1.441521
1.680818
1.267869
1.420597
1.793556
1.619953
1.968135
1.448124
1.719422
1.115875
1.273234
1.423098
1.428564
1.424522
1.423732
1.512617
1.444652
1.791192
1.618606
1.413613
1.408358
0.959920
1.268741
1.137990
1.286356
1.444982
1.290709
1.608922
0.963972
1.271403
1.340475
1.119806
1.456611
1.717635
1.327708
0.937969
1.456055
1.632829
1.456014
1.457943
1.577306
0.356426
1.126365
1.268596
0.966574
1.828136
1.108383
1.108290
1.264398
0.964234
0.968013
0.815817
1.671936
1.271539
1.617355
1.351017
1.711726
1.564315
1.562600
1.114945
1.656004
1.804799
1.469362
1.313130
1.730411
1.347584
1.448618
1.619145
1.351281
1.422416
1.268182
1.271497
1.272172
1.562612
1.419802
1.122870
1.573047
1.586508
1.950936
2.465150
1.274469
1.448131
2.044581
1.724419
1.117752
1.271530
1.132527
1.418277
1.264445
1.117023
0.971251
1.561605
1.417093
1.113495
1.581619
1.571075
1.264799
1.746899
1.799648
1.623835
1.553318
0.931203
1.449777
1.416442
1.122823
1.121307
1.118840
1.421738
1.270902
1.606167
1.801929
1.277566
1.102449
1.116326
1.123192
1.331020
1.445872
1.617145
1.365275
1.439543
1.273908
1.436369
0.399282
1.417730
1.259696
1.421294
1.797157
1.454712
1.273034
1.426336
1.716308
1.269506
1.268528
1.427543
1.420013
1.422886
1.572975
1.282331
1.273009
1.442991
1.450920
1.608885
0.982420
1.420489
1.273832
1.444769
1.197159
1.291964
1.421363
1.293726
1.416942
1.493403
1.611705
1.626696
1.303232
1.280033
1.422769
1.417271
1.432000
1.277674
1.269467
1.113845
0.977955
1.569661
1.413904
1.265803
1.411517
1.465673
1.782907
1.438546
1.513438
1.422791
1.415134
1.430243
1.272693
1.270991
1.648434
1.262589
1.268704
1.171431
1.128442
1.083393
1.293226
1.623370
1.184607
1.127932
1.136219
1.117603
1.264153
1.246173
0.803104
1.100478
1.279815
1.130053
1.420023
1.268836
1.126107
1.112993
0.972142
1.128599
1.169280
1.140455
1.118884
1.663971
1.442071
1.458641
1.354324
1.121980
1.276031
1.572683
1.115476
1.268669
1.635978
1.268398
1.456311
1.267242
1.268638
1.281076
1.606051
0.973876
1.117289
1.124963
1.125717
0.968492
1.269745
1.423097
1.426091
1.285979
1.280323
1.118341
1.275958
1.267728
1.111161
1.428584
1.418334
1.116182
1.265899
1.270629
1.117688
0.818625
1.118480
1.113465
1.270401
1.270758
1.266137
0.974037
0.965736
1.270285
1.438472
1.270058
0.973440
1.263547
1.265636
1.448860
1.275014
1.120589
1.513183
0.469050
1.623580
1.455658
1.608946
1.266404
1.314990
1.100819
1.273677
1.477596
0.979676
1.590509
1.623451
1.613546
1.521326
1.283215
1.276750
1.425294
1.471398
1.469076
1.456581
1.260107
1.418476
1.121462
1.272967
1.286273
1.268468
0.961123
1.117404
1.683857
1.447744
1.271882
1.549452
1.282212
1.276535
1.121353
1.291304
1.442200
0.713261
0.977736
0.973929
1.121917
1.273302
1.272175
1.420190
1.427632
1.499579
1.273116
1.651501
1.537914
1.264146
1.419910
1.300872
1.607389
1.794004
1.507309
1.412119
1.722221
1.415157
1.289639
1.269971
1.711149
1.270175
1.273011
1.268194
1.272955
1.116955
1.116960
1.565278
0.980307
1.118375
1.126981
0.972578
1.269027
1.118631
0.963252
1.558343
1.266176
1.114866
0.958035
1.327220
1.613951
1.441844
1.358593
1.270794
1.281199
1.115906
1.440234
1.417832
1.116298
1.414982
1.489947
1.270609
1.632866
1.229255
1.430962
1.277196
1.297241
1.470045
1.453184
1.425405
1.411149
1.460147
1.270254
0.456896
0.805880
1.598266
1.277579
0.399150
0.711958
0.719364
0.723469
1.194079
0.871264
1.466329
1.680680
1.503763
0.457997
0.573966
1.167308
0.560577
1.461721
1.155344
0.998702
0.552852
0.545155
0.691758
0.547531
0.543761
0.551593
0.556397
0.547217
0.555551
0.554785
0.557918
0.546064
0.627017
0.630764
0.798735
0.976978
0.640379
1.544303
1.928623
1.561983
1.420768
1.329075
1.611487
1.962537
1.614318
1.107223
1.579604
1.274014
1.442671
1.145427
1.269630
1.111467
1.117306
1.648742
1.276388
1.282597
1.245777
1.274419
1.443707
1.295501
1.277086
1.281184
1.010002
1.126590
1.124153
0.968799
0.969276
0.902022
1.267252
1.266213
1.099869
0.967096
1.119774
0.814839
1.269436
1.117293
1.500636
1.441818
1.845726
1.340746
1.281035
1.625279
1.276083
1.441686
1.319818
1.474060
1.280439
1.332247
0.931328
0.817389
1.107875
1.562789
1.555861
1.114529
1.262604
1.256346
1.287894
1.273251
1.575478
1.415526
1.571453
1.459517
1.569201
1.560960
1.584528
1.275813
0.713711
1.718898
1.334895
1.795112
1.449991
1.267149
1.615976
0.459989
1.671391
1.032331
0.395419
0.604670
0.391335
1.552060
1.311608
0.453693
0.799518
1.277713
0.624816
0.640649
0.580193
1.506711
1.863942
1.861747
2.148501
1.981551
1.789418
1.801497
1.793369
1.445455
1.455236
1.408881
1.113737
1.263364
1.266904
1.109322
0.956908
1.284641
1.263468
1.413864
0.822710
1.277434
0.712861
1.470539
1.476541
0.402160
1.512876
1.602800
1.164157
0.606433
1.163178
1.645725
1.791755
1.767023
1.873423
1.679981
1.871975
1.762711
1.956245
2.404755
1.954961
1.445547
1.350552
1.279513
1.113526
1.571424
1.266550
1.120006
1.841150
1.957538
1.447768
1.421930
0.819506
1.655440
1.788137
1.796788
1.882383
1.952445
1.879887
1.421835
1.571437
1.409200
1.631935
1.597069
0.810920
1.450943
1.265162
1.417339
1.609527
0.555212
1.458477
0.401578
0.396729
0.550246
0.396505
0.552218
1.149779
0.548294
0.693465
0.561811
0.550946
0.560573
0.576651
0.417360
0.559657
0.546928
0.399371
0.564694
0.620967
0.627272
0.626483
0.626615
0.634594
0.482907
0.618074
0.550376
0.399481
0.547716
0.407204
0.397753
0.547472
0.409779
0.555212
0.405453
0.399588
0.561678
0.398750
0.409858
0.400523
0.548566
0.397009
0.548775
0.552734
0.570940
0.452611
0.451102
0.453766
0.633727
0.622669
0.625581
0.453379
0.593387
0.559254
0.549188
0.560078
0.550864
0.562392
0.550998
0.406173
0.402747
0.564296
0.409476
0.558212
0.549943
0.548732
0.547093
0.391631
0.389004
0.403954
0.550253
0.561884
0.547161
0.549773
0.551786
0.558403
0.399124
0.408683
0.405154
0.561069
0.560347
0.551999
0.553162
0.551183
0.552030
0.552770
0.555063
0.697645
0.698388
0.546668
0.700617
0.548116
0.547496
0.549415
0.555783
0.547536
0.396773
0.546370
0.550161
0.558242
0.557363
0.555992
0.552390
0.550162
0.557753
0.548126
0.544364
0.610157
0.634155
0.629665
0.630938
0.627451
0.628493
0.446229
0.454671
0.539507
0.543418
0.555008
0.394828
0.547576
0.552353
0.578997
0.546040
0.554562
0.549767
0.552833
0.561393
0.548610
0.548575
0.550956
0.555307
0.549756
0.559853
0.556742
0.546760
0.556189
0.549068
0.552193
0.541590
0.553906
0.550334
0.541762
0.539784
0.598146
0.620354
0.622355
0.621568
0.619621
0.467409
0.644398
0.581370
0.403289
0.553087
0.555650
0.562001
0.409297
0.566829
0.561463
0.556690
0.552600
0.545424
0.545406
0.545926
0.548216
0.545831
0.542213
0.545590
0.551730
0.546967
0.546851
0.551426
0.550740
0.546544
0.549583
0.544901
0.549964
0.548736
0.595374
0.644362
0.630885
0.632701
0.631300
0.629361
0.629212
0.566812
0.547108
0.548784
0.552292
0.392727
0.544922
0.546544
0.542274
0.549202
0.547513
0.544234
0.542033
0.549180
0.552845
0.550302
0.601465
0.627084
0.625622
0.631795
0.625522
0.626012
0.630467
0.587941
0.552705
0.546883
0.587424
0.617073
0.618221
0.618630
0.629996
0.624949
0.623400
0.587744
0.549269
0.551781
0.553057
0.549270
0.551478
0.548531
0.553657
0.554002
0.550746
0.549935
0.564845
0.553217
0.551510
0.602602
0.636835
0.626713
0.628134
0.621379
0.621010
0.623400
0.565043
0.554310
0.544583
0.546277
0.546659
0.545446
0.548590
0.550911
0.548437
0.552120
0.560928
0.553118
0.563022
0.552341
0.554523
0.552544
0.552281
0.549402
0.558089
0.544963
0.541377
0.543366
0.539395
0.538904
0.550143
0.545615
0.543255
0.545982
0.545555
0.543955
0.545499
0.561039
0.554448
0.547305
0.561319
0.549282
0.558012
0.549408
0.555020
0.559434
0.555128
0.553322
0.553385
0.548430
0.546547
0.551726
0.540872
0.540872
0.554780
0.549286
0.553272
0.548127
0.546616
0.551074
0.551009
0.552563
0.549951
0.600039
0.558203
0.637843
0.637603
0.633838
0.635518
0.641854
0.628759
0.625772
0.550027
0.553658
0.553427
0.543088
0.549725
0.544185
0.550978
0.547548
0.543554
0.547751
0.548061
0.557483
0.550780
0.578587
0.644967
0.625430
0.627408
0.624444
0.629294
0.637164
0.589253
0.558485
0.551220
0.551903
0.555010
0.547218
0.549834
0.551847
0.543080
0.548540
0.548017
0.544296
0.543631
0.552509
0.604276
0.639636
0.633810
0.629207
0.626628
0.625279
0.632661
0.575911
0.556211
0.553879
0.569353
0.631571
0.630360
0.625737
0.638131
0.622252
0.631745
0.596008
0.549762
