timestamp,range,from_id,to_id,std
1609059607.315767288,13.039000,2000,101,0.055000
1609059607.316565275,10.482000,2010,102,0.055000
1609059607.340885878,10.744000,2001,102,0.055000
1609059607.341604471,28.121000,2011,100,0.268000
1609059607.390757561,28.959000,2000,100,0.024000
1609059607.391743183,13.959000,2010,101,0.055000
1609059607.415826797,13.302000,2001,101,0.055000
1609059607.416079521,10.605000,2011,102,0.268000
1609059607.441495895,28.448999,2010,100,0.055000
1609059607.465753794,29.107000,2001,100,0.055000
1609059607.466522694,13.816000,2011,101,0.055000
1609059607.490827084,13.030000,2000,101,0.055000
1609059607.491580486,10.440000,2010,102,0.055000
1609059607.515822649,10.745000,2001,102,0.055000
1609059607.516581297,28.473000,2011,100,0.056000
1609059607.565765858,28.927000,2000,100,0.055000
1609059607.566552639,13.988000,2010,101,0.024000
1609059607.590755701,13.269000,2001,101,0.055000
1609059607.591091633,10.600000,2011,102,0.268000
1609059607.616570234,28.452000,2010,100,0.055000
1609059607.640817165,29.142000,2001,100,0.024000
1609059607.665771961,13.072000,2000,101,0.055000
1609059607.666741133,10.480000,2010,102,0.055000
1609059607.690843105,10.745000,2001,102,0.055000
1609059607.691817760,28.884001,2011,100,0.055000
1609059607.740759850,28.965000,2000,100,0.055000
1609059607.742466211,13.950000,2010,101,0.055000
1609059607.765778780,13.305000,2001,101,0.024000
1609059607.766142607,10.620000,2011,102,0.268000
1609059607.791526556,28.448000,2010,100,0.055000
1609059607.815907240,29.099001,2001,100,0.055000
1609059607.840837479,13.099000,2000,101,0.055000
1609059607.841581106,10.408000,2010,102,0.055000
1609059607.865917444,10.745000,2001,102,0.024000
1609059607.866601467,28.846001,2011,100,0.055000
1609059607.915749311,28.927000,2000,100,0.055000
1609059607.916508913,13.990000,2010,101,0.055000
1609059607.940796375,13.269000,2001,101,0.055000
1609059607.941103220,10.664000,2011,102,0.268000
1609059607.966541290,28.444000,2010,100,0.055000
1609059607.990801096,29.097000,2001,100,0.055000
1609059608.015791416,13.064000,2000,101,0.055000
1609059608.016575575,10.480000,2010,102,0.055000
1609059608.040878057,10.746000,2001,102,0.055000
1609059608.041518688,28.080000,2011,100,0.268000
1609059608.090769053,28.966999,2000,100,0.055000
1609059608.091507673,13.957000,2010,101,0.055000
1609059608.115792751,13.308000,2001,101,0.055000
1609059608.116230488,10.614000,2011,102,0.268000
1609059608.140735388,10.661000,2000,102,0.268000
1609059608.141503811,28.451000,2010,100,0.024000
1609059608.165765524,29.142000,2001,100,0.055000
1609059608.190798521,13.101000,2000,101,0.055000
1609059608.191529274,10.481000,2010,102,0.055000
1609059608.215798855,10.743000,2001,102,0.055000
1609059608.216492176,28.239000,2011,100,0.268000
1609059608.265765429,28.965000,2000,100,0.055000
1609059608.266587257,13.952000,2010,101,0.055000
1609059608.290801287,13.304000,2001,101,0.024000
1609059608.291204453,10.629000,2011,102,0.268000
1609059608.316511154,28.407000,2010,100,0.055000
1609059608.340780735,29.134001,2001,100,0.055000
1609059608.365818739,13.030000,2000,101,0.055000
1609059608.366569996,10.479000,2010,102,0.055000
1609059608.390556812,10.669000,2001,102,0.055000
1609059608.391506195,28.434999,2011,100,0.056000
1609059608.440732956,28.966000,2000,100,0.055000
1609059608.441472769,13.955000,2010,101,0.055000
1609059608.465778351,13.268000,2001,101,0.055000
1609059608.466014862,10.584000,2011,102,0.268000
1609059608.491489172,28.413000,2010,100,0.055000
1609059608.515798569,29.131001,2001,100,0.055000
1609059608.540819645,13.099000,2000,101,0.055000
1609059608.541570902,10.444000,2010,102,0.055000
1609059608.565843582,10.748000,2001,102,0.024000
1609059608.615763664,28.966000,2000,100,0.024000
1609059608.616497755,13.958000,2010,101,0.055000
1609059608.640780926,13.270000,2001,101,0.055000
1609059608.641064405,10.639000,2011,102,0.268000
1609059608.665758610,10.710000,2000,102,0.268000
1609059608.666498423,28.451000,2010,100,0.055000
1609059608.690787315,29.135000,2001,100,0.024000
1609059608.715742350,13.034000,2000,101,0.055000
1609059608.716594934,10.451000,2010,102,0.055000
1609059608.740570545,10.672000,2001,102,0.055000
1609059608.741501331,28.107000,2011,100,0.268000
1609059608.790742159,28.962999,2000,100,0.024000
1609059608.791493893,13.955000,2010,101,0.055000
1609059608.815754652,13.272000,2001,101,0.055000
1609059608.816049099,10.603000,2011,102,0.268000
1609059608.841482162,28.451000,2010,100,0.024000
1609059608.865762234,29.100000,2001,100,0.055000
1609059608.890736818,13.040000,2000,101,0.055000
1609059608.891499043,10.441000,2010,102,0.024000
1609059608.915890217,10.741000,2001,102,0.055000
1609059608.916543484,28.372000,2011,100,0.268000
1609059608.965770245,28.966000,2000,100,0.055000
1609059608.966713905,13.963000,2010,101,0.055000
1609059608.990768194,13.306000,2001,101,0.024000
1609059608.991033077,10.595000,2011,102,0.268000
1609059609.016542912,28.454000,2010,100,0.055000
1609059609.040802240,29.105000,2001,100,0.055000
1609059609.065757990,12.998000,2000,101,0.024000
1609059609.066592455,10.406000,2010,102,0.055000
1609059609.090796947,10.753000,2001,102,0.024000
1609059609.091469288,28.296000,2011,100,0.268000
1609059609.140791178,28.969999,2000,100,0.055000
1609059609.141489744,13.986000,2010,101,0.024000
1609059609.165785074,13.305000,2001,101,0.024000
1609059609.166089058,10.622000,2011,102,0.268000
1609059609.190757990,10.668000,2000,102,0.268000
1609059609.191541433,28.451000,2010,100,0.055000
1609059609.215789080,29.138000,2001,100,0.055000
1609059609.216808558,13.805000,2011,101,0.055000
1609059609.240804672,13.027000,2000,101,0.055000
1609059609.242087603,10.477000,2010,102,0.055000
1609059609.265540838,10.671000,2001,102,0.055000
1609059609.266619205,28.542000,2011,100,0.056000
1609059609.315789461,28.968000,2000,100,0.055000
1609059609.316501617,13.989000,2010,101,0.024000
1609059609.340727329,13.266000,2001,101,0.055000
1609059609.341008902,10.628000,2011,102,0.268000
1609059609.366509676,28.448000,2010,100,0.055000
1609059609.390710831,29.101999,2001,100,0.055000
1609059609.415792704,13.068000,2000,101,0.055000
1609059609.416544676,10.477000,2010,102,0.055000
1609059609.440821648,10.741000,2001,102,0.055000
1609059609.441478729,28.172001,2011,100,0.268000
1609059609.490743160,28.969999,2000,100,0.055000
1609059609.491472721,13.959000,2010,101,0.055000
1609059609.515742302,13.304000,2001,101,0.055000
1609059609.516040802,10.640000,2011,102,0.268000
1609059609.541502953,28.445000,2010,100,0.055000
1609059609.565719604,29.142000,2001,100,0.024000
1609059609.566537142,13.808000,2011,101,0.055000
1609059609.590795279,13.037000,2000,101,0.024000
1609059609.591539383,10.476000,2010,102,0.055000
1609059609.615810871,10.744000,2001,102,0.055000
1609059609.616541147,28.113001,2011,100,0.268000
1609059609.665716171,28.965000,2000,100,0.055000
1609059609.666479349,13.992000,2010,101,0.055000
1609059609.690874338,13.269000,2001,101,0.055000
1609059609.691097736,10.662000,2011,102,0.268000
1609059609.716495514,28.450001,2010,100,0.055000
1609059609.740719080,29.100000,2001,100,0.055000
1609059609.741493702,13.804000,2011,101,0.024000
1609059609.765725851,12.999000,2000,101,0.055000
1609059609.766552448,10.442000,2010,102,0.055000
1609059609.790795803,10.747000,2001,102,0.055000
1609059609.791789770,28.625000,2011,100,0.268000
1609059609.840747356,28.969000,2000,100,0.024000
1609059609.841444492,13.956000,2010,101,0.055000
1609059609.865870237,13.306000,2001,101,0.024000
1609059609.866132975,10.625000,2011,102,0.268000
1609059609.891484499,28.452000,2010,100,0.055000
1609059609.915766239,29.105000,2001,100,0.055000
1609059609.940806866,13.067000,2000,101,0.055000
1609059609.941873550,10.439000,2010,102,0.055000
1609059609.965772390,10.743000,2001,102,0.055000
1609059609.966530800,28.323999,2011,100,0.268000
1609059610.015705347,28.962999,2000,100,0.024000
1609059610.016772509,13.986000,2010,101,0.055000
1609059610.040794373,13.270000,2001,101,0.055000
1609059610.041111708,10.613000,2011,102,0.268000
1609059610.066522837,28.452000,2010,100,0.055000
1609059610.090739012,29.103001,2001,100,0.055000
1609059610.115755320,13.039000,2000,101,0.055000
1609059610.116521120,10.442000,2010,102,0.055000
1609059610.140791655,10.747000,2001,102,0.024000
1609059610.141543627,28.228001,2011,100,0.268000
1609059610.190737724,28.966999,2000,100,0.055000
1609059610.191484928,13.992000,2010,101,0.055000
1609059610.215786934,13.303000,2001,101,0.055000
1609059610.216005087,10.546000,2011,102,0.268000
1609059610.241441965,28.452000,2010,100,0.024000
1609059610.265720367,29.101999,2001,100,0.055000
1609059610.290748119,13.032000,2000,101,0.055000
1609059610.291527748,10.444000,2010,102,0.024000
1609059610.315598488,10.640000,2001,102,0.055000
1609059610.316524982,28.846001,2011,100,0.055000
1609059610.365795851,28.966999,2000,100,0.024000
1609059610.366509914,13.984000,2010,101,0.055000
1609059610.390744686,13.268000,2001,101,0.024000
1609059610.391085148,10.632000,2011,102,0.268000
1609059610.416443348,28.455999,2010,100,0.055000
1609059610.440856695,29.099001,2001,100,0.055000
1609059610.442071915,13.816000,2011,101,0.055000
1609059610.465727329,13.030000,2000,101,0.055000
1609059610.466679811,10.482000,2010,102,0.055000
1609059610.490803719,10.747000,2001,102,0.055000
1609059610.491506815,28.191000,2011,100,0.268000
1609059610.540670156,28.966000,2000,100,0.055000
1609059610.541455269,13.988000,2010,101,0.055000
1609059610.565723658,13.305000,2001,101,0.055000
1609059610.566028357,10.636000,2011,102,0.268000
1609059610.591473103,28.445999,2010,100,0.055000
1609059610.615716934,29.100000,2001,100,0.024000
1609059610.640766144,13.073000,2000,101,0.055000
1609059610.641473770,10.442000,2010,102,0.024000
1609059610.665771723,10.743000,2001,102,0.055000
1609059610.666480541,28.271999,2011,100,0.268000
1609059610.715694427,28.962000,2000,100,0.024000
1609059610.716521740,13.953000,2010,101,0.055000
1609059610.740747213,13.306000,2001,101,0.055000
1609059610.741030216,10.648000,2011,102,0.268000
1609059610.766452789,28.451000,2010,100,0.024000
1609059610.790696859,29.135000,2001,100,0.055000
1609059610.815705299,13.066000,2000,101,0.055000
1609059610.816502333,10.482000,2010,102,0.055000
1609059610.841085196,10.743000,2001,102,0.055000
1609059610.841485023,28.351000,2011,100,0.268000
1609059610.890683174,28.964001,2000,100,0.024000
1609059610.891415834,13.986000,2010,101,0.055000
1609059610.915717363,13.270000,2001,101,0.055000
1609059610.915992260,10.583000,2011,102,0.268000
1609059610.941422462,28.455000,2010,100,0.055000
1609059610.965782166,29.136000,2001,100,0.055000
1609059610.966503859,13.818000,2011,101,0.055000
1609059610.990727663,13.002000,2000,101,0.055000
1609059610.991469383,10.478000,2010,102,0.024000
1609059611.015472412,10.634000,2001,102,0.024000
1609059611.016517878,28.250000,2011,100,0.268000
1609059611.065644026,28.962000,2000,100,0.055000
1609059611.067375660,13.958000,2010,101,0.055000
1609059611.090732813,13.301000,2001,101,0.024000
1609059611.090999603,10.566000,2011,102,0.268000
1609059611.116426945,28.450001,2010,100,0.055000
1609059611.140714884,29.136999,2001,100,0.055000
1609059611.165682077,13.039000,2000,101,0.055000
1609059611.166549683,10.480000,2010,102,0.055000
1609059611.191566944,28.365999,2011,100,0.056000
1609059611.241415977,13.992000,2010,101,0.055000
1609059611.267220974,13.305000,2001,101,0.024000
1609059611.267627954,10.646000,2011,102,0.268000
1609059611.291443825,28.454000,2010,100,0.055000
1609059611.315701962,29.138000,2001,100,0.055000
1609059611.316458941,13.779000,2011,101,0.055000
1609059611.340712070,13.075000,2000,101,0.055000
1609059611.341435194,10.451000,2010,102,0.055000
1609059611.365744829,10.746000,2001,102,0.055000
1609059611.366607428,28.224001,2011,100,0.268000
1609059611.415668011,28.966000,2000,100,0.024000
1609059611.416431665,13.989000,2010,101,0.055000
1609059611.440669537,13.305000,2001,101,0.055000
1609059611.440950871,10.624000,2011,102,0.268000
1609059611.466394424,28.450001,2010,100,0.024000
1609059611.490697622,29.135000,2001,100,0.024000
1609059611.515710115,13.071000,2000,101,0.055000
1609059611.516526461,10.478000,2010,102,0.055000
1609059611.540760279,10.748000,2001,102,0.055000
1609059611.541518211,28.313999,2011,100,0.268000
1609059611.590667486,28.964001,2000,100,0.024000
1609059611.591423273,13.960000,2010,101,0.055000
1609059611.615756750,13.272000,2001,101,0.055000
1609059611.616031408,10.566000,2011,102,0.268000
1609059611.641455650,28.450001,2010,100,0.055000
1609059611.665710926,29.134001,2001,100,0.055000
1609059611.666418552,13.771000,2011,101,0.024000
1609059611.690743923,13.038000,2000,101,0.055000
1609059611.691492796,10.437000,2010,102,0.055000
1609059611.715764523,10.747000,2001,102,0.055000
1609059611.716457844,28.306000,2011,100,0.268000
1609059611.765667439,28.964001,2000,100,0.024000
1609059611.766447544,13.990000,2010,101,0.024000
1609059611.790704727,13.269000,2001,101,0.055000
1609059611.790923595,10.597000,2011,102,0.268000
1609059611.816422701,28.455000,2010,100,0.055000
1609059611.840939283,29.139999,2001,100,0.055000
1609059611.841398001,13.809000,2011,101,0.055000
1609059611.865669012,13.029000,2000,101,0.055000
1609059611.866421461,10.445000,2010,102,0.024000
1609059611.890769482,10.741000,2001,102,0.024000
1609059611.891436815,28.311001,2011,100,0.268000
1609059611.940933228,28.962999,2000,100,0.055000
1609059611.941433430,13.984000,2010,101,0.055000
1609059611.965721369,13.305000,2001,101,0.024000
1609059611.965999126,10.630000,2011,102,0.268000
1609059611.991410017,28.443001,2010,100,0.055000
1609059612.015679121,29.103001,2001,100,0.055000
1609059612.043413639,13.035000,2000,101,0.024000
1609059612.043687582,10.482000,2010,102,0.055000
1609059612.065735579,10.742000,2001,102,0.055000
1609059612.066433191,28.343000,2011,100,0.268000
1609059612.115676165,28.961000,2000,100,0.024000
1609059612.116367817,13.952000,2010,101,0.024000
1609059612.140673876,13.306000,2001,101,0.024000
1609059612.140932083,10.667000,2011,102,0.268000
1609059612.166435242,28.454000,2010,100,0.055000
1609059612.190673351,29.105000,2001,100,0.055000
1609059612.215706825,13.003000,2000,101,0.055000
1609059612.216465950,10.438000,2010,102,0.024000
1609059612.240470886,10.630000,2001,102,0.055000
1609059612.241490841,28.368000,2011,100,0.268000
1609059612.290695190,28.966999,2000,100,0.024000
1609059612.291402340,13.988000,2010,101,0.024000
1609059612.315720558,13.302000,2001,101,0.055000
1609059612.316025496,10.564000,2011,102,0.268000
1609059612.341421843,28.445000,2010,100,0.055000
1609059612.365675449,29.138000,2001,100,0.055000
1609059612.390675306,13.035000,2000,101,0.055000
1609059612.391442299,10.478000,2010,102,0.055000
1609059612.415864944,10.744000,2001,102,0.055000
1609059612.416489840,28.846001,2011,100,0.055000
1609059612.465638399,28.968000,2000,100,0.055000
1609059612.466403484,13.954000,2010,101,0.024000
1609059612.490667343,13.300000,2001,101,0.024000
1609059612.490944386,10.671000,2011,102,0.268000
1609059612.516374350,28.452000,2010,100,0.024000
1609059612.540689468,29.101000,2001,100,0.055000
1609059612.567623138,13.036000,2000,101,0.055000
1609059612.567814589,10.449000,2010,102,0.055000
1609059612.590510130,10.637000,2001,102,0.055000
1609059612.591468096,28.319000,2011,100,0.268000
1609059612.640662432,28.969000,2000,100,0.055000
1609059612.643532276,13.985000,2010,101,0.024000
1609059612.665689945,13.306000,2001,101,0.024000
1609059612.665990591,10.646000,2011,102,0.268000
1609059612.691386461,28.447001,2010,100,0.055000
1609059612.715683222,29.099001,2001,100,0.055000
1609059612.740696192,13.063000,2000,101,0.055000
1609059612.741420984,10.445000,2010,102,0.024000
1609059612.765462637,10.672000,2001,102,0.055000
1609059612.766444206,28.362000,2011,100,0.268000
1609059612.815628052,28.966000,2000,100,0.055000
1609059612.816389322,13.956000,2010,101,0.055000
1609059612.840702295,13.300000,2001,101,0.055000
1609059612.840948582,10.618000,2011,102,0.268000
1609059612.866377831,28.452999,2010,100,0.055000
1609059612.890689373,29.139000,2001,100,0.055000
1609059612.891492367,13.782000,2011,101,0.055000
1609059612.915684700,13.069000,2000,101,0.055000
1609059612.916450262,10.441000,2010,102,0.055000
1609059612.940722704,10.748000,2001,102,0.055000
1609059612.941440105,28.066000,2011,100,0.268000
1609059612.990652800,28.964001,2000,100,0.055000
1609059612.991431236,13.987000,2010,101,0.055000
1609059613.015682459,13.306000,2001,101,0.055000
1609059613.016246796,10.637000,2011,102,0.268000
1609059613.041372299,28.454000,2010,100,0.055000
1609059613.065609455,29.103001,2001,100,0.055000
1609059613.090691805,13.065000,2000,101,0.055000
1609059613.091470480,10.478000,2010,102,0.055000
1609059613.115691185,10.749000,2001,102,0.055000
1609059613.116413593,28.087999,2011,100,0.268000
1609059613.165610790,28.962999,2000,100,0.024000
1609059613.166427612,13.955000,2010,101,0.055000
1609059613.191587925,13.304000,2001,101,0.024000
1609059613.191741228,10.621000,2011,102,0.268000
1609059613.216400385,28.444000,2010,100,0.055000
1609059613.240649700,29.139999,2001,100,0.024000
1609059613.265683413,13.070000,2000,101,0.055000
1609059613.266511679,10.482000,2010,102,0.055000
1609059613.290725470,10.745000,2001,102,0.024000
1609059613.291485310,28.850000,2011,100,0.024000
1609059613.340638161,28.964001,2000,100,0.055000
1609059613.341678381,13.997000,2010,101,0.055000
1609059613.365682125,13.266000,2001,101,0.055000
1609059613.365963459,10.597000,2011,102,0.268000
1609059613.391430140,28.448000,2010,100,0.055000
1609059613.415637493,29.101999,2001,100,0.055000
1609059613.440755844,13.034000,2000,101,0.024000
1609059613.444342136,10.480000,2010,102,0.055000
1609059613.465737820,10.741000,2001,102,0.055000
1609059613.466497183,28.160000,2011,100,0.268000
1609059613.515620708,28.966000,2000,100,0.055000
1609059613.516433716,13.957000,2010,101,0.055000
1609059613.540671110,13.305000,2001,101,0.024000
1609059613.540951490,10.620000,2011,102,0.268000
1609059613.566455126,28.448000,2010,100,0.055000
1609059613.590656757,29.136000,2001,100,0.055000
1609059613.615669727,13.069000,2000,101,0.055000
1609059613.616436005,10.471000,2010,102,0.055000
1609059613.640402794,10.673000,2001,102,0.055000
1609059613.641466618,28.322001,2011,100,0.268000
1609059613.690647364,28.966999,2000,100,0.024000
1609059613.691407919,13.987000,2010,101,0.024000
1609059613.715642452,13.269000,2001,101,0.024000
1609059613.715922356,10.565000,2011,102,0.268000
1609059613.741390467,28.441000,2010,100,0.055000
1609059613.765612125,29.139999,2001,100,0.055000
1609059613.766450644,13.845000,2011,101,0.055000
1609059613.790671825,13.034000,2000,101,0.055000
1609059613.791377783,10.441000,2010,102,0.055000
1609059613.815446377,10.637000,2001,102,0.055000
1609059613.816488028,28.296000,2011,100,0.268000
1609059613.865619659,28.964001,2000,100,0.055000
1609059613.866369009,13.961000,2010,101,0.055000
1609059613.890649796,13.305000,2001,101,0.024000
1609059613.890936375,10.618000,2011,102,0.268000
1609059613.916379213,28.441999,2010,100,0.055000
1609059613.941308498,29.103001,2001,100,0.055000
1609059613.965656042,13.033000,2000,101,0.055000
1609059613.966456890,10.443000,2010,102,0.024000
1609059613.990702152,10.743000,2001,102,0.024000
1609059613.991482019,28.847000,2011,100,0.055000
1609059614.040731668,28.962999,2000,100,0.055000
1609059614.043239832,13.957000,2010,101,0.055000
1609059614.065664768,13.308000,2001,101,0.055000
1609059614.065914631,10.640000,2011,102,0.268000
1609059614.093009233,28.444000,2010,100,0.055000
1609059614.115596771,29.103001,2001,100,0.024000
1609059614.116350174,13.775000,2011,101,0.055000
1609059614.140712023,13.069000,2000,101,0.055000
1609059614.141414165,10.479000,2010,102,0.024000
1609059614.165683985,10.743000,2001,102,0.055000
1609059614.166434526,28.372000,2011,100,0.268000
1609059614.215583563,28.968000,2000,100,0.024000
1609059614.216372490,13.960000,2010,101,0.055000
1609059614.240653038,13.309000,2001,101,0.024000
1609059614.240988970,10.597000,2011,102,0.268000
1609059614.266426325,28.454000,2010,100,0.024000
1609059614.290667057,29.135000,2001,100,0.024000
1609059614.291387320,13.783000,2011,101,0.055000
1609059614.315682888,13.035000,2000,101,0.055000
1609059614.316413403,10.483000,2010,102,0.024000
1609059614.340789318,10.749000,2001,102,0.055000
1609059614.341613054,28.273001,2011,100,0.268000
1609059614.390631676,28.968000,2000,100,0.055000
1609059614.391335726,13.947000,2010,101,0.055000
1609059614.415660620,13.307000,2001,101,0.024000
1609059614.415900946,10.634000,2011,102,0.268000
1609059614.441406012,28.445999,2010,100,0.055000
1609059614.465635777,29.099001,2001,100,0.024000
1609059614.490648508,13.036000,2000,101,0.055000
1609059614.491410732,10.483000,2010,102,0.055000
1609059614.515424252,10.632000,2001,102,0.024000
1609059614.516372919,28.400000,2011,100,0.056000
1609059614.565620422,28.966999,2000,100,0.024000
1609059614.566382408,13.991000,2010,101,0.055000
1609059614.590669632,13.311000,2001,101,0.024000
1609059614.590898752,10.608000,2011,102,0.268000
1609059614.616341829,28.405001,2010,100,0.055000
1609059614.640667677,29.105000,2001,100,0.055000
1609059614.641395092,13.845000,2011,101,0.055000
1609059614.665673256,13.070000,2000,101,0.055000
1609059614.666471243,10.484000,2010,102,0.055000
1609059614.690665483,10.747000,2001,102,0.055000
1609059614.691415310,28.336000,2011,100,0.268000
1609059614.740641832,28.968000,2000,100,0.055000
1609059614.741418123,13.987000,2010,101,0.055000
1609059614.765645266,13.312000,2001,101,0.024000
1609059614.765973806,10.633000,2011,102,0.268000
1609059614.790617228,10.566000,2000,102,0.268000
1609059614.791341782,28.445999,2010,100,0.055000
1609059614.815649509,29.139000,2001,100,0.055000
1609059614.816345215,13.808000,2011,101,0.055000
1609059614.840636730,13.071000,2000,101,0.055000
1609059614.842098475,10.482000,2010,102,0.055000
1609059614.865668297,10.751000,2001,102,0.055000
1609059614.866431475,28.386000,2011,100,0.268000
1609059614.915636301,28.962000,2000,100,0.055000
1609059614.916346312,13.987000,2010,101,0.055000
1609059614.941554546,13.274000,2001,101,0.055000
1609059614.942273378,10.552000,2011,102,0.268000
1609059614.966388226,28.452999,2010,100,0.055000
1609059614.990590811,29.138000,2001,100,0.024000
1609059614.991340160,13.812000,2011,101,0.055000
1609059615.015655994,13.071000,2000,101,0.055000
1609059615.016412258,10.481000,2010,102,0.055000
1609059615.040445328,10.671000,2001,102,0.055000
1609059615.041403532,28.346001,2011,100,0.268000
1609059615.090582371,28.964001,2000,100,0.024000
1609059615.091325521,13.953000,2010,101,0.055000
1609059615.115648270,13.309000,2001,101,0.055000
1609059615.115885496,10.600000,2011,102,0.268000
1609059615.141343594,28.445000,2010,100,0.055000
1609059615.165624619,29.138000,2001,100,0.024000
1609059615.166398287,13.807000,2011,101,0.055000
1609059615.190629482,13.070000,2000,101,0.055000
1609059615.191399574,10.439000,2010,102,0.024000
1609059615.215677500,10.741000,2001,102,0.055000
1609059615.216426373,28.188999,2011,100,0.268000
1609059615.265566587,28.959999,2000,100,0.055000
1609059615.266394854,13.952000,2010,101,0.055000
1609059615.290689945,13.304000,2001,101,0.024000
1609059615.291019917,10.645000,2011,102,0.268000
1609059615.316347837,28.452000,2010,100,0.055000
1609059615.340599060,29.101999,2001,100,0.055000
1609059615.365604639,13.030000,2000,101,0.055000
1609059615.366400003,10.444000,2010,102,0.024000
1609059615.390396118,10.632000,2001,102,0.024000
1609059615.391453981,28.200001,2011,100,0.268000
1609059615.440567970,28.964001,2000,100,0.024000
1609059615.441354513,13.991000,2010,101,0.055000
1609059615.465627909,13.309000,2001,101,0.055000
1609059615.465918541,10.646000,2011,102,0.268000
1609059615.491361618,28.452999,2010,100,0.024000
1609059615.515858889,29.136999,2001,100,0.024000
1609059615.540686607,13.004000,2000,101,0.055000
1609059615.541548967,10.442000,2010,102,0.055000
1609059615.565653324,10.739000,2001,102,0.055000
1609059615.566438913,28.542999,2011,100,0.056000
1609059615.615638971,28.965000,2000,100,0.055000
1609059615.640649796,13.310000,2001,101,0.024000
1609059615.641199350,10.650000,2011,102,0.268000
1609059615.666327953,28.451000,2010,100,0.055000
1609059615.690593958,29.098000,2001,100,0.024000
1609059615.691330671,13.806000,2011,101,0.055000
1609059615.715598822,13.074000,2000,101,0.055000
1609059615.716398239,10.475000,2010,102,0.055000
1609059615.740413189,10.634000,2001,102,0.055000
1609059615.741355896,28.129999,2011,100,0.268000
1609059615.790638447,28.962000,2000,100,0.055000
1609059615.791374683,13.983000,2010,101,0.055000
1609059615.815644979,13.265000,2001,101,0.055000
1609059615.815884113,10.536000,2011,102,0.268000
1609059615.841350555,28.452999,2010,100,0.055000
1609059615.865607262,29.098000,2001,100,0.024000
1609059615.866328239,13.813000,2011,101,0.055000
1609059615.890601873,13.027000,2000,101,0.055000
1609059615.891388416,10.445000,2010,102,0.055000
1609059615.915657520,10.741000,2001,102,0.055000
1609059615.916382313,28.434999,2011,100,0.056000
1609059615.966059446,28.964001,2000,100,0.024000
1609059615.966458321,13.990000,2010,101,0.055000
1609059615.990610123,13.308000,2001,101,0.024000
1609059615.990872145,10.622000,2011,102,0.268000
1609059616.015558481,11.116000,2000,102,0.268000
1609059616.016311407,28.413000,2010,100,0.024000
1609059616.040606499,29.101999,2001,100,0.024000
1609059616.065603256,13.034000,2000,101,0.055000
1609059616.066393137,10.478000,2010,102,0.024000
1609059616.090659618,10.743000,2001,102,0.055000
1609059616.091429234,28.457001,2011,100,0.268000
1609059616.140713930,28.962999,2000,100,0.055000
1609059616.141398430,13.986000,2010,101,0.055000
1609059616.165606022,13.269000,2001,101,0.055000
1609059616.165899515,10.619000,2011,102,0.268000
1609059616.191390991,28.417000,2010,100,0.055000
1609059616.215586424,29.136000,2001,100,0.024000
1609059616.240630865,13.039000,2000,101,0.055000
1609059616.241420507,10.484000,2010,102,0.055000
1609059616.265613794,10.635000,2001,102,0.024000
1609059616.266463518,28.444000,2011,100,0.268000
1609059616.316096783,28.966000,2000,100,0.055000
1609059616.316363096,13.979000,2010,101,0.055000
1609059616.340673685,13.306000,2001,101,0.024000
1609059616.340984821,10.575000,2011,102,0.268000
1609059616.365571022,10.456000,2000,102,0.268000
1609059616.366337061,28.448000,2010,100,0.055000
1609059616.390613794,29.136999,2001,100,0.024000
1609059616.415626764,13.029000,2000,101,0.055000
1609059616.416311026,10.444000,2010,102,0.055000
1609059616.440663338,10.747000,2001,102,0.055000
1609059616.441781998,28.259001,2011,100,0.268000
1609059616.490540504,28.964001,2000,100,0.055000
1609059616.491319180,13.986000,2010,101,0.055000
1609059616.515572786,13.270000,2001,101,0.055000
1609059616.515862942,10.595000,2011,102,0.268000
1609059616.541313887,28.448999,2010,100,0.055000
1609059616.565577030,29.136000,2001,100,0.024000
1609059616.590633869,13.036000,2000,101,0.055000
1609059616.591340303,10.442000,2010,102,0.024000
1609059616.615616560,10.744000,2001,102,0.024000
1609059616.616321802,28.516001,2011,100,0.024000
1609059616.665578604,28.966999,2000,100,0.055000
1609059616.690578222,13.272000,2001,101,0.055000
1609059616.690858364,10.637000,2011,102,0.268000
1609059616.716316223,28.452000,2010,100,0.055000
1609059616.740563154,29.101999,2001,100,0.055000
1609059616.746071815,13.799000,2011,101,0.055000
1609059616.765587330,12.998000,2000,101,0.055000
1609059616.766547680,10.445000,2010,102,0.024000
1609059616.790352821,10.633000,2001,102,0.055000
1609059616.791366100,28.357000,2011,100,0.268000
1609059616.840543985,28.971001,2000,100,0.024000
1609059616.841314793,13.957000,2010,101,0.055000
1609059616.865636826,13.306000,2001,101,0.055000
1609059616.865937948,10.636000,2011,102,0.268000
1609059616.891313791,28.451000,2010,100,0.055000
1609059616.915583611,29.098000,2001,100,0.055000
1609059616.940603971,13.072000,2000,101,0.055000
1609059616.941366434,10.442000,2010,102,0.055000
1609059616.965692282,10.743000,2001,102,0.055000
1609059617.015591860,28.962999,2000,100,0.055000
1609059617.016304731,13.986000,2010,101,0.055000
1609059617.040626049,13.307000,2001,101,0.024000
1609059617.041092873,10.611000,2011,102,0.268000
1609059617.065590143,10.685000,2000,102,0.268000
1609059617.066327095,28.448999,2010,100,0.055000
1609059617.090567112,29.099001,2001,100,0.055000
1609059617.091311216,13.807000,2011,101,0.055000
1609059617.115568876,13.067000,2000,101,0.055000
1609059617.116399765,10.444000,2010,102,0.024000
1609059617.140632391,10.747000,2001,102,0.055000
1609059617.141368389,28.846001,2011,100,0.055000
1609059617.190541029,28.966000,2000,100,0.024000
1609059617.191306591,13.987000,2010,101,0.055000
1609059617.215607643,13.277000,2001,101,0.055000
1609059617.215846777,10.636000,2011,102,0.268000
1609059617.241320610,28.409000,2010,100,0.055000
1609059617.290576220,13.034000,2000,101,0.055000
1609059617.291350842,10.478000,2010,102,0.055000
1609059617.315353394,10.637000,2001,102,0.024000
1609059617.316353559,28.278999,2011,100,0.268000
1609059617.365691185,28.966000,2000,100,0.024000
1609059617.366321564,13.988000,2010,101,0.055000
1609059617.390594482,13.309000,2001,101,0.024000
1609059617.390841007,10.660000,2011,102,0.268000
1609059617.416329622,28.452000,2010,100,0.055000
1609059617.465589523,13.035000,2000,101,0.055000
1609059617.466298580,10.445000,2010,102,0.055000
1609059617.490625858,10.749000,2001,102,0.055000
1609059617.491312504,28.077999,2011,100,0.268000
1609059617.540529966,28.969999,2000,100,0.055000
1609059617.541274309,13.987000,2010,101,0.055000
1609059617.565596104,13.312000,2001,101,0.024000
1609059617.565887213,10.608000,2011,102,0.268000
1609059617.591312885,28.409000,2010,100,0.055000
1609059617.615567923,29.101000,2001,100,0.024000
1609059617.640595436,13.067000,2000,101,0.055000
1609059617.641597271,10.446000,2010,102,0.055000
1609059617.665641069,10.740000,2001,102,0.055000
1609059617.666362286,28.020000,2011,100,0.268000
1609059617.715556383,28.966999,2000,100,0.055000
1609059617.716305733,13.988000,2010,101,0.055000
1609059617.740578890,13.305000,2001,101,0.024000
1609059617.740837574,10.578000,2011,102,0.268000
1609059617.766373158,28.448999,2010,100,0.055000
1609059617.790573120,29.139000,2001,100,0.055000
1609059617.791311979,13.807000,2011,101,0.055000
1609059617.815584898,13.065000,2000,101,0.055000
1609059617.816309690,10.438000,2010,102,0.024000
1609059617.840644121,10.747000,2001,102,0.055000
1609059617.841332197,28.549000,2011,100,0.024000
1609059617.890527725,28.926001,2000,100,0.055000
1609059617.891281366,13.988000,2010,101,0.055000
1609059617.915586948,13.302000,2001,101,0.024000
1609059617.916169405,10.574000,2011,102,0.268000
1609059617.941324949,28.445000,2010,100,0.055000
1609059617.965560436,29.099001,2001,100,0.055000
1609059617.990923643,13.031000,2000,101,0.055000
1609059617.991375923,10.481000,2010,102,0.055000
1609059618.015378475,10.671000,2001,102,0.055000
1609059618.016313791,28.386000,2011,100,0.055000
1609059618.065530300,28.966000,2000,100,0.055000
1609059618.066314459,13.989000,2010,101,0.055000
1609059618.090584040,13.308000,2001,101,0.055000
1609059618.090863466,10.628000,2011,102,0.268000
1609059618.116304636,28.417999,2010,100,0.055000
1609059618.140768766,29.136000,2001,100,0.055000
1609059618.141774178,13.844000,2011,101,0.055000
1609059618.165542126,13.070000,2000,101,0.055000
1609059618.166444063,10.473000,2010,102,0.055000
1609059618.191309452,28.261999,2011,100,0.268000
1609059618.240604401,28.966000,2000,100,0.024000
1609059618.241541624,13.984000,2010,101,0.055000
1609059618.265619755,13.308000,2001,101,0.024000
1609059618.265895128,10.629000,2011,102,0.268000
1609059618.291297674,28.413000,2010,100,0.024000
1609059618.315573692,29.138000,2001,100,0.055000
1609059618.340559006,13.036000,2000,101,0.055000
1609059618.341308832,10.443000,2010,102,0.024000
1609059618.365404844,10.637000,2001,102,0.024000
1609059618.367488146,28.301001,2011,100,0.268000
1609059618.415528059,28.971001,2000,100,0.055000
1609059618.416368246,13.988000,2010,101,0.055000
1609059618.440619707,13.305000,2001,101,0.024000
1609059618.441307545,10.628000,2011,102,0.268000
1609059618.466297865,28.448999,2010,100,0.055000
1609059618.490571976,29.138000,2001,100,0.055000
1609059618.515559912,13.098000,2000,101,0.024000
1609059618.516411543,10.402000,2010,102,0.055000
1609059618.540358782,10.634000,2001,102,0.055000
1609059618.541409969,28.275000,2011,100,0.268000
1609059618.590526342,28.966000,2000,100,0.055000
1609059618.591279984,13.956000,2010,101,0.055000
1609059618.615615129,13.305000,2001,101,0.024000
1609059618.616012812,10.638000,2011,102,0.268000
1609059618.641728163,28.451000,2010,100,0.055000
1609059618.665538073,29.136999,2001,100,0.024000
1609059618.690639973,13.003000,2000,101,0.055000
1609059618.691353559,10.476000,2010,102,0.055000
1609059618.715582609,10.751000,2001,102,0.055000
1609059618.716371059,28.035999,2011,100,0.268000
1609059618.765534163,28.966000,2000,100,0.055000
1609059618.766304970,13.952000,2010,101,0.055000
1609059618.790546894,13.307000,2001,101,0.055000
1609059618.791507959,10.641000,2011,102,0.268000
1609059618.816262722,28.440001,2010,100,0.055000
1609059618.840545177,29.138000,2001,100,0.055000
1609059618.843221664,13.811000,2011,101,0.055000
1609059618.865540266,13.001000,2000,101,0.055000
1609059618.866354465,10.477000,2010,102,0.024000
1609059618.890333891,10.668000,2001,102,0.055000
1609059618.891268253,28.375000,2011,100,0.268000
1609059618.941251516,13.959000,2010,101,0.055000
1609059618.965539932,13.307000,2001,101,0.055000
1609059618.965827942,10.636000,2011,102,0.268000
1609059618.990550280,10.602000,2000,102,0.268000
1609059618.991304874,28.447001,2010,100,0.055000
1609059619.015542507,29.138000,2001,100,0.024000
1609059619.016348839,13.811000,2011,101,0.024000
1609059619.040578365,13.069000,2000,101,0.055000
1609059619.041311026,10.446000,2010,102,0.024000
1609059619.065591097,10.739000,2001,102,0.055000
1609059619.066273689,28.802999,2011,100,0.055000
1609059619.115537405,28.964001,2000,100,0.055000
1609059619.116260767,13.988000,2010,101,0.055000
1609059619.140535116,13.305000,2001,101,0.055000
1609059619.140849829,10.587000,2011,102,0.268000
1609059619.165694237,10.599000,2000,102,0.268000
1609059619.166455030,28.450001,2010,100,0.055000
1609059619.190586329,29.100000,2001,100,0.055000
1609059619.191289902,13.811000,2011,101,0.055000
1609059619.215562820,13.077000,2000,101,0.055000
1609059619.216377258,10.400000,2010,102,0.055000
1609059619.240636349,10.744000,2001,102,0.055000
1609059619.241332531,28.312000,2011,100,0.268000
1609059619.290522575,28.962000,2000,100,0.055000
1609059619.291260242,13.989000,2010,101,0.055000
1609059619.315529585,13.314000,2001,101,0.024000
1609059619.315811157,10.645000,2011,102,0.268000
1609059619.341252804,28.448999,2010,100,0.024000
1609059619.365544558,29.100000,2001,100,0.055000
1609059619.366410971,13.841000,2011,101,0.055000
1609059619.390545845,13.077000,2000,101,0.055000
1609059619.391330004,10.404000,2010,102,0.055000
1609059619.415562391,10.748000,2001,102,0.055000
1609059619.416284561,28.035999,2011,100,0.268000
1609059619.465642929,28.961000,2000,100,0.024000
1609059619.466305733,13.987000,2010,101,0.055000
1609059619.490588903,13.308000,2001,101,0.055000
1609059619.490921259,10.646000,2011,102,0.268000
1609059619.515536308,11.096000,2000,102,0.268000
1609059619.516398430,28.452999,2010,100,0.024000
1609059619.540521145,29.101000,2001,100,0.055000
1609059619.565558434,13.078000,2000,101,0.055000
1609059619.566367388,10.477000,2010,102,0.055000
1609059619.590598822,10.741000,2001,102,0.055000
1609059619.591366768,28.552999,2011,100,0.055000
1609059619.640526295,28.959000,2000,100,0.055000
1609059619.641443014,13.987000,2010,101,0.055000
1609059619.665562630,13.313000,2001,101,0.024000
1609059619.665827274,10.640000,2011,102,0.268000
1609059619.691339016,28.451000,2010,100,0.055000
1609059619.716022968,29.098000,2001,100,0.024000
1609059619.741290092,13.071000,2000,101,0.055000
1609059619.741599321,10.486000,2010,102,0.055000
1609059619.765583277,10.746000,2001,102,0.055000
1609059619.766485214,27.997999,2011,100,0.268000
1609059619.815534115,28.962999,2000,100,0.055000
1609059619.816697121,13.985000,2010,101,0.055000
1609059619.840581179,13.308000,2001,101,0.055000
1609059619.840804100,10.649000,2011,102,0.268000
1609059619.866253853,28.445000,2010,100,0.055000
1609059619.890520334,29.101999,2001,100,0.055000
1609059619.915550232,13.031000,2000,101,0.055000
1609059619.916313648,10.478000,2010,102,0.055000
1609059619.940593958,10.740000,2001,102,0.055000
1609059619.941365957,28.388000,2011,100,0.056000
1609059619.990528107,28.964001,2000,100,0.024000
1609059619.991232157,13.987000,2010,101,0.055000
1609059620.015530348,13.269000,2001,101,0.055000
1609059620.015795708,10.572000,2011,102,0.268000
1609059620.041246653,28.452999,2010,100,0.055000
1609059620.065510511,29.136999,2001,100,0.055000
1609059620.090562344,13.037000,2000,101,0.055000
1609059620.097275734,10.401000,2010,102,0.055000
1609059620.115601063,10.744000,2001,102,0.055000
1609059620.116354704,28.388000,2011,100,0.268000
1609059620.165509701,28.924000,2000,100,0.055000
1609059620.166444778,13.987000,2010,101,0.055000
1609059620.190553665,13.266000,2001,101,0.055000
1609059620.191348076,10.647000,2011,102,0.268000
1609059620.216275930,28.451000,2010,100,0.055000
1609059620.240530252,29.103001,2001,100,0.055000
1609059620.265527248,13.038000,2000,101,0.055000
1609059620.266452074,10.441000,2010,102,0.024000
1609059620.290303469,10.634000,2001,102,0.055000
1609059620.291240454,28.504999,2011,100,0.055000
1609059620.340547562,28.968000,2000,100,0.024000
1609059620.341241121,13.954000,2010,101,0.055000
1609059620.365617752,13.305000,2001,101,0.055000
1609059620.366338253,10.600000,2011,102,0.268000
1609059620.391288280,28.455999,2010,100,0.055000
1609059620.415529251,29.105000,2001,100,0.055000
1609059620.440529585,13.068000,2000,101,0.055000
1609059620.441472054,10.400000,2010,102,0.055000
1609059620.465557098,10.747000,2001,102,0.055000
1609059620.466330290,28.426001,2011,100,0.055000
1609059620.515454292,28.962999,2000,100,0.024000
1609059620.516228914,13.987000,2010,101,0.055000
1609059620.540527105,13.310000,2001,101,0.055000
1609059620.540827513,10.589000,2011,102,0.268000
1609059620.566343784,28.412001,2010,100,0.055000
1609059620.590488911,29.136999,2001,100,0.024000
1609059620.591273069,13.815000,2011,101,0.055000
1609059620.615735769,13.029000,2000,101,0.055000
1609059620.616287231,10.480000,2010,102,0.055000
1609059620.640325546,10.630000,2001,102,0.055000
1609059620.641274929,28.113001,2011,100,0.268000
1609059620.690489531,28.971001,2000,100,0.055000
1609059620.691227913,13.989000,2010,101,0.055000
1609059620.715559959,13.273000,2001,101,0.055000
1609059620.715775967,10.606000,2011,102,0.268000
1609059620.741236448,28.419001,2010,100,0.055000
1609059620.765502214,29.135000,2001,100,0.055000
1609059620.790524244,13.034000,2000,101,0.055000
1609059620.791318417,10.478000,2010,102,0.024000
1609059620.815597773,10.739000,2001,102,0.055000
1609059620.816299200,28.351000,2011,100,0.268000
1609059620.865495443,28.962000,2000,100,0.024000
1609059620.866229296,13.959000,2010,101,0.055000
1609059620.890591383,13.268000,2001,101,0.024000
1609059620.890804768,10.638000,2011,102,0.268000
1609059620.916264534,28.407000,2010,100,0.055000
1609059620.940498114,29.098000,2001,100,0.024000
1609059620.965732574,13.071000,2000,101,0.055000
1609059620.966367245,10.446000,2010,102,0.055000
1609059620.990293980,10.635000,2001,102,0.055000
1609059620.991246223,28.021999,2011,100,0.268000
1609059621.040475845,28.962999,2000,100,0.055000
1609059621.041271687,13.955000,2010,101,0.055000
1609059621.065526485,13.309000,2001,101,0.055000
1609059621.065804005,10.634000,2011,102,0.268000
1609059621.091265202,28.445000,2010,100,0.055000
1609059621.115494251,29.136999,2001,100,0.024000
1609059621.140512466,13.060000,2000,101,0.055000
1609059621.141255856,10.445000,2010,102,0.055000
1609059621.165739775,10.745000,2001,102,0.055000
1609059621.166634083,28.351000,2011,100,0.268000
1609059621.215483189,28.969000,2000,100,0.055000
1609059621.216249704,13.984000,2010,101,0.024000
1609059621.240553617,13.311000,2001,101,0.024000
1609059621.240831852,10.673000,2011,102,0.268000
1609059621.266300201,28.448999,2010,100,0.024000
1609059621.290496349,29.106001,2001,100,0.055000
1609059621.291260719,13.805000,2011,101,0.024000
1609059621.315507174,13.041000,2000,101,0.055000
1609059621.316311121,10.438000,2010,102,0.055000
1609059621.340563059,10.740000,2001,102,0.055000
1609059621.341221809,28.847000,2011,100,0.055000
1609059621.390504360,28.964001,2000,100,0.055000
1609059621.391252518,13.957000,2010,101,0.055000
1609059621.415534735,13.306000,2001,101,0.055000
1609059621.416196585,10.602000,2011,102,0.268000
1609059621.444399595,28.452999,2010,100,0.055000
1609059621.465449572,29.145000,2001,100,0.024000
1609059621.466221571,13.818000,2011,101,0.055000
1609059621.490560770,13.064000,2000,101,0.055000
1609059621.491364717,10.485000,2010,102,0.055000
1609059621.516243219,28.226000,2011,100,0.268000
1609059621.565451860,28.962000,2000,100,0.024000
1609059621.566269875,13.987000,2010,101,0.024000
1609059621.590603590,13.304000,2001,101,0.055000
1609059621.591013432,10.626000,2011,102,0.268000
1609059621.616238117,28.443001,2010,100,0.055000
1609059621.640572309,29.101000,2001,100,0.055000
1609059621.668344975,13.033000,2000,101,0.055000
1609059621.668592930,10.483000,2010,102,0.055000
1609059621.690545559,10.739000,2001,102,0.055000
1609059621.691308260,28.850000,2011,100,0.055000
1609059621.740444422,28.962000,2000,100,0.055000
1609059621.741189957,13.986000,2010,101,0.024000
1609059621.768975258,13.302000,2001,101,0.055000
1609059621.769136906,10.651000,2011,102,0.268000
1609059621.791436195,28.452000,2010,100,0.055000
1609059621.815523863,29.105000,2001,100,0.055000
1609059621.840548277,13.034000,2000,101,0.024000
1609059621.841258049,10.446000,2010,102,0.024000
1609059621.865283966,10.634000,2001,102,0.055000
1609059621.866226435,28.346001,2011,100,0.268000
1609059621.915488720,28.968000,2000,100,0.055000
1609059621.916248083,13.990000,2010,101,0.055000
1609059621.940479040,13.305000,2001,101,0.024000
1609059621.946020842,10.629000,2011,102,0.268000
1609059621.966256618,28.448999,2010,100,0.055000
1609059621.990452766,29.142000,2001,100,0.055000
1609059622.015505314,13.072000,2000,101,0.055000
1609059622.016265392,10.446000,2010,102,0.024000
1609059622.040517807,10.748000,2001,102,0.055000
1609059622.041277409,28.023001,2011,100,0.268000
1609059622.090453625,28.966000,2000,100,0.024000
1609059622.091246367,13.984000,2010,101,0.055000
1609059622.115517139,13.305000,2001,101,0.055000
1609059622.115939617,10.592000,2011,102,0.268000
1609059622.141251087,28.420000,2010,100,0.055000
1609059622.165456295,29.139999,2001,100,0.055000
1609059622.190505266,13.073000,2000,101,0.055000
1609059622.191270351,10.442000,2010,102,0.024000
1609059622.217257977,10.741000,2001,102,0.055000
1609059622.217524767,28.281000,2011,100,0.268000
1609059622.265448093,28.969999,2000,100,0.055000
1609059622.266263723,13.959000,2010,101,0.055000
1609059622.290511370,13.305000,2001,101,0.055000
1609059622.290766716,10.664000,2011,102,0.268000
1609059622.316227674,28.455000,2010,100,0.055000
1609059622.340482950,29.097000,2001,100,0.024000
1609059622.341207743,13.804000,2011,101,0.024000
1609059622.365616322,13.069000,2000,101,0.055000
1609059622.368986607,10.477000,2010,102,0.055000
1609059622.390545368,10.745000,2001,102,0.055000
1609059622.391266584,28.844999,2011,100,0.055000
1609059622.440444946,28.966000,2000,100,0.055000
1609059622.441181898,13.960000,2010,101,0.055000
1609059622.465466261,13.305000,2001,101,0.024000
1609059622.465820074,10.591000,2011,102,0.268000
1609059622.491208315,28.452000,2010,100,0.055000
1609059622.515501261,29.097000,2001,100,0.024000
1609059622.540475607,13.072000,2000,101,0.055000
1609059622.541649818,10.485000,2010,102,0.055000
1609059622.568026543,10.743000,2001,102,0.055000
1609059622.568338871,28.306000,2011,100,0.268000
1609059622.615439177,28.962999,2000,100,0.055000
1609059622.616203070,13.950000,2010,101,0.024000
1609059622.640461206,13.309000,2001,101,0.055000
1609059622.640750408,10.652000,2011,102,0.268000
1609059622.666193008,28.452999,2010,100,0.055000
1609059622.690502167,29.103001,2001,100,0.055000
1609059622.715474606,13.034000,2000,101,0.055000
1609059622.716279030,10.482000,2010,102,0.055000
1609059622.740545034,10.745000,2001,102,0.055000
1609059622.741215706,28.114000,2011,100,0.268000
1609059622.790442467,28.934999,2000,100,0.055000
1609059622.791212082,13.984000,2010,101,0.055000
1609059622.815463305,13.305000,2001,101,0.024000
1609059622.815766096,10.586000,2011,102,0.268000
1609059622.842781544,28.448000,2010,100,0.055000
1609059622.865441084,29.138000,2001,100,0.055000
1609059622.890516043,13.030000,2000,101,0.055000
1609059622.891278505,10.480000,2010,102,0.024000
1609059622.915708780,10.745000,2001,102,0.055000
1609059622.916256428,28.395000,2011,100,0.056000
1609059622.966808558,28.971001,2000,100,0.055000
1609059622.966977119,13.955000,2010,101,0.055000
1609059622.990499973,13.269000,2001,101,0.055000
1609059622.990871429,10.601000,2011,102,0.268000
1609059623.016193628,28.454000,2010,100,0.055000
1609059623.040510178,29.134001,2001,100,0.055000
1609059623.065467358,13.032000,2000,101,0.055000
1609059623.066303968,10.477000,2010,102,0.055000
1609059623.090250492,10.676000,2001,102,0.055000
1609059623.091192722,28.850000,2011,100,0.055000
1609059623.140436411,28.969999,2000,100,0.055000
1609059623.141197681,13.990000,2010,101,0.024000
1609059623.165501356,13.270000,2001,101,0.024000
1609059623.166021347,10.604000,2011,102,0.268000
1609059623.191215277,28.443001,2010,100,0.055000
1609059623.215441465,29.098000,2001,100,0.024000
1609059623.240449905,13.072000,2000,101,0.055000
1609059623.241257429,10.438000,2010,102,0.024000
1609059623.265236855,10.636000,2001,102,0.055000
1609059623.266313076,28.454000,2011,100,0.268000
1609059623.315437078,28.969999,2000,100,0.055000
1609059623.316176414,13.993000,2010,101,0.055000
1609059623.340481520,13.306000,2001,101,0.024000
1609059623.340807676,10.617000,2011,102,0.268000
1609059623.366270065,28.455999,2010,100,0.055000
1609059623.390428543,29.139999,2001,100,0.024000
1609059623.391188622,13.773000,2011,101,0.024000
1609059623.415446281,13.067000,2000,101,0.055000
1609059623.416254520,10.443000,2010,102,0.055000
1609059623.440559149,10.750000,2001,102,0.055000
1609059623.447437525,28.847000,2011,100,0.055000
1609059623.490522861,28.964001,2000,100,0.055000
1609059623.491168499,13.994000,2010,101,0.024000
1609059623.515450478,13.270000,2001,101,0.055000
1609059623.515743494,10.566000,2011,102,0.268000
1609059623.541260481,28.448999,2010,100,0.055000
1609059623.565646410,29.138000,2001,100,0.024000
1609059623.590478182,13.067000,2000,101,0.055000
1609059623.591276407,10.444000,2010,102,0.024000
1609059623.615231514,10.636000,2001,102,0.055000
1609059623.616206408,28.848000,2011,100,0.055000
1609059623.665412903,28.966000,2000,100,0.055000
1609059623.666180611,13.988000,2010,101,0.055000
1609059623.690486431,13.271000,2001,101,0.055000
1609059623.691211700,10.613000,2011,102,0.268000
1609059623.716210842,28.452999,2010,100,0.055000
1609059623.742772818,29.103001,2001,100,0.055000
1609059623.765778542,13.103000,2000,101,0.055000
1609059623.766317844,10.477000,2010,102,0.055000
1609059623.790570736,10.634000,2001,102,0.024000
1609059623.791218758,28.142000,2011,100,0.268000
1609059623.840662479,28.962000,2000,100,0.055000
1609059623.841480970,13.952000,2010,101,0.055000
1609059623.865468740,13.272000,2001,101,0.024000
1609059623.865757704,10.633000,2011,102,0.268000
1609059623.891175985,28.451000,2010,100,0.024000
1609059623.915471554,29.098000,2001,100,0.024000
1609059623.916180372,13.819000,2011,101,0.055000
1609059623.940478325,13.038000,2000,101,0.055000
1609059623.941518068,10.478000,2010,102,0.055000
1609059623.965540886,10.748000,2001,102,0.055000
1609059623.966308594,28.238001,2011,100,0.268000
1609059624.015457153,28.962000,2000,100,0.024000
1609059624.016187668,13.951000,2010,101,0.024000
1609059624.041012049,13.272000,2001,101,0.055000
1609059624.041432142,10.625000,2011,102,0.268000
1609059624.067856312,28.416000,2010,100,0.055000
1609059624.090451002,29.103001,2001,100,0.055000
1609059624.115461349,13.065000,2000,101,0.055000
1609059624.116323233,10.479000,2010,102,0.055000
1609059624.140512466,10.740000,2001,102,0.055000
1609059624.141343117,28.844000,2011,100,0.055000
1609059624.190419674,28.966000,2000,100,0.055000
1609059624.191176176,13.989000,2010,101,0.055000
1609059624.215455294,13.304000,2001,101,0.055000
1609059624.215741396,10.610000,2011,102,0.268000
1609059624.241212368,28.450001,2010,100,0.055000
1609059624.265468359,29.106001,2001,100,0.055000
1609059624.266252995,13.804000,2011,101,0.024000
1609059624.290490150,12.999000,2000,101,0.055000
1609059624.291335821,10.477000,2010,102,0.055000
1609059624.315299749,10.633000,2001,102,0.055000
1609059624.316365480,28.844000,2011,100,0.055000
1609059624.365599155,28.972000,2000,100,0.055000
1609059624.366350412,13.986000,2010,101,0.055000
1609059624.390556812,13.300000,2001,101,0.055000
1609059624.390883923,10.550000,2011,102,0.268000
1609059624.416207552,28.444000,2010,100,0.055000
1609059624.440598488,29.134001,2001,100,0.055000
1609059624.465521336,13.072000,2000,101,0.055000
1609059624.466310740,10.481000,2010,102,0.055000
1609059624.490290642,10.673000,2001,102,0.055000
1609059624.491377115,28.365000,2011,100,0.268000
1609059624.540501118,28.966999,2000,100,0.055000
1609059624.541958570,13.982000,2010,101,0.055000
1609059624.565430164,13.306000,2001,101,0.024000
1609059624.565786600,10.625000,2011,102,0.268000
1609059624.591207504,28.455999,2010,100,0.055000
1609059624.615463734,29.099001,2001,100,0.024000
1609059624.616149902,13.805000,2011,101,0.055000
1609059624.640568972,13.034000,2000,101,0.024000
1609059624.641284943,10.438000,2010,102,0.024000
1609059624.665575743,10.747000,2001,102,0.055000
1609059624.666341543,27.966000,2011,100,0.268000
1609059624.715458632,28.964001,2000,100,0.024000
1609059624.716222286,13.992000,2010,101,0.024000
1609059624.740543604,13.274000,2001,101,0.055000
1609059624.740958452,10.606000,2011,102,0.268000
1609059624.766431808,28.448999,2010,100,0.055000
1609059624.790490150,29.101999,2001,100,0.055000
1609059624.791246891,13.777000,2011,101,0.055000
1609059624.815533876,12.997000,2000,101,0.055000
1609059624.816360950,10.477000,2010,102,0.055000
1609059624.840322018,10.676000,2001,102,0.055000
1609059624.841338158,28.275999,2011,100,0.268000
1609059624.890447378,28.962000,2000,100,0.055000
1609059624.891230106,13.988000,2010,101,0.055000
1609059624.915458202,13.304000,2001,101,0.055000
1609059624.915839195,10.632000,2011,102,0.268000
1609059624.941247225,28.452000,2010,100,0.055000
1609059624.965518951,29.101000,2001,100,0.055000
1609059624.990483522,13.073000,2000,101,0.055000
1609059624.991276979,10.477000,2010,102,0.055000
1609059625.015544891,10.749000,2001,102,0.055000
1609059625.016271830,28.297001,2011,100,0.268000
1609059625.065501928,28.964001,2000,100,0.055000
1609059625.066204071,13.987000,2010,101,0.055000
1609059625.090491056,13.266000,2001,101,0.055000
1609059625.090864420,10.637000,2011,102,0.268000
1609059625.116199970,28.451000,2010,100,0.055000
1609059625.140476704,29.139000,2001,100,0.055000
1609059625.165470600,12.963000,2000,101,0.055000
1609059625.166254997,10.444000,2010,102,0.055000
1609059625.190622091,10.743000,2001,102,0.055000
1609059625.191353798,28.268000,2011,100,0.268000
1609059625.240514994,28.962000,2000,100,0.055000
1609059625.241198540,13.988000,2010,101,0.055000
1609059625.266573668,13.306000,2001,101,0.024000
1609059625.266941786,10.636000,2011,102,0.268000
1609059625.291254520,28.451000,2010,100,0.055000
1609059625.315512180,29.103001,2001,100,0.055000
1609059625.316238880,13.779000,2011,101,0.055000
1609059625.340524197,13.031000,2000,101,0.055000
1609059625.341343164,10.442000,2010,102,0.024000
1609059625.366364241,28.216000,2011,100,0.268000
1609059625.415445805,28.966000,2000,100,0.024000
1609059625.416219950,13.948000,2010,101,0.024000
1609059625.440487385,13.306000,2001,101,0.055000
1609059625.440900564,10.612000,2011,102,0.268000
1609059625.466298342,28.448000,2010,100,0.055000
1609059625.490495205,29.136999,2001,100,0.055000
1609059625.491726398,13.783000,2011,101,0.024000
1609059625.515483618,13.067000,2000,101,0.055000
1609059625.516287327,10.473000,2010,102,0.024000
1609059625.540577412,10.750000,2001,102,0.055000
1609059625.541266680,28.850000,2011,100,0.055000
1609059625.590468168,29.002001,2000,100,0.055000
1609059625.591218233,13.989000,2010,101,0.055000
1609059625.615477085,13.304000,2001,101,0.055000
1609059625.615850687,10.597000,2011,102,0.268000
1609059625.641223669,28.452000,2010,100,0.055000
1609059625.665501833,29.105000,2001,100,0.055000
1609059625.690522432,13.069000,2000,101,0.055000
1609059625.691280365,10.482000,2010,102,0.055000
1609059625.716276646,28.847000,2011,100,0.055000
1609059625.765434504,28.964001,2000,100,0.055000
1609059625.766257524,13.949000,2010,101,0.055000
1609059625.790477753,13.304000,2001,101,0.055000
1609059625.790822506,10.637000,2011,102,0.268000
1609059625.816221714,28.455000,2010,100,0.055000
1609059625.840487957,29.098000,2001,100,0.055000
1609059625.865466595,12.997000,2000,101,0.024000
1609059625.866251469,10.486000,2010,102,0.055000
1609059625.890275240,10.672000,2001,102,0.055000
1609059625.891237020,28.068001,2011,100,0.268000
1609059625.940471172,28.958000,2000,100,0.055000
1609059625.941240311,13.987000,2010,101,0.024000
1609059625.966013670,13.316000,2001,101,0.055000
1609059625.966444731,10.673000,2011,102,0.268000
1609059625.991317987,28.452000,2010,100,0.055000
1609059626.015466690,29.099001,2001,100,0.055000
1609059626.040442705,13.066000,2000,101,0.055000
1609059626.041280031,10.483000,2010,102,0.055000
1609059626.065452337,10.743000,2001,102,0.055000
1609059626.066250086,28.344999,2011,100,0.268000
1609059626.115363598,28.964001,2000,100,0.055000
1609059626.116186142,13.955000,2010,101,0.055000
1609059626.140388966,13.264000,2001,101,0.055000
1609059626.140694857,10.632000,2011,102,0.268000
1609059626.166244030,28.448000,2010,100,0.055000
1609059626.190475225,29.103001,2001,100,0.055000
1609059626.215456009,13.037000,2000,101,0.055000
1609059626.216231346,10.440000,2010,102,0.024000
1609059626.241248608,28.388000,2011,100,0.268000
1609059626.290463924,28.966999,2000,100,0.055000
1609059626.291196585,13.992000,2010,101,0.055000
1609059626.315423727,13.301000,2001,101,0.055000
1609059626.315729141,10.600000,2011,102,0.268000
1609059626.341238022,28.448999,2010,100,0.055000
1609059626.366601229,29.138000,2001,100,0.055000
1609059626.390426874,13.039000,2000,101,0.055000
1609059626.391229630,10.444000,2010,102,0.024000
1609059626.415565014,10.743000,2001,102,0.055000
1609059626.416259766,28.282000,2011,100,0.268000
1609059626.465404987,28.969000,2000,100,0.055000
1609059626.466333151,13.952000,2010,101,0.055000
1609059626.490457535,13.270000,2001,101,0.055000
1609059626.490796566,10.641000,2011,102,0.268000
1609059626.516205311,28.441000,2010,100,0.055000
1609059626.540456772,29.101999,2001,100,0.055000
1609059626.565407515,13.030000,2000,101,0.055000
1609059626.566299200,10.442000,2010,102,0.024000
1609059626.590497017,10.739000,2001,102,0.024000
1609059626.591259956,28.850000,2011,100,0.055000
1609059626.640473127,28.971001,2000,100,0.055000
1609059626.641143799,13.995000,2010,101,0.055000
1609059626.665467739,13.307000,2001,101,0.024000
1609059626.666222095,10.596000,2011,102,0.268000
1609059626.690424204,10.541000,2000,102,0.268000
1609059626.691204309,28.421000,2010,100,0.055000
1609059626.715503454,29.103001,2001,100,0.055000
1609059626.740445852,13.033000,2000,101,0.055000
1609059626.741847754,10.442000,2010,102,0.055000
1609059626.765221834,10.674000,2001,102,0.055000
1609059626.766330004,28.313000,2011,100,0.268000
1609059626.815403461,28.965000,2000,100,0.055000
1609059626.816175699,13.989000,2010,101,0.024000
1609059626.840428114,13.305000,2001,101,0.024000
1609059626.840769291,10.617000,2011,102,0.268000
1609059626.866174221,28.451000,2010,100,0.055000
1609059626.890392065,29.100000,2001,100,0.024000
1609059626.891170025,13.801000,2011,101,0.055000
1609059626.915426970,13.071000,2000,101,0.055000
1609059626.916227102,10.440000,2010,102,0.024000
1609059626.940464020,10.743000,2001,102,0.024000
1609059626.941195250,28.299000,2011,100,0.268000
1609059626.990368605,28.964001,2000,100,0.055000
1609059626.991161823,13.959000,2010,101,0.055000
1609059627.015399694,13.301000,2001,101,0.055000
1609059627.015664577,10.564000,2011,102,0.268000
1609059627.041167736,28.451000,2010,100,0.055000
1609059627.065402508,29.101999,2001,100,0.055000
1609059627.066168070,13.811000,2011,101,0.055000
1609059627.090386391,13.067000,2000,101,0.055000
1609059627.091222048,10.486000,2010,102,0.055000
1609059627.115196943,10.668000,2001,102,0.055000
1609059627.116206408,28.431000,2011,100,0.055000
1609059627.165350676,28.974001,2000,100,0.055000
1609059627.166158676,13.991000,2010,101,0.055000
1609059627.190400839,13.270000,2001,101,0.024000
1609059627.190677881,10.676000,2011,102,0.268000
1609059627.216186285,28.454000,2010,100,0.055000
1609059627.240470171,29.106001,2001,100,0.055000
1609059627.265432119,13.029000,2000,101,0.055000
1609059627.266263723,10.481000,2010,102,0.055000
1609059627.290439606,10.737000,2001,102,0.055000
1609059627.291145802,28.145000,2011,100,0.268000
1609059627.365396976,13.305000,2001,101,0.024000
1609059627.365680933,10.628000,2011,102,0.268000
1609059627.390407562,10.660000,2000,102,0.268000
1609059627.391149282,28.459000,2010,100,0.055000
1609059627.415458918,29.138000,2001,100,0.024000
1609059627.440455437,13.073000,2000,101,0.055000
1609059627.441180944,10.446000,2010,102,0.055000
1609059627.465496063,10.744000,2001,102,0.055000
1609059627.466486931,17.697001,2011,100,0.056000
1609059627.515413284,28.962999,2000,100,0.055000
1609059627.516103983,13.987000,2010,101,0.024000
1609059627.540478468,13.304000,2001,101,0.055000
1609059627.540703297,10.572000,2011,102,0.268000
1609059627.565387964,10.686000,2000,102,0.268000
1609059627.566304207,28.451000,2010,100,0.055000
1609059627.590406418,29.101999,2001,100,0.055000
1609059627.615417242,13.071000,2000,101,0.055000
1609059627.616158962,10.445000,2010,102,0.055000
1609059627.641193151,28.087999,2011,100,0.268000
1609059627.690395355,28.966999,2000,100,0.055000
1609059627.691156626,13.988000,2010,101,0.024000
1609059627.715406179,13.305000,2001,101,0.055000
1609059627.715648413,10.602000,2011,102,0.268000
1609059627.741690636,28.448999,2010,100,0.055000
1609059627.765361786,29.106001,2001,100,0.055000
1609059627.766209841,13.780000,2011,101,0.055000
1609059627.790407896,13.033000,2000,101,0.055000
1609059627.791212320,10.438000,2010,102,0.024000
1609059627.815465212,10.744000,2001,102,0.055000
1609059627.816290617,28.843000,2011,100,0.055000
1609059627.865403175,28.962999,2000,100,0.024000
1609059627.866101980,13.987000,2010,101,0.055000
1609059627.890411615,13.270000,2001,101,0.055000
1609059627.890685558,10.629000,2011,102,0.268000
1609059627.916116238,28.451000,2010,100,0.055000
1609059627.940442801,29.136999,2001,100,0.055000
1609059627.965420485,13.070000,2000,101,0.055000
1609059627.966200590,10.444000,2010,102,0.055000
1609059627.990505457,10.742000,2001,102,0.055000
1609059627.991239548,28.374001,2011,100,0.268000
1609059628.040419340,28.964001,2000,100,0.055000
1609059628.041115999,13.981000,2010,101,0.055000
1609059628.065406322,13.264000,2001,101,0.055000
1609059628.065676212,10.637000,2011,102,0.268000
1609059628.090407610,10.683000,2000,102,0.268000
1609059628.091170073,28.452000,2010,100,0.055000
1609059628.115379095,29.098000,2001,100,0.055000
1609059628.140464544,13.001000,2000,101,0.055000
1609059628.141312599,10.402000,2010,102,0.055000
1609059628.165441036,10.742000,2001,102,0.055000
1609059628.166190386,28.844000,2011,100,0.055000
1609059628.215350151,28.964001,2000,100,0.055000
1609059628.216164351,13.987000,2010,101,0.024000
1609059628.240393400,13.304000,2001,101,0.055000
1609059628.240650892,10.634000,2011,102,0.268000
1609059628.266183615,28.451000,2010,100,0.055000
1609059628.290431261,29.108000,2001,100,0.055000
1609059628.315408945,13.070000,2000,101,0.055000
1609059628.316192389,10.481000,2010,102,0.055000
1609059628.340140581,10.633000,2001,102,0.055000
1609059628.341160774,28.298000,2011,100,0.268000
1609059628.390333414,28.968000,2000,100,0.024000
1609059628.391328335,13.959000,2010,101,0.055000
1609059628.415436745,13.307000,2001,101,0.055000
1609059628.415673733,10.618000,2011,102,0.268000
1609059628.440479040,10.685000,2000,102,0.268000
1609059628.441502333,28.451000,2010,100,0.024000
1609059628.465436459,29.101999,2001,100,0.055000
1609059628.466108322,13.810000,2011,101,0.055000
1609059628.490422726,13.071000,2000,101,0.055000
1609059628.491212368,10.480000,2010,102,0.055000
1609059628.515429020,10.745000,2001,102,0.055000
1609059628.516215086,28.327999,2011,100,0.268000
1609059628.565364599,28.966999,2000,100,0.055000
1609059628.566159487,13.987000,2010,101,0.055000
1609059628.590350151,13.268000,2001,101,0.055000
1609059628.590636253,10.485000,2011,102,0.268000
1609059628.616099119,28.443001,2010,100,0.055000
1609059628.640407801,29.132999,2001,100,0.055000
1609059628.665388107,13.071000,2000,101,0.055000
1609059628.666133165,10.449000,2010,102,0.055000
1609059628.690170527,10.632000,2001,102,0.055000
1609059628.691123724,28.372999,2011,100,0.268000
1609059628.740345001,28.959999,2000,100,0.055000
1609059628.741152048,13.953000,2010,101,0.055000
1609059628.765365839,13.303000,2001,101,0.055000
1609059628.766349316,10.584000,2011,102,0.268000
1609059628.791104317,28.452000,2010,100,0.055000
1609059628.815399885,29.136000,2001,100,0.024000
1609059628.840408564,13.003000,2000,101,0.055000
1609059628.841167688,10.480000,2010,102,0.055000
1609059628.865405321,10.740000,2001,102,0.055000
1609059628.866182566,28.479000,2011,100,0.268000
1609059628.915356874,28.966999,2000,100,0.055000
1609059628.916154146,13.987000,2010,101,0.055000
1609059628.940464735,13.268000,2001,101,0.055000
1609059628.940690994,10.621000,2011,102,0.268000
1609059628.966174364,28.447001,2010,100,0.055000
1609059628.990400791,29.136000,2001,100,0.024000
1609059628.991100550,13.784000,2011,101,0.055000
1609059629.015440702,13.070000,2000,101,0.055000
1609059629.016221762,10.481000,2010,102,0.055000
1609059629.040197134,10.634000,2001,102,0.055000
1609059629.041223526,28.063999,2011,100,0.268000
1609059629.090368509,28.962000,2000,100,0.055000
1609059629.091103315,13.988000,2010,101,0.055000
1609059629.115441561,13.304000,2001,101,0.024000
1609059629.115696430,10.637000,2011,102,0.268000
1609059629.141120434,28.455000,2010,100,0.055000
1609059629.165352821,29.105000,2001,100,0.055000
1609059629.166155338,13.843000,2011,101,0.055000
1609059629.190421581,13.001000,2000,101,0.055000
1609059629.191159248,10.434000,2010,102,0.024000
1609059629.215459347,10.741000,2001,102,0.055000
1609059629.216250420,27.966000,2011,100,0.268000
1609059629.265371799,28.966000,2000,100,0.024000
1609059629.266236305,13.948000,2010,101,0.055000
1609059629.290390015,13.306000,2001,101,0.055000
1609059629.290682077,10.592000,2011,102,0.268000
1609059629.315351963,10.624000,2000,102,0.268000
1609059629.316163540,28.452000,2010,100,0.024000
1609059629.340405464,29.136999,2001,100,0.055000
1609059629.365380287,13.068000,2000,101,0.055000
1609059629.366187572,10.450000,2010,102,0.055000
1609059629.390438080,10.742000,2001,102,0.055000
1609059629.391112566,28.350000,2011,100,0.268000
1609059629.440370560,28.962999,2000,100,0.055000
1609059629.441114187,13.990000,2010,101,0.055000
1609059629.465366602,13.268000,2001,101,0.055000
1609059629.465785980,10.620000,2011,102,0.268000
1609059629.490344048,11.134000,2000,102,0.268000
1609059629.491223097,28.410999,2010,100,0.055000
1609059629.515359163,29.100000,2001,100,0.024000
1609059629.516123056,13.809000,2011,101,0.055000
1609059629.540386915,13.032000,2000,101,0.055000
1609059629.541131258,10.396000,2010,102,0.055000
1609059629.565150499,10.634000,2001,102,0.024000
1609059629.566287279,28.372000,2011,100,0.268000
1609059629.615363359,28.964001,2000,100,0.055000
1609059629.616081715,13.995000,2010,101,0.055000
1609059629.640407324,13.305000,2001,101,0.055000
1609059629.640738249,10.573000,2011,102,0.268000
1609059629.666140079,28.450001,2010,100,0.055000
1609059629.690426111,29.136000,2001,100,0.055000
1609059629.715382814,13.065000,2000,101,0.055000
1609059629.716185808,10.484000,2010,102,0.055000
1609059629.740471363,10.745000,2001,102,0.055000
1609059629.741246223,28.282000,2011,100,0.268000
1609059629.790348291,28.966999,2000,100,0.055000
1609059629.791091204,13.960000,2010,101,0.055000
1609059629.815347672,13.267000,2001,101,0.055000
1609059629.815637350,10.599000,2011,102,0.268000
1609059629.841067314,28.448999,2010,100,0.055000
1609059629.865372658,29.136999,2001,100,0.055000
1609059629.866079569,13.812000,2011,101,0.055000
1609059629.890377283,13.037000,2000,101,0.055000
1609059629.891206503,10.447000,2010,102,0.024000
1609059629.915149450,10.632000,2001,102,0.024000
1609059629.916163206,28.231001,2011,100,0.268000
1609059629.965316296,28.962999,2000,100,0.024000
1609059629.966134310,13.956000,2010,101,0.055000
1609059629.990335941,13.310000,2001,101,0.055000
1609059629.990623951,10.585000,2011,102,0.268000
1609059630.015315771,11.130000,2000,102,0.268000
1609059630.016060591,28.448999,2010,100,0.055000
1609059630.040419102,29.098000,2001,100,0.055000
1609059630.065384626,13.097000,2000,101,0.055000
1609059630.066187382,10.486000,2010,102,0.055000
1609059630.090161562,10.634000,2001,102,0.024000
1609059630.091220140,28.197001,2011,100,0.268000
1609059630.140319109,28.964001,2000,100,0.055000
1609059630.141118765,13.961000,2010,101,0.055000
1609059630.165344477,13.312000,2001,101,0.055000
1609059630.165672779,10.601000,2011,102,0.268000
1609059630.191100121,28.452000,2010,100,0.055000
1609059630.215391636,29.139999,2001,100,0.055000
1609059630.240361929,13.066000,2000,101,0.055000
1609059630.241104603,10.440000,2010,102,0.055000
1609059630.265275478,10.638000,2001,102,0.055000
1609059630.266215563,28.542999,2011,100,0.056000
1609059630.315358877,28.968000,2000,100,0.055000
1609059630.316315651,13.959000,2010,101,0.055000
1609059630.340334654,13.264000,2001,101,0.055000
1609059630.340642929,10.648000,2011,102,0.268000
1609059630.365347147,10.549000,2000,102,0.268000
1609059630.366137981,28.452999,2010,100,0.055000
1609059630.390343428,29.136999,2001,100,0.024000
1609059630.415386200,13.062000,2000,101,0.055000
1609059630.416121721,10.480000,2010,102,0.024000
1609059630.440409184,10.748000,2001,102,0.055000
1609059630.441240549,28.431999,2011,100,0.056000
1609059630.490337133,28.964001,2000,100,0.024000
1609059630.491106033,13.986000,2010,101,0.055000
1609059630.515333414,13.309000,2001,101,0.055000
1609059630.515625477,10.620000,2011,102,0.268000
1609059630.541076899,28.438999,2010,100,0.055000
1609059630.565375090,29.110001,2001,100,0.055000
1609059630.590352535,13.033000,2000,101,0.055000
1609059630.591148615,10.477000,2010,102,0.055000
1609059630.615420341,10.743000,2001,102,0.055000
1609059630.616178513,28.221001,2011,100,0.268000
1609059630.665295124,28.966000,2000,100,0.024000
1609059630.666096449,13.990000,2010,101,0.055000
1609059630.690342426,13.307000,2001,101,0.024000
1609059630.690633774,10.593000,2011,102,0.268000
1609059630.716097832,28.410999,2010,100,0.024000
1609059630.740357399,29.101000,2001,100,0.055000
1609059630.765351295,13.030000,2000,101,0.055000
1609059630.766686916,10.442000,2010,102,0.055000
1609059630.790384531,10.747000,2001,102,0.055000
1609059630.791121244,28.247000,2011,100,0.268000
1609059630.840362549,28.965000,2000,100,0.024000
1609059630.841093779,13.953000,2010,101,0.055000
1609059630.865341425,13.305000,2001,101,0.055000
1609059630.865676165,10.668000,2011,102,0.268000
1609059630.891083002,28.448999,2010,100,0.055000
1609059630.915350676,29.097000,2001,100,0.055000
1609059630.940389395,13.037000,2000,101,0.055000
1609059630.941106081,10.441000,2010,102,0.024000
1609059630.965308666,10.638000,2001,102,0.055000
1609059630.966212273,28.295000,2011,100,0.268000
1609059631.015362263,28.962999,2000,100,0.055000
1609059631.016090155,13.986000,2010,101,0.055000
1609059631.040341616,13.268000,2001,101,0.055000
1609059631.040630579,10.625000,2011,102,0.268000
1609059631.066122532,28.451000,2010,100,0.055000
1609059631.090385437,29.100000,2001,100,0.055000
1609059631.091140985,13.778000,2011,101,0.055000
1609059631.115380526,13.038000,2000,101,0.055000
1609059631.116156101,10.408000,2010,102,0.055000
1609059631.141081810,28.552000,2011,100,0.055000
1609059631.190353394,28.930000,2000,100,0.055000
1609059631.191070557,13.955000,2010,101,0.055000
1609059631.215357780,13.304000,2001,101,0.024000
1609059631.215622663,10.656000,2011,102,0.268000
1609059631.241081238,28.416000,2010,100,0.055000
1609059631.265323639,29.135000,2001,100,0.055000
1609059631.290312290,13.070000,2000,101,0.055000
1609059631.291105270,10.440000,2010,102,0.055000
1609059631.315349579,10.637000,2001,102,0.024000
1609059631.316186905,28.844000,2011,100,0.055000
1609059631.365293264,28.969999,2000,100,0.055000
1609059631.366089582,13.986000,2010,101,0.024000
1609059631.390353680,13.306000,2001,101,0.055000
1609059631.390621662,10.628000,2011,102,0.268000
1609059631.416090012,28.448000,2010,100,0.055000
1609059631.440379858,29.138000,2001,100,0.055000
1609059631.465341330,13.066000,2000,101,0.055000
1609059631.466102362,10.437000,2010,102,0.024000
1609059631.490092516,10.632000,2001,102,0.055000
1609059631.491143465,28.513000,2011,100,0.055000
1609059631.540320635,28.966000,2000,100,0.055000
1609059631.541050196,13.984000,2010,101,0.055000
1609059631.565380812,13.276000,2001,101,0.055000
1609059631.565651178,10.622000,2011,102,0.268000
1609059631.591083050,28.454000,2010,100,0.055000
1609059631.615296364,29.099001,2001,100,0.055000
1609059631.640338898,12.994000,2000,101,0.055000
1609059631.641153097,10.402000,2010,102,0.055000
1609059631.665374994,10.744000,2001,102,0.055000
1609059631.666143656,28.542999,2011,100,0.056000
1609059631.715327501,28.966000,2000,100,0.024000
1609059631.716071606,13.955000,2010,101,0.055000
1609059631.740340471,13.276000,2001,101,0.055000
1609059631.740593672,10.585000,2011,102,0.268000
1609059631.766156912,28.451000,2010,100,0.055000
1609059631.790355444,29.101000,2001,100,0.055000
1609059631.815322638,13.068000,2000,101,0.055000
1609059631.816110373,10.485000,2010,102,0.055000
1609059631.841154814,28.332001,2011,100,0.268000
1609059631.890271664,28.968000,2000,100,0.024000
1609059631.891077518,13.992000,2010,101,0.024000
1609059631.915326834,13.305000,2001,101,0.024000
1609059631.915593863,10.610000,2011,102,0.268000
1609059631.941069841,28.452000,2010,100,0.024000
1609059631.965313196,29.105000,2001,100,0.055000
1609059631.966176033,13.850000,2011,101,0.055000
1609059631.990370512,13.069000,2000,101,0.055000
1609059631.991112947,10.475000,2010,102,0.055000
1609059632.015423536,10.744000,2001,102,0.055000
1609059632.016171455,28.302999,2011,100,0.268000
1609059632.065302372,28.964001,2000,100,0.024000
1609059632.066148043,13.988000,2010,101,0.055000
1609059632.090392351,13.303000,2001,101,0.055000
1609059632.090618372,10.641000,2011,102,0.268000
1609059632.116051912,28.452000,2010,100,0.055000
1609059632.140359640,29.135000,2001,100,0.055000
1609059632.165311098,13.068000,2000,101,0.055000
1609059632.166226625,10.482000,2010,102,0.055000
1609059632.190353394,10.749000,2001,102,0.055000
1609059632.191123009,28.400999,2011,100,0.055000
1609059632.240398407,28.971001,2000,100,0.055000
1609059632.241075993,13.986000,2010,101,0.055000
1609059632.265309334,13.304000,2001,101,0.055000
1609059632.265622377,10.562000,2011,102,0.268000
1609059632.290318251,10.656000,2000,102,0.268000
1609059632.291106224,28.450001,2010,100,0.055000
1609059632.315303087,29.101000,2001,100,0.055000
1609059632.340306759,13.034000,2000,101,0.055000
1609059632.341144800,10.405000,2010,102,0.055000
1609059632.365355968,10.744000,2001,102,0.055000
1609059632.415316105,28.964001,2000,100,0.055000
1609059632.416089535,13.986000,2010,101,0.024000
1609059632.440341949,13.268000,2001,101,0.055000
1609059632.440593958,10.630000,2011,102,0.268000
1609059632.466107130,28.455000,2010,100,0.055000
1609059632.490299940,29.135000,2001,100,0.055000
1609059632.515306234,13.071000,2000,101,0.055000
1609059632.516120195,10.405000,2010,102,0.055000
1609059632.540139198,10.669000,2001,102,0.055000
1609059632.541091442,28.318001,2011,100,0.268000
1609059632.590294838,28.966000,2000,100,0.055000
1609059632.590993166,13.989000,2010,101,0.055000
1609059632.615346670,13.266000,2001,101,0.024000
1609059632.615594625,10.635000,2011,102,0.268000
1609059632.641067982,28.445000,2010,100,0.055000
1609059632.665313005,29.135000,2001,100,0.055000
1609059632.666099548,13.808000,2011,101,0.055000
1609059632.690322638,13.041000,2000,101,0.055000
1609059632.691153765,10.478000,2010,102,0.055000
1609059632.715388775,10.741000,2001,102,0.055000
1609059632.716182709,28.254000,2011,100,0.268000
1609059632.765286207,28.962000,2000,100,0.055000
1609059632.766676188,13.992000,2010,101,0.055000
1609059632.790319204,13.270000,2001,101,0.055000
1609059632.790606022,10.595000,2011,102,0.268000
1609059632.815304279,11.138000,2000,102,0.268000
1609059632.816069841,28.412001,2010,100,0.055000
1609059632.840305805,29.103001,2001,100,0.055000
1609059632.865308523,13.070000,2000,101,0.055000
1609059632.866113663,10.442000,2010,102,0.024000
1609059632.890077353,10.634000,2001,102,0.055000
1609059632.891064882,28.077000,2011,100,0.268000
1609059632.940263271,28.962999,2000,100,0.024000
1609059632.941063166,13.990000,2010,101,0.055000
1609059632.965354443,13.309000,2001,101,0.055000
1609059632.965633154,10.656000,2011,102,0.268000
1609059632.990308762,10.704000,2000,102,0.268000
1609059632.991275549,28.448000,2010,100,0.055000
1609059633.015305281,29.136999,2001,100,0.024000
1609059633.040332079,13.034000,2000,101,0.055000
1609059633.041108847,10.441000,2010,102,0.024000
1609059633.065373898,10.743000,2001,102,0.055000
1609059633.068656445,28.298000,2011,100,0.268000
1609059633.115284443,28.962999,2000,100,0.055000
1609059633.140338659,13.270000,2001,101,0.055000
1609059633.140606403,10.550000,2011,102,0.268000
1609059633.165287733,11.159000,2000,102,0.268000
1609059633.166086674,28.448999,2010,100,0.055000
1609059633.190326929,29.101999,2001,100,0.055000
1609059633.215328217,13.038000,2000,101,0.055000
1609059633.216091633,10.479000,2010,102,0.024000
1609059633.240381718,10.741000,2001,102,0.055000
1609059633.241055965,28.384001,2011,100,0.268000
1609059633.290247917,28.966000,2000,100,0.024000
1609059633.291029453,13.982000,2010,101,0.024000
1609059633.315338612,13.306000,2001,101,0.055000
1609059633.315587759,10.614000,2011,102,0.268000
1609059633.341091633,28.416000,2010,100,0.055000
1609059633.365279198,29.105000,2001,100,0.055000
1609059633.390286684,13.034000,2000,101,0.055000
1609059633.391084194,10.441000,2010,102,0.024000
1609059633.415058374,10.634000,2001,102,0.055000
1609059633.416105032,28.181999,2011,100,0.268000
1609059633.465227365,28.968000,2000,100,0.055000
1609059633.466029406,13.958000,2010,101,0.055000
1609059633.490263462,13.305000,2001,101,0.024000
1609059633.490583897,10.640000,2011,102,0.268000
1609059633.516012192,28.451000,2010,100,0.055000
1609059633.540276766,29.135000,2001,100,0.055000
1609059633.565365553,13.069000,2000,101,0.055000
1609059633.566140652,10.441000,2010,102,0.024000
1609059633.590108156,10.669000,2001,102,0.055000
1609059633.591096640,28.318001,2011,100,0.268000
1609059633.640251875,28.971001,2000,100,0.055000
1609059633.640997648,13.989000,2010,101,0.055000
1609059633.665304661,13.269000,2001,101,0.055000
1609059633.665550709,10.663000,2011,102,0.268000
1609059633.691064119,28.452999,2010,100,0.055000
1609059633.715379953,29.136999,2001,100,0.024000
1609059633.740417957,13.006000,2000,101,0.055000
1609059633.741098642,10.481000,2010,102,0.024000
1609059633.765103102,10.671000,2001,102,0.055000
1609059633.766239405,28.052999,2011,100,0.268000
1609059633.815354109,28.962999,2000,100,0.055000
1609059633.816026926,13.955000,2010,101,0.055000
1609059633.840356350,13.272000,2001,101,0.024000
1609059633.840611696,10.638000,2011,102,0.268000
1609059633.866036892,28.415001,2010,100,0.055000
1609059633.890291452,29.101000,2001,100,0.055000
1609059633.890999317,13.812000,2011,101,0.055000
1609059633.915289402,13.030000,2000,101,0.024000
1609059633.916072845,10.452000,2010,102,0.055000
1609059633.940404892,10.740000,2001,102,0.055000
1609059633.990281820,28.962999,2000,100,0.055000
1609059633.990999460,13.956000,2010,101,0.055000
1609059634.015332460,13.265000,2001,101,0.055000
1609059634.015602827,10.610000,2011,102,0.268000
1609059634.041040421,28.451000,2010,100,0.055000
1609059634.065322161,29.136000,2001,100,0.055000
1609059634.066031456,13.815000,2011,101,0.055000
1609059634.090300322,13.028000,2000,101,0.055000
1609059634.091088057,10.484000,2010,102,0.055000
1609059634.115586281,10.640000,2001,102,0.055000
1609059634.116084576,28.264999,2011,100,0.268000
1609059634.165273428,28.966000,2000,100,0.055000
1609059634.166076899,13.987000,2010,101,0.055000
1609059634.190289259,13.314000,2001,101,0.055000
1609059634.190570593,10.618000,2011,102,0.268000
1609059634.216039896,28.452000,2010,100,0.055000
1609059634.240336657,29.138000,2001,100,0.055000
1609059634.241027117,13.812000,2011,101,0.055000
1609059634.265305996,13.073000,2000,101,0.055000
1609059634.266188622,10.479000,2010,102,0.055000
1609059634.290402174,10.747000,2001,102,0.055000
1609059634.291058064,28.334000,2011,100,0.268000
1609059634.340332508,28.962999,2000,100,0.055000
1609059634.341057062,13.965000,2010,101,0.055000
1609059634.365293264,13.270000,2001,101,0.055000
1609059634.365638971,10.598000,2011,102,0.268000
1609059634.390329599,10.651000,2000,102,0.268000
1609059634.391034842,28.455000,2010,100,0.055000
1609059634.415322065,29.098000,2001,100,0.024000
1609059634.416010141,13.818000,2011,101,0.055000
1609059634.440295935,13.071000,2000,101,0.055000
1609059634.441091299,10.483000,2010,102,0.024000
1609059634.465379238,10.747000,2001,102,0.055000
1609059634.466460943,28.343000,2011,100,0.268000
1609059634.515277147,28.969999,2000,100,0.055000
1609059634.516001225,13.956000,2010,101,0.055000
1609059634.540266991,13.312000,2001,101,0.055000
1609059634.540606499,10.667000,2011,102,0.268000
1609059634.565246582,11.152000,2000,102,0.268000
1609059634.566079855,28.409000,2010,100,0.055000
1609059634.590277672,29.106001,2001,100,0.055000
1609059634.615273476,13.035000,2000,101,0.055000
1609059634.616060495,10.488000,2010,102,0.024000
1609059634.640388966,10.748000,2001,102,0.055000
1609059634.641105652,28.844000,2011,100,0.055000
1609059634.690274715,28.966999,2000,100,0.055000
1609059634.691022396,13.961000,2010,101,0.024000
1609059634.715309381,13.272000,2001,101,0.055000
1609059634.715578556,10.633000,2011,102,0.268000
1609059634.741055727,28.451000,2010,100,0.055000
1609059634.765275478,29.135000,2001,100,0.024000
1609059634.790298223,13.070000,2000,101,0.055000
1609059634.791087151,10.441000,2010,102,0.055000
1609059634.815052032,10.634000,2001,102,0.024000
1609059634.816075087,28.379000,2011,100,0.268000
1609059634.866125107,13.954000,2010,101,0.055000
1609059634.866461754,28.966999,2000,100,0.024000
1609059634.890281200,13.310000,2001,101,0.024000
1609059634.890608788,10.634000,2011,102,0.268000
1609059634.916016817,28.412001,2010,100,0.055000
1609059634.940295219,29.107000,2001,100,0.055000
1609059634.965293646,13.027000,2000,101,0.055000
1609059634.966106892,10.480000,2010,102,0.055000
1609059634.990045309,10.667000,2001,102,0.055000
1609059634.991025925,28.351000,2011,100,0.056000
1609059635.040279627,28.966999,2000,100,0.055000
1609059635.040982246,13.961000,2010,101,0.055000
1609059635.065271854,13.311000,2001,101,0.055000
1609059635.065575600,10.632000,2011,102,0.268000
1609059635.090255022,10.640000,2000,102,0.268000
1609059635.091036320,28.452000,2010,100,0.055000
1609059635.115289211,29.136999,2001,100,0.024000
1609059635.140339851,13.101000,2000,101,0.055000
1609059635.141131163,10.449000,2010,102,0.055000
1609059635.165320158,10.748000,2001,102,0.055000
1609059635.166100502,28.322001,2011,100,0.268000
1609059635.215284586,28.761000,2000,100,0.268000
1609059635.215990305,13.985000,2010,101,0.055000
1609059635.240307093,13.270000,2001,101,0.055000
1609059635.240544319,10.622000,2011,102,0.268000
1609059635.265286922,10.242000,2000,102,0.268000
1609059635.266046524,28.417000,2010,100,0.055000
1609059635.290274382,29.099001,2001,100,0.055000
1609059635.315326691,13.005000,2000,101,0.055000
1609059635.316073179,10.478000,2010,102,0.055000
1609059635.341096401,28.318001,2011,100,0.268000
1609059635.390241385,28.966999,2000,100,0.055000
1609059635.390978575,13.956000,2010,101,0.055000
1609059635.415265083,13.304000,2001,101,0.024000
1609059635.415561199,10.607000,2011,102,0.268000
1609059635.441083193,28.450001,2010,100,0.055000
1609059635.465286493,29.101000,2001,100,0.055000
1609059635.465991497,13.801000,2011,101,0.055000
1609059635.490278482,13.073000,2000,101,0.055000
1609059635.491041422,10.475000,2010,102,0.055000
1609059635.515369177,10.742000,2001,102,0.055000
1609059635.516022682,28.080000,2011,100,0.268000
1609059635.565220356,28.962999,2000,100,0.024000
1609059635.566023588,13.988000,2010,101,0.055000
1609059635.590294361,13.274000,2001,101,0.024000
1609059635.590539932,10.634000,2011,102,0.268000
1609059635.615263462,10.665000,2000,102,0.268000
1609059635.616026640,28.451000,2010,100,0.055000
1609059635.640278816,29.104000,2001,100,0.055000
1609059635.665249586,13.003000,2000,101,0.055000
1609059635.666061401,10.476000,2010,102,0.055000
1609059635.690374613,10.747000,2001,102,0.055000
1609059635.691070795,28.395000,2011,100,0.055000
1609059635.740290642,28.962999,2000,100,0.055000
1609059635.740984201,13.983000,2010,101,0.055000
1609059635.765326738,13.307000,2001,101,0.055000
1609059635.765563250,10.612000,2011,102,0.268000
1609059635.790967464,28.445000,2010,100,0.055000
1609059635.815255880,29.101000,2001,100,0.055000
1609059635.815998077,13.808000,2011,101,0.055000
1609059635.840306759,13.038000,2000,101,0.055000
1609059635.841056585,10.477000,2010,102,0.055000
1609059635.865324736,10.743000,2001,102,0.055000
1609059635.865972996,28.020000,2011,100,0.268000
1609059635.915266991,28.968000,2000,100,0.024000
1609059635.915962219,13.956000,2010,101,0.055000
1609059635.940313101,13.276000,2001,101,0.055000
1609059635.940647840,10.629000,2011,102,0.268000
1609059635.966037989,28.448999,2010,100,0.055000
1609059635.990280390,29.099001,2001,100,0.024000
1609059636.015268803,13.099000,2000,101,0.055000
1609059636.016054630,10.483000,2010,102,0.055000
1609059636.040042400,10.672000,2001,102,0.055000
1609059636.041098595,28.287001,2011,100,0.268000
1609059636.090237379,28.973000,2000,100,0.055000
1609059636.091078043,13.923000,2010,101,0.055000
1609059636.115227699,13.302000,2001,101,0.055000
1609059636.115542173,10.612000,2011,102,0.268000
1609059636.140965939,28.452000,2010,100,0.024000
1609059636.165294170,29.132999,2001,100,0.024000
1609059636.166005850,13.837000,2011,101,0.055000
1609059636.190274239,13.069000,2000,101,0.055000
1609059636.191084385,10.480000,2010,102,0.055000
1609059636.215106249,10.669000,2001,102,0.055000
1609059636.216021538,28.806000,2011,100,0.055000
1609059636.265252352,28.969999,2000,100,0.055000
1609059636.266036272,13.951000,2010,101,0.055000
1609059636.290252447,13.308000,2001,101,0.055000
1609059636.290501356,10.606000,2011,102,0.268000
1609059636.315282822,10.364000,2000,102,0.268000
1609059636.315971851,28.452000,2010,100,0.055000
1609059636.340357780,29.101999,2001,100,0.055000
1609059636.340980291,13.810000,2011,101,0.055000
1609059636.365247250,13.027000,2000,101,0.055000
1609059636.366082430,10.482000,2010,102,0.055000
1609059636.390301704,10.743000,2001,102,0.055000
1609059636.391065598,28.225000,2011,100,0.268000
1609059636.440282583,28.965000,2000,100,0.055000
1609059636.440972805,13.957000,2010,101,0.055000
1609059636.465249538,13.303000,2001,101,0.055000
1609059636.465528488,10.664000,2011,102,0.268000
1609059636.490220547,10.453000,2000,102,0.268000
1609059636.490984678,28.445999,2010,100,0.055000
1609059636.515256882,29.138000,2001,100,0.024000
1609059636.541066885,10.481000,2010,102,0.055000
1609059636.541297674,13.101000,2000,101,0.055000
1609059636.565317154,10.749000,2001,102,0.055000
1609059636.566047192,28.357000,2011,100,0.268000
1609059636.615245104,28.965000,2000,100,0.055000
1609059636.616020679,13.983000,2010,101,0.055000
1609059636.640258074,13.306000,2001,101,0.055000
1609059636.641204834,10.606000,2011,102,0.268000
1609059636.665254593,10.620000,2000,102,0.268000
1609059636.665950775,28.452999,2010,100,0.055000
1609059636.690289736,29.101999,2001,100,0.055000
1609059636.715245724,13.067000,2000,101,0.055000
1609059636.716019630,10.442000,2010,102,0.055000
1609059636.739984512,10.634000,2001,102,0.055000
1609059636.741032600,28.844000,2011,100,0.055000
1609059636.790252686,28.962999,2000,100,0.055000
1609059636.790988684,13.983000,2010,101,0.055000
1609059636.815278292,13.269000,2001,101,0.024000
1609059636.815530300,10.628000,2011,102,0.268000
1609059636.840248823,10.515000,2000,102,0.268000
1609059636.841044426,28.444000,2010,100,0.055000
1609059636.865225077,29.138000,2001,100,0.055000
1609059636.890323400,13.034000,2000,101,0.055000
1609059636.891010523,10.442000,2010,102,0.024000
1609059636.915302992,10.748000,2001,102,0.055000
1609059636.915951014,28.804001,2011,100,0.055000
1609059636.965184927,28.966000,2000,100,0.024000
1609059636.965982199,13.954000,2010,101,0.024000
1609059636.990272284,13.271000,2001,101,0.055000
1609059636.990512609,10.645000,2011,102,0.268000
1609059637.015257120,10.711000,2000,102,0.268000
1609059637.016037703,28.454000,2010,100,0.055000
1609059637.040236235,29.066999,2001,100,0.055000
1609059637.065246820,13.098000,2000,101,0.055000
1609059637.065992355,10.438000,2010,102,0.055000
1609059637.090315104,10.745000,2001,102,0.055000
1609059637.090970039,28.305000,2011,100,0.268000
1609059637.140216827,28.966000,2000,100,0.024000
1609059637.141142607,13.988000,2010,101,0.055000
1609059637.165234089,13.268000,2001,101,0.024000
1609059637.165562153,10.617000,2011,102,0.268000
1609059637.190992355,28.410999,2010,100,0.024000
1609059637.215263128,29.138000,2001,100,0.055000
1609059637.240218163,13.069000,2000,101,0.055000
1609059637.241056442,10.445000,2010,102,0.055000
1609059637.264986038,10.634000,2001,102,0.055000
1609059637.266133308,28.843000,2011,100,0.055000
1609059637.315190315,28.965000,2000,100,0.055000
1609059637.315960407,13.987000,2010,101,0.055000
1609059637.340255737,13.270000,2001,101,0.024000
1609059637.340500116,10.650000,2011,102,0.268000
1609059637.365995884,28.452999,2010,100,0.055000
1609059637.390222788,29.131001,2001,100,0.055000
1609059637.390950918,13.779000,2011,101,0.055000
1609059637.415307522,13.072000,2000,101,0.055000
1609059637.416048527,10.480000,2010,102,0.024000
1609059637.440304995,10.742000,2001,102,0.055000
1609059637.441004038,28.847000,2011,100,0.055000
1609059637.491001129,13.991000,2010,101,0.055000
1609059637.515206099,13.309000,2001,101,0.055000
1609059637.515509129,10.644000,2011,102,0.268000
1609059637.540947676,28.452000,2010,100,0.055000
1609059637.565242290,29.106001,2001,100,0.055000
1609059637.590202570,13.000000,2000,101,0.055000
1609059637.590995550,10.438000,2010,102,0.024000
1609059637.615337372,10.746000,2001,102,0.055000
1609059637.616000175,28.289000,2011,100,0.268000
1609059637.665239811,28.966000,2000,100,0.024000
1609059637.665973186,13.988000,2010,101,0.055000
1609059637.690220118,13.306000,2001,101,0.055000
1609059637.690484524,10.634000,2011,102,0.268000
1609059637.715238810,11.155000,2000,102,0.268000
1609059637.715930223,28.448000,2010,100,0.055000
1609059637.740295887,29.101000,2001,100,0.055000
1609059637.765273571,13.068000,2000,101,0.055000
1609059637.766075134,10.483000,2010,102,0.055000
1609059637.790247917,10.744000,2001,102,0.055000
1609059637.790929556,28.261999,2011,100,0.268000
1609059637.840234756,28.920000,2000,100,0.055000
1609059637.840952873,13.990000,2010,101,0.055000
1609059637.865298748,13.304000,2001,101,0.055000
1609059637.865493059,10.630000,2011,102,0.268000
1609059637.890938997,28.415001,2010,100,0.055000
1609059637.915231943,29.136999,2001,100,0.024000
1609059637.940215111,13.070000,2000,101,0.055000
1609059637.941009045,10.477000,2010,102,0.055000
1609059637.965296984,10.744000,2001,102,0.055000
1609059637.965976954,28.427999,2011,100,0.055000
1609059638.015259504,28.966000,2000,100,0.055000
1609059638.015938520,13.987000,2010,101,0.055000
1609059638.040241480,13.309000,2001,101,0.024000
1609059638.040514946,10.677000,2011,102,0.268000
1609059638.065243721,10.647000,2000,102,0.268000
1609059638.066002846,28.444000,2010,100,0.055000
1609059638.090190411,29.132999,2001,100,0.024000
1609059638.115228415,13.068000,2000,101,0.055000
1609059638.115995169,10.442000,2010,102,0.055000
1609059638.140291929,10.739000,2001,102,0.055000
1609059638.141084671,28.285999,2011,100,0.268000
1609059638.190189123,28.968000,2000,100,0.055000
1609059638.190948963,13.988000,2010,101,0.055000
1609059638.215247154,13.309000,2001,101,0.024000
1609059638.215471745,10.552000,2011,102,0.268000
1609059638.240258932,10.461000,2000,102,0.268000
1609059638.241000652,28.451000,2010,100,0.055000
1609059638.265234947,29.099001,2001,100,0.055000
1609059638.290202618,12.999000,2000,101,0.055000
1609059638.290927887,10.440000,2010,102,0.024000
1609059638.315292358,10.745000,2001,102,0.055000
1609059638.315978050,28.271999,2011,100,0.268000
1609059638.365228653,28.966000,2000,100,0.055000
1609059638.365965843,13.958000,2010,101,0.055000
1609059638.390254498,13.269000,2001,101,0.055000
1609059638.390493870,10.628000,2011,102,0.268000
1609059638.415174007,10.696000,2000,102,0.268000
1609059638.415987015,28.454000,2010,100,0.055000
1609059638.440226316,29.103001,2001,100,0.024000
1609059638.440953255,13.839000,2011,101,0.055000
1609059638.465224028,13.073000,2000,101,0.055000
1609059638.466026306,10.477000,2010,102,0.055000
1609059638.489989996,10.634000,2001,102,0.055000
1609059638.490926027,28.281000,2011,100,0.268000
1609059638.540206432,28.969000,2000,100,0.024000
1609059638.541018248,13.986000,2010,101,0.055000
1609059638.565229416,13.276000,2001,101,0.055000
1609059638.565583706,10.673000,2011,102,0.268000
1609059638.590216160,10.633000,2000,102,0.268000
1609059638.590988636,28.448000,2010,100,0.055000
1609059638.615196705,29.132999,2001,100,0.024000
1609059638.640175819,13.030000,2000,101,0.055000
1609059638.640954733,10.442000,2010,102,0.055000
1609059638.665238380,10.743000,2001,102,0.055000
1609059638.665945768,28.283001,2011,100,0.268000
1609059638.715187550,28.969999,2000,100,0.024000
1609059638.715965748,13.990000,2010,101,0.055000
1609059638.740246058,13.272000,2001,101,0.024000
1609059638.740625143,10.654000,2011,102,0.268000
1609059638.765230417,10.697000,2000,102,0.268000
1609059638.766004562,28.452999,2010,100,0.055000
1609059638.790268898,29.136999,2001,100,0.055000
1609059638.815232992,13.104000,2000,101,0.024000
1609059638.816012144,10.479000,2010,102,0.055000
1609059638.840248585,10.743000,2001,102,0.055000
1609059638.841015100,28.386999,2011,100,0.056000
1609059638.890190125,28.972000,2000,100,0.055000
1609059638.890933275,13.956000,2010,101,0.055000
1609059638.915259838,13.306000,2001,101,0.024000
1609059638.915526867,10.612000,2011,102,0.268000
1609059638.940974712,28.452999,2010,100,0.055000
1609059638.965210438,29.136999,2001,100,0.055000
1609059638.990202904,13.033000,2000,101,0.055000
1609059638.990973234,10.445000,2010,102,0.055000
1609059639.015231609,10.743000,2001,102,0.055000
1609059639.015954256,28.224001,2011,100,0.268000
1609059639.065186262,28.962000,2000,100,0.055000
1609059639.065918922,13.951000,2010,101,0.055000
1609059639.090213537,13.307000,2001,101,0.024000
1609059639.090595007,10.673000,2011,102,0.268000
1609059639.115191460,11.139000,2000,102,0.268000
1609059639.116184711,28.447001,2010,100,0.055000
1609059639.140232086,29.139000,2001,100,0.055000
1609059639.165212393,13.037000,2000,101,0.055000
1609059639.166052103,10.478000,2010,102,0.055000
1609059639.189951658,10.669000,2001,102,0.055000
1609059639.191185951,28.396000,2011,100,0.268000
1609059639.240151167,28.966000,2000,100,0.055000
1609059639.241034508,13.994000,2010,101,0.055000
1609059639.265229225,13.270000,2001,101,0.024000
1609059639.265511513,10.630000,2011,102,0.268000
1609059639.290923357,28.406000,2010,100,0.055000
1609059639.315193176,29.138000,2001,100,0.055000
1609059639.315896749,13.811000,2011,101,0.055000
1609059639.340217829,13.070000,2000,101,0.055000
1609059639.341018200,10.396000,2010,102,0.055000
1609059639.365284920,10.747000,2001,102,0.055000
1609059639.366007566,28.077999,2011,100,0.268000
1609059639.415150881,28.931000,2000,100,0.055000
1609059639.415904760,13.986000,2010,101,0.024000
1609059639.440201283,13.268000,2001,101,0.055000
1609059639.440544367,10.631000,2011,102,0.268000
1609059639.465188026,10.697000,2000,102,0.268000
1609059639.465951443,28.455999,2010,100,0.055000
1609059639.490186691,29.101999,2001,100,0.055000
1609059639.515160561,13.074000,2000,101,0.055000
1609059639.515974522,10.402000,2010,102,0.055000
1609059639.540229082,10.741000,2001,102,0.055000
1609059639.541077375,28.289000,2011,100,0.268000
1609059639.590179682,28.964001,2000,100,0.055000
1609059639.590903282,13.984000,2010,101,0.055000
1609059639.615491152,10.680000,2011,102,0.268000
1609059639.640889168,28.447001,2010,100,0.055000
1609059639.665242910,29.136999,2001,100,0.024000
1609059639.690156460,13.072000,2000,101,0.024000
1609059639.691032887,10.484000,2010,102,0.024000
1609059639.714968204,10.667000,2001,102,0.055000
1609059639.715945244,28.551001,2011,100,0.055000
1609059639.765188456,28.966999,2000,100,0.055000
1609059639.765980959,13.983000,2010,101,0.055000
1609059639.790172815,13.310000,2001,101,0.055000
1609059639.790442944,10.673000,2011,102,0.268000
1609059639.815906525,28.416000,2010,100,0.024000
1609059639.840206861,29.132000,2001,100,0.024000
1609059639.840951681,13.782000,2011,101,0.055000
1609059639.865197659,13.100000,2000,101,0.024000
1609059639.865930319,10.441000,2010,102,0.055000
1609059639.890305281,10.743000,2001,102,0.055000
1609059639.890942574,28.292999,2011,100,0.268000
1609059639.940145016,28.966999,2000,100,0.055000
1609059639.940953970,13.988000,2010,101,0.055000
1609059639.965200186,13.311000,2001,101,0.055000
1609059639.965497732,10.646000,2011,102,0.268000
1609059639.990883112,28.445000,2010,100,0.055000
1609059640.015198946,29.108000,2001,100,0.055000
1609059640.015897751,13.775000,2011,101,0.055000
1609059640.040202856,13.031000,2000,101,0.055000
1609059640.041013002,10.471000,2010,102,0.055000
1609059640.065029383,10.632000,2001,102,0.055000
1609059640.065997601,28.313999,2011,100,0.268000
1609059640.115134001,28.965000,2000,100,0.055000
1609059640.115926266,13.986000,2010,101,0.055000
1609059640.140233040,13.269000,2001,101,0.024000
1609059640.140467882,10.669000,2011,102,0.268000
1609059640.165990114,28.454000,2010,100,0.055000
1609059640.190139055,29.136999,2001,100,0.024000
1609059640.215224504,13.066000,2000,101,0.055000
1609059640.215934515,10.442000,2010,102,0.024000
1609059640.240259647,10.739000,2001,102,0.055000
1609059640.240957737,28.356001,2011,100,0.268000
1609059640.290224791,28.962999,2000,100,0.024000
1609059640.290868521,13.957000,2010,101,0.055000
1609059640.315188408,13.306000,2001,101,0.024000
1609059640.315455675,10.617000,2011,102,0.268000
1609059640.340890646,28.452999,2010,100,0.055000
1609059640.365164280,29.136999,2001,100,0.055000
1609059640.390167952,13.033000,2000,101,0.024000
1609059640.390962601,10.482000,2010,102,0.055000
1609059640.415275335,10.740000,2001,102,0.055000
1609059640.415919304,28.292999,2011,100,0.268000
1609059640.465178013,29.007999,2000,100,0.055000
1609059640.465941191,13.995000,2010,101,0.055000
1609059640.490141630,13.309000,2001,101,0.055000
1609059640.490453482,10.662000,2011,102,0.268000
1609059640.515928507,28.410999,2010,100,0.055000
1609059640.540261030,29.136000,2001,100,0.024000
1609059640.540891171,13.774000,2011,101,0.055000
1609059640.565195084,13.005000,2000,101,0.055000
1609059640.566009045,10.444000,2010,102,0.024000
1609059640.589956284,10.671000,2001,102,0.055000
1609059640.590999365,28.375999,2011,100,0.268000
1609059640.640182734,28.874001,2000,100,0.055000
1609059640.640923500,13.989000,2010,101,0.055000
1609059640.665176630,13.304000,2001,101,0.024000
1609059640.665432215,10.642000,2011,102,0.268000
1609059640.690879345,28.448000,2010,100,0.055000
1609059640.715135813,29.101000,2001,100,0.055000
1609059640.740231037,13.101000,2000,101,0.024000
1609059640.740960121,10.398000,2010,102,0.024000
1609059640.765250921,10.745000,2001,102,0.055000
1609059640.766069889,28.191999,2011,100,0.268000
1609059640.815110445,28.966000,2000,100,0.055000
1609059640.815861940,13.986000,2010,101,0.055000
1609059640.840171337,13.274000,2001,101,0.024000
1609059640.840475321,10.636000,2011,102,0.268000
1609059640.865907431,28.443001,2010,100,0.055000
1609059640.890135765,29.136999,2001,100,0.055000
1609059640.915184975,12.992000,2000,101,0.055000
1609059640.915941477,10.445000,2010,102,0.055000
1609059640.940283060,10.741000,2001,102,0.055000
1609059640.941011906,28.326000,2011,100,0.268000
1609059640.990189791,28.966999,2000,100,0.055000
1609059640.990901709,13.989000,2010,101,0.055000
1609059641.015202522,13.306000,2001,101,0.024000
1609059641.015509605,10.695000,2011,102,0.268000
1609059641.040139437,11.136000,2000,102,0.268000
1609059641.040858269,28.451000,2010,100,0.024000
1609059641.065172195,29.132999,2001,100,0.024000
1609059641.090219021,13.103000,2000,101,0.024000
1609059641.090945959,10.478000,2010,102,0.055000
1609059641.115448713,10.743000,2001,102,0.055000
1609059641.115951538,28.218000,2011,100,0.268000
1609059641.165127754,28.966999,2000,100,0.055000
1609059641.165930271,13.990000,2010,101,0.055000
1609059641.190149069,13.302000,2001,101,0.024000
1609059641.190471649,10.658000,2011,102,0.268000
1609059641.215929270,28.410000,2010,100,0.024000
1609059641.240112543,29.143999,2001,100,0.024000
1609059641.241101742,13.814000,2011,101,0.024000
1609059641.265145540,13.070000,2000,101,0.055000
1609059641.266022921,10.479000,2010,102,0.055000
1609059641.290210724,10.744000,2001,102,0.055000
1609059641.290946007,28.848000,2011,100,0.055000
1609059641.340113401,28.962000,2000,100,0.024000
1609059641.340887547,13.985000,2010,101,0.055000
1609059641.365195751,13.305000,2001,101,0.024000
1609059641.365479708,10.632000,2011,102,0.268000
1609059641.390176535,10.689000,2000,102,0.268000
1609059641.390880823,28.444000,2010,100,0.055000
1609059641.415182829,29.138000,2001,100,0.024000
1609059641.415894985,13.817000,2011,101,0.055000
1609059641.440198660,13.102000,2000,101,0.024000
1609059641.440932989,10.441000,2010,102,0.024000
1609059641.464950085,10.673000,2001,102,0.055000
1609059641.465963364,28.195999,2011,100,0.268000
1609059641.515120745,28.965000,2000,100,0.024000
1609059641.515865088,13.960000,2010,101,0.055000
1609059641.540278196,13.304000,2001,101,0.024000
1609059641.540525913,10.653000,2011,102,0.268000
1609059641.565908194,28.455999,2010,100,0.055000
1609059641.590140104,29.132000,2001,100,0.055000
1609059641.615122080,13.041000,2000,101,0.055000
1609059641.615992785,10.481000,2010,102,0.055000
1609059641.640233517,10.740000,2001,102,0.055000
1609059641.640991211,28.840000,2011,100,0.055000
1609059641.690117121,28.962999,2000,100,0.055000
1609059641.690902710,13.990000,2010,101,0.055000
1609059641.715175867,13.268000,2001,101,0.024000
1609059641.715445518,10.620000,2011,102,0.268000
1609059641.740137577,10.365000,2000,102,0.268000
1609059641.740882397,28.445999,2010,100,0.055000
1609059641.765137434,29.097000,2001,100,0.055000
1609059641.790154219,13.035000,2000,101,0.055000
1609059641.790890217,10.437000,2010,102,0.055000
1609059641.815259933,10.743000,2001,102,0.055000
1609059641.815874577,28.114000,2011,100,0.268000
1609059641.865097284,28.966999,2000,100,0.055000
1609059641.865840197,13.961000,2010,101,0.055000
1609059641.890137672,13.305000,2001,101,0.055000
1609059641.890421391,10.620000,2011,102,0.268000
1609059641.915143013,10.678000,2000,102,0.268000
1609059641.915908575,28.413000,2010,100,0.024000
1609059641.940148592,29.141001,2001,100,0.024000
1609059641.965170383,13.071000,2000,101,0.055000
1609059641.965951443,10.478000,2010,102,0.055000
1609059641.990219593,10.744000,2001,102,0.055000
1609059641.990944386,28.847000,2011,100,0.055000
1609059642.040105343,28.964001,2000,100,0.055000
1609059642.040816307,13.987000,2010,101,0.055000
1609059642.065119028,13.266000,2001,101,0.055000
1609059642.066036701,10.641000,2011,102,0.268000
1609059642.090902328,28.454000,2010,100,0.055000
1609059642.115137815,29.099001,2001,100,0.055000
1609059642.140194416,13.069000,2000,101,0.055000
1609059642.140941381,10.437000,2010,102,0.024000
1609059642.165218830,10.747000,2001,102,0.055000
1609059642.165901899,28.340000,2011,100,0.268000
1609059642.215162277,28.962999,2000,100,0.055000
1609059642.215818644,13.954000,2010,101,0.055000
1609059642.240179777,13.301000,2001,101,0.055000
1609059642.240407705,10.658000,2011,102,0.268000
1609059642.265099764,10.710000,2000,102,0.268000
1609059642.265937090,28.413000,2010,100,0.055000
1609059642.290135145,29.105000,2001,100,0.055000
1609059642.315175533,13.073000,2000,101,0.055000
1609059642.315924883,10.445000,2010,102,0.024000
1609059642.340244770,10.740000,2001,102,0.055000
1609059642.340881109,28.287001,2011,100,0.268000
1609059642.390109539,28.966999,2000,100,0.055000
1609059642.390859365,13.988000,2010,101,0.024000
1609059642.415133953,13.301000,2001,101,0.024000
1609059642.415391922,10.646000,2011,102,0.268000
1609059642.440873623,28.443001,2010,100,0.055000
1609059642.465135098,29.106001,2001,100,0.055000
1609059642.465848923,13.808000,2011,101,0.055000
1609059642.490151167,12.965000,2000,101,0.055000
1609059642.490945101,10.443000,2010,102,0.055000
1609059642.515213251,10.744000,2001,102,0.055000
1609059642.515905857,28.392000,2011,100,0.055000
1609059642.565155983,28.969000,2000,100,0.055000
1609059642.565916300,13.987000,2010,101,0.055000
1609059642.590179682,13.272000,2001,101,0.055000
1609059642.590405941,10.621000,2011,102,0.268000
1609059642.615099669,10.569000,2000,102,0.268000
1609059642.615838289,28.452000,2010,100,0.055000
1609059642.640130758,29.139000,2001,100,0.055000
1609059642.665189266,13.033000,2000,101,0.055000
1609059642.665908098,10.480000,2010,102,0.024000
1609059642.690170288,10.747000,2001,102,0.055000
1609059642.690902472,28.475000,2011,100,0.056000
1609059642.740169525,28.966000,2000,100,0.055000
1609059642.740949154,13.992000,2010,101,0.055000
1609059642.765138865,13.305000,2001,101,0.024000
1609059642.765443087,10.640000,2011,102,0.268000
1609059642.790831089,28.413000,2010,100,0.024000
1609059642.815128565,29.101000,2001,100,0.055000
1609059642.840178967,13.034000,2000,101,0.055000
1609059642.840960503,10.400000,2010,102,0.055000
1609059642.865101576,10.668000,2001,102,0.055000
1609059642.865964413,28.347000,2011,100,0.268000
1609059642.915163517,28.959000,2000,100,0.055000
1609059642.916029453,13.956000,2010,101,0.055000
1609059642.940135717,13.270000,2001,101,0.024000
1609059642.940376759,10.642000,2011,102,0.268000
1609059642.965909958,28.440001,2010,100,0.055000
1609059642.990075827,29.134001,2001,100,0.055000
1609059642.990821838,13.839000,2011,101,0.055000
1609059643.015142202,13.073000,2000,101,0.055000
1609059643.015908241,10.480000,2010,102,0.055000
1609059643.040210247,10.743000,2001,102,0.055000
1609059643.040861607,28.305000,2011,100,0.268000
1609059643.090155840,28.966999,2000,100,0.024000
1609059643.090842009,13.988000,2010,101,0.055000
1609059643.115107059,13.265000,2001,101,0.024000
1609059643.115393639,10.584000,2011,102,0.268000
1609059643.141270876,28.410000,2010,100,0.055000
1609059643.165108919,29.107000,2001,100,0.055000
1609059643.190123558,13.037000,2000,101,0.055000
1609059643.190891266,10.481000,2010,102,0.055000
1609059643.215915680,28.844000,2011,100,0.055000
1609059643.265117407,28.974001,2000,100,0.055000
1609059643.265955925,13.955000,2010,101,0.055000
1609059643.290179253,13.305000,2001,101,0.024000
1609059643.290423155,10.622000,2011,102,0.268000
1609059643.315834522,28.448999,2010,100,0.055000
1609059643.340114355,29.141001,2001,100,0.055000
1609059643.340864420,13.812000,2011,101,0.055000
1609059643.365108728,13.033000,2000,101,0.055000
1609059643.365960836,10.404000,2010,102,0.055000
1609059643.390203238,10.739000,2001,102,0.055000
1609059643.390892506,28.219000,2011,100,0.268000
1609059643.440138102,28.974001,2000,100,0.055000
1609059643.440850019,13.984000,2010,101,0.055000
1609059643.465156078,13.305000,2001,101,0.024000
1609059643.465377331,10.628000,2011,102,0.268000
1609059643.490846634,28.452000,2010,100,0.055000
1609059643.515147924,29.100000,2001,100,0.055000
1609059643.540176153,13.069000,2000,101,0.055000
1609059643.540903091,10.483000,2010,102,0.024000
1609059643.565160036,10.740000,2001,102,0.055000
1609059643.565939188,28.160000,2011,100,0.268000
1609059643.615090609,28.962999,2000,100,0.055000
1609059643.615787268,13.983000,2010,101,0.055000
1609059643.640145779,13.274000,2001,101,0.024000
1609059643.640434027,10.641000,2011,102,0.268000
1609059643.665122032,10.659000,2000,102,0.268000
1609059643.665858030,28.454000,2010,100,0.055000
1609059643.690112829,29.097000,2001,100,0.024000
1609059643.715163946,13.038000,2000,101,0.055000
1609059643.715912580,10.397000,2010,102,0.055000
1609059643.739908934,10.669000,2001,102,0.055000
1609059643.740942955,28.153000,2011,100,0.268000
1609059643.790106058,28.962999,2000,100,0.055000
1609059643.790807486,13.982000,2010,101,0.055000
1609059643.815081120,13.310000,2001,101,0.024000
1609059643.815435886,10.569000,2011,102,0.268000
1609059643.840782166,28.443001,2010,100,0.055000
1609059643.865085125,29.101000,2001,100,0.055000
1609059643.890121460,13.038000,2000,101,0.055000
1609059643.890883684,10.480000,2010,102,0.024000
1609059643.915155172,10.745000,2001,102,0.055000
1609059643.915910482,28.351000,2011,100,0.268000
1609059643.965121984,28.966999,2000,100,0.024000
1609059643.967103004,13.992000,2010,101,0.055000
1609059643.990128517,13.306000,2001,101,0.024000
1609059643.990615845,10.637000,2011,102,0.268000
1609059644.015797853,28.412001,2010,100,0.055000
1609059644.040166140,29.132999,2001,100,0.024000
1609059644.040826797,13.799000,2011,101,0.055000
1609059644.065142870,13.070000,2000,101,0.055000
1609059644.065894127,10.481000,2010,102,0.055000
1609059644.090832949,28.169001,2011,100,0.268000
1609059644.140060902,28.968000,2000,100,0.055000
1609059644.140784025,13.988000,2010,101,0.024000
1609059644.165154219,13.305000,2001,101,0.024000
1609059644.165410519,10.609000,2011,102,0.268000
1609059644.190107822,10.697000,2000,102,0.268000
1609059644.190932274,28.448000,2010,100,0.055000
1609059644.215104818,29.138000,2001,100,0.055000
1609059644.240107536,13.037000,2000,101,0.055000
1609059644.241215467,10.482000,2010,102,0.055000
1609059644.265146971,10.744000,2001,102,0.055000
1609059644.265943050,28.389000,2011,100,0.056000
1609059644.315086126,28.962999,2000,100,0.024000
1609059644.315876484,13.960000,2010,101,0.055000
1609059644.340158939,13.270000,2001,101,0.055000
1609059644.340412855,10.660000,2011,102,0.268000
1609059644.365887642,28.410999,2010,100,0.055000
1609059644.390096903,29.101000,2001,100,0.055000
1609059644.415132999,13.102000,2000,101,0.024000
1609059644.415896416,10.480000,2010,102,0.055000
1609059644.440202713,10.752000,2001,102,0.055000
1609059644.440949440,28.363001,2011,100,0.056000
1609059644.490165710,28.962999,2000,100,0.024000
1609059644.490819931,13.985000,2010,101,0.055000
1609059644.515149117,13.303000,2001,101,0.024000
1609059644.515384674,10.613000,2011,102,0.268000
1609059644.540864944,28.455000,2010,100,0.055000
1609059644.565055847,29.101999,2001,100,0.024000
1609059644.590094090,13.098000,2000,101,0.024000
1609059644.590878487,10.479000,2010,102,0.024000
1609059644.615165949,10.743000,2001,102,0.055000
1609059644.615843534,28.129999,2011,100,0.268000
1609059644.665064096,28.966000,2000,100,0.024000
1609059644.665833473,13.987000,2010,101,0.055000
1609059644.690137148,13.305000,2001,101,0.024000
1609059644.690354586,10.321000,2011,102,0.268000
1609059644.715852022,28.441999,2010,100,0.055000
1609059644.740132093,29.134001,2001,100,0.055000
1609059644.740852118,13.810000,2011,101,0.055000
1609059644.765127182,13.036000,2000,101,0.055000
1609059644.765934706,10.482000,2010,102,0.055000
1609059644.790873289,28.847000,2011,100,0.055000
1609059644.840145588,28.968000,2000,100,0.055000
1609059644.840781927,13.954000,2010,101,0.055000
1609059644.865323067,13.307000,2001,101,0.055000
1609059644.865575314,10.645000,2011,102,0.268000
1609059644.890127182,10.705000,2000,102,0.268000
1609059644.890846014,28.448999,2010,100,0.055000
1609059644.915097713,29.136999,2001,100,0.024000
1609059644.940124035,13.066000,2000,101,0.055000
1609059644.940881014,10.477000,2010,102,0.024000
1609059644.964890480,10.640000,2001,102,0.055000
1609059644.965876579,28.542000,2011,100,0.056000
1609059645.015058041,28.965000,2000,100,0.055000
1609059645.015791416,13.987000,2010,101,0.055000
1609059645.040063381,13.268000,2001,101,0.055000
1609059645.040353060,10.620000,2011,102,0.268000
1609059645.065899849,28.452999,2010,100,0.055000
1609059645.090054512,29.101999,2001,100,0.055000
1609059645.115090847,13.035000,2000,101,0.055000
1609059645.115833521,10.396000,2010,102,0.055000
1609059645.140208721,10.743000,2001,102,0.055000
1609059645.140851974,28.309999,2011,100,0.268000
1609059645.190093279,28.972000,2000,100,0.055000
1609059645.190829277,13.994000,2010,101,0.055000
1609059645.215072870,13.304000,2001,101,0.024000
1609059645.215345860,10.647000,2011,102,0.268000
1609059645.240831137,28.452000,2010,100,0.055000
1609059645.265103102,29.101999,2001,100,0.055000
1609059645.265880108,13.777000,2011,101,0.024000
1609059645.290153265,13.035000,2000,101,0.055000
1609059645.290921211,10.480000,2010,102,0.055000
1609059645.314911127,10.633000,2001,102,0.055000
1609059645.315860987,28.844000,2011,100,0.055000
1609059645.365105629,28.965000,2000,100,0.055000
1609059645.365847826,13.987000,2010,101,0.055000
1609059645.390105724,13.306000,2001,101,0.024000
1609059645.390403509,10.646000,2011,102,0.268000
1609059645.415146112,10.421000,2000,102,0.268000
1609059645.415834427,28.452000,2010,100,0.055000
1609059645.440144062,29.139000,2001,100,0.024000
1609059645.465100527,13.099000,2000,101,0.024000
1609059645.465897799,10.400000,2010,102,0.055000
1609059645.490149021,10.750000,2001,102,0.055000
1609059645.490922928,28.305000,2011,100,0.268000
1609059645.540051937,28.962000,2000,100,0.055000
1609059645.540856361,13.983000,2010,101,0.055000
1609059645.565051079,13.273000,2001,101,0.055000
1609059645.565362215,10.667000,2011,102,0.268000
1609059645.590093374,11.146000,2000,102,0.055000
1609059645.590804100,28.452000,2010,100,0.055000
1609059645.615057707,29.066999,2001,100,0.024000
1609059645.640116215,13.069000,2000,101,0.055000
1609059645.640869141,10.480000,2010,102,0.024000
1609059645.665136099,10.744000,2001,102,0.055000
1609059645.665802717,28.326000,2011,100,0.268000
1609059645.715070009,28.962999,2000,100,0.055000
1609059645.715796232,13.990000,2010,101,0.055000
1609059645.740079165,13.272000,2001,101,0.055000
1609059645.740310669,10.607000,2011,102,0.268000
1609059645.765081882,10.605000,2000,102,0.268000
1609059645.765828371,28.445000,2010,100,0.055000
1609059645.790079355,29.136999,2001,100,0.055000
1609059645.790795326,13.816000,2011,101,0.055000
1609059645.815122604,13.027000,2000,101,0.055000
1609059645.815884590,10.476000,2010,102,0.055000
1609059645.839837790,10.634000,2001,102,0.055000
1609059645.840885639,28.392000,2011,100,0.268000
1609059645.890047073,28.965000,2000,100,0.055000
1609059645.890788794,13.987000,2010,101,0.024000
1609059645.915097952,13.272000,2001,101,0.055000
1609059645.915369272,10.639000,2011,102,0.268000
1609059645.940804005,28.448000,2010,100,0.055000
1609059645.965100527,29.101999,2001,100,0.055000
1609059645.965820789,13.817000,2011,101,0.024000
1609059645.990085840,13.031000,2000,101,0.055000
1609059645.990832567,10.442000,2010,102,0.024000
1609059646.015168667,10.747000,2001,102,0.055000
1609059646.015881538,28.851000,2011,100,0.055000
1609059646.065052509,28.964001,2000,100,0.055000
1609059646.065770864,13.953000,2010,101,0.055000
1609059646.090082884,13.304000,2001,101,0.024000
1609059646.090356350,10.645000,2011,102,0.268000
1609059646.115085840,11.151000,2000,102,0.268000
1609059646.115815401,28.413000,2010,100,0.055000
1609059646.140122414,29.142000,2001,100,0.055000
1609059646.165077448,13.074000,2000,101,0.055000
1609059646.165850401,10.480000,2010,102,0.055000
1609059646.190100670,10.744000,2001,102,0.055000
1609059646.190876007,28.323999,2011,100,0.268000
1609059646.240119219,28.968000,2000,100,0.055000
1609059646.240822315,13.984000,2010,101,0.055000
1609059646.265040636,13.310000,2001,101,0.024000
1609059646.265390873,10.589000,2011,102,0.268000
1609059646.290782452,28.448000,2010,100,0.055000
1609059646.315049887,29.135000,2001,100,0.055000
1609059646.340042114,13.001000,2000,101,0.055000
1609059646.340858459,10.438000,2010,102,0.055000
1609059646.365697622,10.740000,2001,102,0.055000
1609059646.365941525,28.507000,2011,100,0.056000
1609059646.415029764,28.966000,2000,100,0.055000
1609059646.415827990,13.991000,2010,101,0.055000
1609059646.440043926,13.268000,2001,101,0.055000
1609059646.440316200,10.402000,2011,102,0.268000
1609059646.465772152,28.457001,2010,100,0.055000
1609059646.490071058,29.103001,2001,100,0.055000
1609059646.515078068,13.043000,2000,101,0.055000
1609059646.515853405,10.480000,2010,102,0.024000
1609059646.540121555,10.745000,2001,102,0.055000
1609059646.540824175,28.000999,2011,100,0.268000
1609059646.590064049,28.969000,2000,100,0.024000
1609059646.590767860,13.984000,2010,101,0.055000
1609059646.615139723,13.275000,2001,101,0.055000
1609059646.615375519,10.618000,2011,102,0.268000
1609059646.640038490,11.150000,2000,102,0.268000
1609059646.640784264,28.440001,2010,100,0.055000
1609059646.665132046,29.098000,2001,100,0.055000
1609059646.690084696,13.068000,2000,101,0.055000
1609059646.690809011,10.442000,2010,102,0.055000
1609059646.715804100,28.517000,2011,100,0.055000
1609059646.765109777,28.959999,2000,100,0.055000
1609059646.765872955,13.985000,2010,101,0.055000
1609059646.790102005,13.304000,2001,101,0.055000
1609059646.790406227,10.551000,2011,102,0.268000
1609059646.815769672,28.448000,2010,100,0.024000
1609059646.840071440,29.139000,2001,100,0.024000
1609059646.840802431,13.820000,2011,101,0.055000
1609059646.865083218,13.031000,2000,101,0.055000
1609059646.865883589,10.480000,2010,102,0.055000
1609059646.890155554,10.744000,2001,102,0.055000
1609059646.890853167,28.846001,2011,100,0.055000
1609059646.940060139,28.974001,2000,100,0.055000
1609059646.940756798,13.947000,2010,101,0.055000
1609059646.965083122,13.314000,2001,101,0.024000
1609059646.965364933,10.637000,2011,102,0.268000
1609059646.990793228,28.445000,2010,100,0.055000
1609059647.015059710,29.136000,2001,100,0.055000
1609059647.015802383,13.774000,2011,101,0.055000
1609059647.040162802,13.075000,2000,101,0.055000
1609059647.040802717,10.441000,2010,102,0.055000
1609059647.064843655,10.639000,2001,102,0.055000
1609059647.065851927,28.473000,2011,100,0.056000
1609059647.115003586,28.964001,2000,100,0.055000
1609059647.115760565,13.988000,2010,101,0.055000
1609059647.140153885,13.305000,2001,101,0.024000
1609059647.140378237,10.625000,2011,102,0.268000
1609059647.165806532,28.444000,2010,100,0.024000
1609059647.190021515,29.141001,2001,100,0.055000
1609059647.190784693,13.779000,2011,101,0.055000
1609059647.215101480,13.078000,2000,101,0.055000
1609059647.215795279,10.444000,2010,102,0.055000
1609059647.240113735,10.747000,2001,102,0.055000
1609059647.240760803,28.544001,2011,100,0.056000
1609059647.290752649,13.984000,2010,101,0.055000
1609059647.315013170,13.309000,2001,101,0.024000
1609059647.315306664,10.590000,2011,102,0.268000
1609059647.340792894,28.441999,2010,100,0.055000
1609059647.365017891,29.141001,2001,100,0.024000
1609059647.390044928,13.003000,2000,101,0.055000
1609059647.390805483,10.480000,2010,102,0.055000
1609059647.415086985,10.746000,2001,102,0.055000
1609059647.415856838,28.205999,2011,100,0.268000
1609059647.465024471,28.962999,2000,100,0.055000
1609059647.465769529,13.987000,2010,101,0.055000
1609059647.490037203,13.309000,2001,101,0.024000
1609059647.490379810,10.625000,2011,102,0.268000
1609059647.515841246,28.414000,2010,100,0.024000
1609059647.540062189,29.101999,2001,100,0.024000
1609059647.540863276,13.807000,2011,101,0.024000
1609059647.565058708,13.029000,2000,101,0.024000
1609059647.565907001,10.482000,2010,102,0.055000
1609059647.589812517,10.665000,2001,102,0.055000
1609059647.590837002,28.323999,2011,100,0.268000
1609059647.640037775,28.962999,2000,100,0.024000
1609059647.640786648,13.988000,2010,101,0.055000
1609059647.665043354,13.303000,2001,101,0.024000
1609059647.665349483,10.631000,2011,102,0.268000
1609059647.690057755,10.690000,2000,102,0.268000
1609059647.690780401,28.444000,2010,100,0.055000
1609059647.715043783,29.101999,2001,100,0.024000
1609059647.740077019,13.037000,2000,101,0.055000
1609059647.740856647,10.486000,2010,102,0.055000
1609059647.764817715,10.640000,2001,102,0.055000
1609059647.765850306,28.351999,2011,100,0.268000
1609059647.815015316,28.964001,2000,100,0.024000
1609059647.815911055,13.955000,2010,101,0.055000
1609059647.840067625,13.309000,2001,101,0.055000
1609059647.840268373,10.686000,2011,102,0.268000
1609059647.865046740,11.136000,2000,102,0.268000
1609059647.865815878,28.454000,2010,100,0.055000
1609059647.890076637,29.107000,2001,100,0.055000
1609059647.915035725,13.039000,2000,101,0.055000
1609059647.915771008,10.448000,2010,102,0.055000
1609059647.940069437,10.743000,2001,102,0.055000
1609059647.940838575,28.400000,2011,100,0.056000
1609059647.989995003,28.962999,2000,100,0.055000
1609059647.990754366,13.988000,2010,101,0.055000
1609059648.015057564,13.303000,2001,101,0.024000
1609059648.015300512,10.630000,2011,102,0.268000
1609059648.040091991,11.135000,2000,102,0.268000
1609059648.040799618,28.443001,2010,100,0.055000
1609059648.065029621,29.143000,2001,100,0.055000
1609059648.090035439,13.028000,2000,101,0.055000
1609059648.090785742,10.448000,2010,102,0.055000
1609059648.115078449,10.739000,2001,102,0.055000
1609059648.115765572,28.313999,2011,100,0.268000
1609059648.165055275,28.966999,2000,100,0.055000
1609059648.165814638,14.000000,2010,101,0.055000
1609059648.190032005,13.266000,2001,101,0.024000
1609059648.190366507,10.600000,2011,102,0.268000
1609059648.215826750,28.410999,2010,100,0.055000
1609059648.240076065,29.101000,2001,100,0.055000
1609059648.265059233,13.036000,2000,101,0.055000
1609059648.265838623,10.441000,2010,102,0.055000
1609059648.290068865,10.747000,2001,102,0.055000
1609059648.290734529,28.370001,2011,100,0.268000
1609059648.340049744,28.966999,2000,100,0.055000
1609059648.340741396,13.955000,2010,101,0.055000
1609059648.365060568,13.268000,2001,101,0.024000
1609059648.365370035,10.622000,2011,102,0.268000
1609059648.390775442,28.445999,2010,100,0.055000
1609059648.414995193,29.099001,2001,100,0.055000
1609059648.440114498,13.039000,2000,101,0.055000
1609059648.440784693,10.443000,2010,102,0.024000
1609059648.465112925,10.743000,2001,102,0.024000
1609059648.465823650,28.509001,2011,100,0.056000
1609059648.514994144,28.966000,2000,100,0.055000
1609059648.515720367,13.985000,2010,101,0.055000
1609059648.540035963,13.303000,2001,101,0.024000
1609059648.540297985,10.705000,2011,102,0.268000
1609059648.565043926,11.136000,2000,102,0.268000
1609059648.565791845,28.447001,2010,100,0.055000
1609059648.590033770,29.103001,2001,100,0.055000
1609059648.590824604,13.808000,2011,101,0.055000
1609059648.615028620,13.039000,2000,101,0.055000
1609059648.615846634,10.476000,2010,102,0.055000
1609059648.640184402,10.747000,2001,102,0.024000
1609059648.640757084,28.389999,2011,100,0.268000
1609059648.690022230,28.966000,2000,100,0.024000
1609059648.690777302,13.957000,2010,101,0.055000
1609059648.715030670,13.305000,2001,101,0.055000
1609059648.715493679,10.626000,2011,102,0.268000
1609059648.740824461,28.452999,2010,100,0.055000
1609059648.765025377,29.136000,2001,100,0.024000
1609059648.790001392,13.037000,2000,101,0.055000
1609059648.790784121,10.480000,2010,102,0.055000
1609059648.815067053,10.743000,2001,102,0.055000
1609059648.815743923,28.466000,2011,100,0.055000
1609059648.864970684,28.954000,2000,100,0.055000
1609059648.865759134,13.986000,2010,101,0.055000
1609059648.890004635,13.273000,2001,101,0.024000
1609059648.890277624,10.636000,2011,102,0.268000
1609059648.915756226,28.448000,2010,100,0.055000
1609059648.940028667,29.136000,2001,100,0.055000
1609059648.965014219,13.034000,2000,101,0.055000
1609059648.965833664,10.484000,2010,102,0.055000
1609059648.990082502,10.752000,2001,102,0.055000
1609059648.990738630,28.318001,2011,100,0.268000
1609059649.039981842,28.962999,2000,100,0.024000
1609059649.040723085,13.990000,2010,101,0.055000
1609059649.065012693,13.301000,2001,101,0.024000
1609059649.065299034,10.580000,2011,102,0.268000
1609059649.090745687,28.447001,2010,100,0.055000
1609059649.115000486,29.136999,2001,100,0.055000
1609059649.140002251,13.001000,2000,101,0.055000
1609059649.140773296,10.480000,2010,102,0.055000
1609059649.165049314,10.749000,2001,102,0.055000
1609059649.165821075,28.365000,2011,100,0.268000
1609059649.240010977,13.269000,2001,101,0.055000
1609059649.240251780,10.684000,2011,102,0.268000
1609059649.265788555,28.448999,2010,100,0.055000
1609059649.290009022,29.098000,2001,100,0.055000
1609059649.290773869,13.782000,2011,101,0.055000
1609059649.315005541,13.042000,2000,101,0.055000
1609059649.315830708,10.484000,2010,102,0.055000
1609059649.340086222,10.743000,2001,102,0.055000
1609059649.340782642,28.388000,2011,100,0.056000
1609059649.390037775,28.965000,2000,100,0.055000
1609059649.390855551,13.987000,2010,101,0.055000
1609059649.415019512,13.270000,2001,101,0.055000
1609059649.415263176,10.613000,2011,102,0.268000
1609059649.440028191,10.306000,2000,102,0.268000
1609059649.440734148,28.448000,2010,100,0.055000
1609059649.464991093,29.135000,2001,100,0.024000
1609059649.489987850,13.033000,2000,101,0.055000
1609059649.490804195,10.442000,2010,102,0.055000
1609059649.515038252,10.745000,2001,102,0.055000
1609059649.515782118,28.155001,2011,100,0.268000
1609059649.564993858,28.966000,2000,100,0.055000
1609059649.565820932,13.993000,2010,101,0.055000
1609059649.590003014,13.273000,2001,101,0.055000
1609059649.590250492,10.637000,2011,102,0.268000
1609059649.615707397,28.410999,2010,100,0.024000
1609059649.639990330,29.138000,2001,100,0.024000
1609059649.665011406,13.071000,2000,101,0.055000
1609059649.665738821,10.444000,2010,102,0.055000
1609059649.690094233,10.744000,2001,102,0.055000
1609059649.690838814,28.340000,2011,100,0.268000
1609059649.740000963,28.969999,2000,100,0.055000
1609059649.740741730,13.983000,2010,101,0.055000
1609059649.764999866,13.308000,2001,101,0.024000
1609059649.765291929,10.601000,2011,102,0.268000
1609059649.790726185,28.451000,2010,100,0.055000
1609059649.814990282,29.136999,2001,100,0.024000
1609059649.840025663,13.101000,2000,101,0.024000
1609059649.840791702,10.485000,2010,102,0.055000
1609059649.865060091,10.745000,2001,102,0.055000
1609059649.865762711,28.242001,2011,100,0.268000
1609059649.914964437,28.968000,2000,100,0.055000
1609059649.915748119,13.955000,2010,101,0.055000
1609059649.940006971,13.271000,2001,101,0.055000
1609059649.940270662,10.634000,2011,102,0.268000
1609059649.965746164,28.447001,2010,100,0.055000
1609059649.989981174,29.101000,2001,100,0.055000
1609059650.014979124,13.034000,2000,101,0.055000
1609059650.015769958,10.482000,2010,102,0.024000
1609059650.040101290,10.747000,2001,102,0.055000
1609059650.040822506,28.358000,2011,100,0.268000
1609059650.090008259,28.962000,2000,100,0.055000
1609059650.090736628,13.988000,2010,101,0.055000
1609059650.115021467,13.305000,2001,101,0.024000
1609059650.115380287,10.602000,2011,102,0.268000
1609059650.139979124,10.649000,2000,102,0.268000
1609059650.140719175,28.448999,2010,100,0.055000
1609059650.165013075,29.136999,2001,100,0.055000
1609059650.190031528,13.037000,2000,101,0.055000
1609059650.190778732,10.484000,2010,102,0.055000
1609059650.214843512,10.671000,2001,102,0.055000
1609059650.215720177,28.296000,2011,100,0.268000
1609059650.264984369,28.969000,2000,100,0.055000
1609059650.265793800,13.987000,2010,101,0.055000
1609059650.290004730,13.306000,2001,101,0.024000
1609059650.290449619,10.649000,2011,102,0.268000
1609059650.315008640,11.135000,2000,102,0.268000
1609059650.315779448,28.441999,2010,100,0.055000
1609059650.340054035,29.101999,2001,100,0.055000
1609059650.340754509,13.779000,2011,101,0.055000
1609059650.365013838,12.999000,2000,101,0.055000
1609059650.365762472,10.445000,2010,102,0.055000
1609059650.390039682,10.745000,2001,102,0.055000
1609059650.390980959,28.311001,2011,100,0.056000
1609059650.440078259,28.923000,2000,100,0.055000
1609059650.440752983,13.988000,2010,101,0.055000
1609059650.465091467,13.270000,2001,101,0.055000
1609059650.465610027,10.688000,2011,102,0.268000
1609059650.490748644,28.451000,2010,100,0.055000
1609059650.515011311,29.142000,2001,100,0.055000
1609059650.540010214,13.071000,2000,101,0.055000
1609059650.540788651,10.480000,2010,102,0.055000
1609059650.564744473,10.668000,2001,102,0.055000
1609059650.565825462,28.427000,2011,100,0.268000
1609059650.614963770,28.968000,2000,100,0.055000
1609059650.615757704,13.984000,2010,101,0.055000
1609059650.640008688,13.308000,2001,101,0.024000
1609059650.640227079,10.607000,2011,102,0.268000
1609059650.665730238,28.448999,2010,100,0.055000
1609059650.689973831,29.101000,2001,100,0.024000
1609059650.714994669,13.034000,2000,101,0.055000
1609059650.715774536,10.472000,2010,102,0.055000
1609059650.739788532,10.669000,2001,102,0.055000
1609059650.740753651,28.280001,2011,100,0.268000
1609059650.789956808,28.969000,2000,100,0.024000
1609059650.790690660,13.964000,2010,101,0.055000
1609059650.815003395,13.306000,2001,101,0.024000
1609059650.815254211,10.575000,2011,102,0.268000
1609059650.840004206,10.675000,2000,102,0.268000
1609059650.840709448,28.440001,2010,100,0.055000
1609059650.865013838,29.099001,2001,100,0.024000
1609059650.890005827,13.101000,2000,101,0.024000
1609059650.890771866,10.445000,2010,102,0.055000
1609059650.914752960,10.637000,2001,102,0.055000
1609059650.915751696,28.233000,2011,100,0.268000
1609059650.964956999,28.966999,2000,100,0.055000
1609059650.965698957,13.951000,2010,101,0.024000
1609059650.989964962,13.270000,2001,101,0.055000
1609059650.990257263,10.604000,2011,102,0.268000
1609059651.014929056,10.629000,2000,102,0.268000
1609059651.015815973,28.454000,2010,100,0.055000
1609059651.039972067,29.097000,2001,100,0.024000
1609059651.065008640,13.034000,2000,101,0.055000
1609059651.065766096,10.445000,2010,102,0.055000
1609059651.090050697,10.745000,2001,102,0.055000
1609059651.090789795,28.476000,2011,100,0.055000
1609059651.139956474,28.964001,2000,100,0.055000
1609059651.140781164,13.982000,2010,101,0.024000
1609059651.164992332,13.305000,2001,101,0.024000
1609059651.165298939,10.598000,2011,102,0.268000
1609059651.189971924,11.135000,2000,102,0.268000
1609059651.190723181,28.452999,2010,100,0.024000
1609059651.215003490,29.103001,2001,100,0.055000
1609059651.239984989,13.026000,2000,101,0.055000
1609059651.240802050,10.486000,2010,102,0.055000
1609059651.265014648,10.746000,2001,102,0.055000
1609059651.265779972,28.848000,2011,100,0.055000
1609059651.315000296,28.966999,2000,100,0.024000
1609059651.315687180,13.984000,2010,101,0.055000
1609059651.340005875,13.303000,2001,101,0.024000
1609059651.340264797,10.585000,2011,102,0.268000
1609059651.365772486,28.455000,2010,100,0.055000
1609059651.389980555,29.101000,2001,100,0.055000
1609059651.415041447,13.069000,2000,101,0.055000
1609059651.415791035,10.476000,2010,102,0.055000
1609059651.440023661,10.743000,2001,102,0.055000
1609059651.440795183,28.547001,2011,100,0.056000
1609059651.489964485,28.962999,2000,100,0.055000
1609059651.490742683,13.983000,2010,101,0.055000
1609059651.514999628,13.305000,2001,101,0.055000
1609059651.515255928,10.600000,2011,102,0.268000
1609059651.540768385,28.413000,2010,100,0.024000
1609059651.564979076,29.135000,2001,100,0.055000
1609059651.589988470,13.035000,2000,101,0.055000
1609059651.590739012,10.490000,2010,102,0.055000
1609059651.615019321,10.743000,2001,102,0.055000
1609059651.615700960,28.077999,2011,100,0.268000
1609059651.664960623,28.968000,2000,100,0.024000
1609059651.665687323,13.987000,2010,101,0.055000
1609059651.689940691,13.309000,2001,101,0.024000
1609059651.690235138,10.607000,2011,102,0.268000
1609059651.714984417,11.135000,2000,102,0.268000
1609059651.715751410,28.452000,2010,100,0.055000
1609059651.739944458,29.139000,2001,100,0.055000
1609059651.764940023,13.062000,2000,101,0.055000
1609059651.765807629,10.438000,2010,102,0.055000
1609059651.790041924,10.745000,2001,102,0.055000
1609059651.790759563,28.551001,2011,100,0.055000
1609059651.839988470,28.962000,2000,100,0.055000
1609059651.840729713,13.985000,2010,101,0.055000
1609059651.865059137,13.305000,2001,101,0.024000
1609059651.865609646,10.400000,2011,102,0.268000
1609059651.890657902,28.413000,2010,100,0.024000
1609059651.914935827,29.105000,2001,100,0.055000
1609059651.939944983,13.038000,2000,101,0.055000
1609059651.940743446,10.486000,2010,102,0.055000
1609059651.965021372,10.745000,2001,102,0.024000
1609059651.965834141,28.312000,2011,100,0.268000
1609059652.014919043,28.966999,2000,100,0.055000
1609059652.015735865,13.983000,2010,101,0.055000
1609059652.039945126,13.266000,2001,101,0.024000
1609059652.040460348,10.617000,2011,102,0.268000
1609059652.064948797,10.547000,2000,102,0.268000
1609059652.065648556,28.451000,2010,100,0.024000
1609059652.089982033,29.105000,2001,100,0.055000
1609059652.114956617,13.101000,2000,101,0.024000
1609059652.115735054,10.480000,2010,102,0.055000
1609059652.139732122,10.641000,2001,102,0.055000
1609059652.140733719,28.256001,2011,100,0.268000
1609059652.189909458,28.966000,2000,100,0.055000
1609059652.190774441,13.960000,2010,101,0.055000
1609059652.214945078,13.308000,2001,101,0.055000
1609059652.215220213,10.660000,2011,102,0.268000
1609059652.240723610,28.444000,2010,100,0.055000
1609059652.264932632,29.105000,2001,100,0.055000
1609059652.265710115,13.809000,2011,101,0.055000
1609059652.289951086,13.075000,2000,101,0.055000
1609059652.290734291,10.485000,2010,102,0.055000
1609059652.315061092,10.741000,2001,102,0.024000
1609059652.315741301,28.254000,2011,100,0.268000
1609059652.364900589,28.926001,2000,100,0.055000
1609059652.365706682,13.955000,2010,101,0.055000
1609059652.389923334,13.307000,2001,101,0.055000
1609059652.390241146,10.700000,2011,102,0.268000
1609059652.415711880,28.448999,2010,100,0.024000
1609059652.439949751,29.106001,2001,100,0.055000
1609059652.464934111,13.106000,2000,101,0.055000
1609059652.465718269,10.481000,2010,102,0.055000
1609059652.489991903,10.747000,2001,102,0.055000
1609059652.490719318,28.850000,2011,100,0.055000
1609059652.539921999,28.969999,2000,100,0.055000
1609059652.540693045,13.985000,2010,101,0.055000
1609059652.564959764,13.271000,2001,101,0.055000
1609059652.565233469,10.595000,2011,102,0.268000
1609059652.590661526,28.408001,2010,100,0.024000
1609059652.614942312,29.066999,2001,100,0.055000
1609059652.639968634,13.074000,2000,101,0.055000
1609059652.640933275,10.440000,2010,102,0.055000
1609059652.664974928,10.749000,2001,102,0.055000
1609059652.665716171,28.382999,2011,100,0.055000
1609059652.714947939,28.962999,2000,100,0.055000
1609059652.717170954,13.984000,2010,101,0.055000
1609059652.739985704,13.266000,2001,101,0.055000
1609059652.740373850,10.679000,2011,102,0.268000
1609059652.764953613,11.131000,2000,102,0.268000
1609059652.766006231,28.441000,2010,100,0.055000
1609059652.789930582,29.136999,2001,100,0.055000
1609059652.814930201,12.999000,2000,101,0.055000
1609059652.815724850,10.474000,2010,102,0.055000
1609059652.839965105,10.745000,2001,102,0.055000
1609059652.840687275,28.429001,2011,100,0.055000
1609059652.889953136,28.969999,2000,100,0.055000
1609059652.890693665,13.991000,2010,101,0.055000
1609059652.914989471,13.308000,2001,101,0.055000
1609059652.915488482,10.632000,2011,102,0.268000
1609059652.939971447,11.152000,2000,102,0.055000
1609059652.940695524,28.444000,2010,100,0.055000
1609059652.964967251,29.136999,2001,100,0.055000
1609059652.989983320,13.097000,2000,101,0.055000
1609059652.991148472,10.481000,2010,102,0.055000
1609059653.015012980,10.743000,2001,102,0.024000
1609059653.015667200,28.466999,2011,100,0.055000
1609059653.064892769,28.962999,2000,100,0.055000
1609059653.065717459,13.990000,2010,101,0.055000
1609059653.089923859,13.302000,2001,101,0.024000
1609059653.090227604,10.606000,2011,102,0.268000
1609059653.115669727,28.412001,2010,100,0.055000
1609059653.139971018,29.103001,2001,100,0.055000
1609059653.165016651,13.035000,2000,101,0.055000
1609059653.165886164,10.479000,2010,102,0.055000
1609059653.189738035,10.672000,2001,102,0.024000
1609059653.190705061,28.226000,2011,100,0.268000
1609059653.239907742,28.966999,2000,100,0.024000
1609059653.240636349,13.994000,2010,101,0.055000
1609059653.264933348,13.306000,2001,101,0.024000
1609059653.265257597,10.641000,2011,102,0.268000
1609059653.289958954,11.154000,2000,102,0.055000
1609059653.290719271,28.447001,2010,100,0.055000
1609059653.314951420,29.136999,2001,100,0.024000
1609059653.340027571,13.078000,2000,101,0.055000
1609059653.340779305,10.481000,2010,102,0.055000
1609059653.365067005,10.743000,2001,102,0.055000
1609059653.365828276,28.431999,2011,100,0.268000
1609059653.414951563,28.959999,2000,100,0.055000
1609059653.415716171,13.987000,2010,101,0.055000
1609059653.439948797,13.273000,2001,101,0.024000
1609059653.440202713,10.619000,2011,102,0.268000
1609059653.465677023,28.452000,2010,100,0.055000
1609059653.489887476,29.059999,2001,100,0.055000
1609059653.514916658,13.072000,2000,101,0.055000
1609059653.515706539,10.479000,2010,102,0.055000
1609059653.540013075,10.743000,2001,102,0.055000
1609059653.540649414,28.549000,2011,100,0.056000
1609059653.589887857,28.966000,2000,100,0.055000
1609059653.590659380,13.985000,2010,101,0.055000
1609059653.614935160,13.306000,2001,101,0.024000
1609059653.615233183,10.639000,2011,102,0.268000
1609059653.640631199,28.452000,2010,100,0.055000
1609059653.664940834,29.097000,2001,100,0.055000
1609059653.665637493,13.818000,2011,101,0.055000
1609059653.689919949,13.039000,2000,101,0.055000
1609059653.690679789,10.481000,2010,102,0.055000
1609059653.715004444,10.745000,2001,102,0.024000
1609059653.715760231,28.355000,2011,100,0.268000
1609059653.764927864,28.964001,2000,100,0.024000
1609059653.765679359,13.957000,2010,101,0.055000
1609059653.789956093,13.309000,2001,101,0.055000
1609059653.790192127,10.638000,2011,102,0.268000
1609059653.815630198,28.413000,2010,100,0.055000
1609059653.839901209,29.139000,2001,100,0.024000
1609059653.864979982,13.101000,2000,101,0.055000
1609059653.865726948,10.482000,2010,102,0.055000
1609059653.889950514,10.741000,2001,102,0.055000
1609059653.890693665,28.334000,2011,100,0.268000
1609059653.939903975,28.962000,2000,100,0.055000
1609059653.940667868,13.988000,2010,101,0.055000
1609059653.964968920,13.269000,2001,101,0.024000
1609059653.965204477,10.634000,2011,102,0.268000
1609059653.990643263,28.447001,2010,100,0.055000
1609059654.014871120,29.101999,2001,100,0.055000
1609059654.039914131,13.070000,2000,101,0.055000
1609059654.040730238,10.474000,2010,102,0.055000
1609059654.064996719,10.747000,2001,102,0.055000
1609059654.065641403,28.464001,2011,100,0.055000
1609059654.114889383,28.959000,2000,100,0.055000
1609059654.115681648,13.985000,2010,101,0.055000
1609059654.139940739,13.272000,2001,101,0.055000
1609059654.140201330,10.455000,2011,102,0.268000
1609059654.165711641,28.447001,2010,100,0.055000
1609059654.189909458,29.106001,2001,100,0.055000
1609059654.214938402,13.031000,2000,101,0.055000
1609059654.215704918,10.439000,2010,102,0.055000
1609059654.239994764,10.743000,2001,102,0.024000
1609059654.240704060,28.584000,2011,100,0.055000
1609059654.289939642,28.959000,2000,100,0.055000
1609059654.290635586,13.994000,2010,101,0.055000
1609059654.314934254,13.268000,2001,101,0.024000
1609059654.315181017,10.653000,2011,102,0.268000
1609059654.340706110,28.445000,2010,100,0.024000
1609059654.364932537,29.101000,2001,100,0.055000
1609059654.389913559,13.030000,2000,101,0.055000
1609059654.390698910,10.437000,2010,102,0.055000
1609059654.414940119,10.749000,2001,102,0.024000
1609059654.415725708,28.329000,2011,100,0.268000
1609059654.464874983,28.964001,2000,100,0.055000
1609059654.465638638,13.960000,2010,101,0.055000
1609059654.489921570,13.270000,2001,101,0.024000
1609059654.490147591,10.621000,2011,102,0.268000
1609059654.515625954,28.451000,2010,100,0.055000
1609059654.539888144,29.101999,2001,100,0.055000
1609059654.564951658,13.106000,2000,101,0.024000
1609059654.565722942,10.482000,2010,102,0.055000
1609059654.589953661,10.743000,2001,102,0.055000
1609059654.590679646,28.337000,2011,100,0.268000
1609059654.639931679,28.955000,2000,100,0.055000
1609059654.640637636,13.991000,2010,101,0.055000
1609059654.664926291,13.311000,2001,101,0.055000
1609059654.665177345,10.600000,2011,102,0.268000
1609059654.690625906,28.452999,2010,100,0.055000
1609059654.714933157,29.099001,2001,100,0.055000
1609059654.739916801,13.031000,2000,101,0.055000
1609059654.740679741,10.438000,2010,102,0.055000
1609059654.764973640,10.746000,2001,102,0.055000
1609059654.765845537,28.150000,2011,100,0.268000
1609059654.814860106,28.969999,2000,100,0.055000
1609059654.815653086,13.990000,2010,101,0.055000
1609059654.839937687,13.264000,2001,101,0.055000
1609059654.840206385,10.653000,2011,102,0.268000
1609059654.865627766,28.448999,2010,100,0.024000
1609059654.889897346,29.103001,2001,100,0.024000
1609059654.890626907,13.803000,2011,101,0.024000
1609059654.914877176,13.062000,2000,101,0.055000
1609059654.915691376,10.482000,2010,102,0.055000
1609059654.939976931,10.747000,2001,102,0.055000
1609059654.940685272,28.261000,2011,100,0.268000
1609059654.989894867,28.931000,2000,100,0.055000
1609059654.990586996,13.954000,2010,101,0.055000
1609059655.014881134,13.313000,2001,101,0.024000
1609059655.015188456,10.635000,2011,102,0.268000
1609059655.040651321,28.410999,2010,100,0.024000
1609059655.064926147,29.143000,2001,100,0.024000
1609059655.089891672,12.925000,2000,101,0.055000
1609059655.090667486,10.483000,2010,102,0.055000
1609059655.114943266,10.744000,2001,102,0.055000
1609059655.115709782,28.349001,2011,100,0.056000
1609059655.164869785,28.969999,2000,100,0.055000
1609059655.165651083,13.983000,2010,101,0.055000
1609059655.189899683,13.304000,2001,101,0.024000
1609059655.190193892,10.654000,2011,102,0.268000
1609059655.215661764,28.447001,2010,100,0.055000
1609059655.239891768,29.101000,2001,100,0.024000
1609059655.240644693,13.805000,2011,101,0.055000
1609059655.264936686,13.106000,2000,101,0.055000
1609059655.265915394,10.479000,2010,102,0.055000
1609059655.289921284,10.709000,2001,102,0.055000
1609059655.290613174,28.302999,2011,100,0.268000
1609059655.339920044,28.915001,2000,100,0.024000
1609059655.364882708,13.309000,2001,101,0.024000
1609059655.365187407,10.588000,2011,102,0.268000
1609059655.389890909,10.653000,2000,102,0.268000
1609059655.390647888,28.455999,2010,100,0.055000
1609059655.414888144,29.099001,2001,100,0.055000
1609059655.415618896,13.813000,2011,101,0.055000
1609059655.439910650,13.034000,2000,101,0.055000
1609059655.440659285,10.437000,2010,102,0.055000
1609059655.464959621,10.744000,2001,102,0.055000
1609059655.465739965,28.118999,2011,100,0.268000
1609059655.514981985,28.955999,2000,100,0.055000
1609059655.515627623,13.986000,2010,101,0.055000
1609059655.539894104,13.312000,2001,101,0.024000
1609059655.540766716,10.675000,2011,102,0.268000
1609059655.565645456,28.416000,2010,100,0.055000
1609059655.589886904,29.108999,2001,100,0.055000
1609059655.614877939,12.999000,2000,101,0.055000
1609059655.615575552,10.438000,2010,102,0.055000
1609059655.639918804,10.747000,2001,102,0.055000
1609059655.640723705,28.479000,2011,100,0.056000
1609059655.689866066,28.930000,2000,100,0.055000
1609059655.690631628,13.988000,2010,101,0.055000
1609059655.714897156,13.305000,2001,101,0.024000
1609059655.715155602,10.628000,2011,102,0.268000
1609059655.740679264,28.457001,2010,100,0.055000
1609059655.764880896,29.105000,2001,100,0.055000
1609059655.789900541,12.988000,2000,101,0.055000
1609059655.790599823,10.449000,2010,102,0.055000
1609059655.814980507,10.745000,2001,102,0.055000
1609059655.815634966,28.120001,2011,100,0.268000
1609059655.864901781,28.974001,2000,100,0.055000
1609059655.865607500,13.959000,2010,101,0.055000
1609059655.889873981,13.305000,2001,101,0.055000
1609059655.890167475,10.606000,2011,102,0.268000
1609059655.915638208,28.448999,2010,100,0.055000
1609059655.939828396,29.135000,2001,100,0.024000
1609059655.940598965,13.815000,2011,101,0.055000
1609059655.964877844,13.034000,2000,101,0.055000
1609059655.965619564,10.438000,2010,102,0.055000
1609059655.989646196,10.634000,2001,102,0.055000
1609059655.990722656,28.514000,2011,100,0.055000
1609059656.039927721,28.968000,2000,100,0.055000
1609059656.040681601,13.988000,2010,101,0.055000
1609059656.064860821,13.301000,2001,101,0.024000
1609059656.065163612,10.609000,2011,102,0.268000
1609059656.090621471,28.448999,2010,100,0.055000
1609059656.115279436,29.134001,2001,100,0.024000
1609059656.139849663,13.033000,2000,101,0.024000
1609059656.140650511,10.485000,2010,102,0.055000
1609059656.164969206,10.740000,2001,102,0.024000
1609059656.165713549,28.100000,2011,100,0.268000
1609059656.214884043,28.966999,2000,100,0.055000
1609059656.215581894,13.947000,2010,101,0.055000
1609059656.239930868,13.301000,2001,101,0.055000
1609059656.240199804,10.632000,2011,102,0.268000
1609059656.265731812,28.450001,2010,100,0.055000
1609059656.289888859,29.132999,2001,100,0.024000
1609059656.290619850,13.797000,2011,101,0.055000
1609059656.314922333,13.032000,2000,101,0.055000
1609059656.315722227,10.448000,2010,102,0.055000
1609059656.339915037,10.744000,2001,102,0.055000
1609059656.340678453,28.070000,2011,100,0.268000
1609059656.389851093,28.966000,2000,100,0.055000
1609059656.390590191,13.982000,2010,101,0.055000
1609059656.414891005,13.271000,2001,101,0.024000
1609059656.415175438,10.683000,2011,102,0.268000
1609059656.440622807,28.443001,2010,100,0.055000
1609059656.464864016,29.139000,2001,100,0.055000
1609059656.489874363,13.029000,2000,101,0.055000
1609059656.490654945,10.402000,2010,102,0.055000
1609059656.514983892,10.749000,2001,102,0.055000
1609059656.515711546,28.284000,2011,100,0.268000
1609059656.564824343,28.969000,2000,100,0.055000
1609059656.565884352,13.982000,2010,101,0.055000
1609059656.589854479,13.304000,2001,101,0.055000
1609059656.590294123,10.632000,2011,102,0.268000
1609059656.615603447,28.451000,2010,100,0.055000
1609059656.639843702,29.139999,2001,100,0.055000
1609059656.664926767,13.040000,2000,101,0.055000
1609059656.665699720,10.478000,2010,102,0.055000
1609059656.689686537,10.672000,2001,102,0.055000
1609059656.690681458,28.316999,2011,100,0.268000
1609059656.739888430,29.000000,2000,100,0.055000
1609059656.740598202,13.949000,2010,101,0.055000
1609059656.764894962,13.301000,2001,101,0.024000
1609059656.765213251,10.598000,2011,102,0.268000
1609059656.789849520,10.709000,2000,102,0.268000
1609059656.790602207,28.441000,2010,100,0.055000
1609059656.814903498,29.101999,2001,100,0.055000
1609059656.815613747,13.846000,2011,101,0.055000
1609059656.839907885,13.069000,2000,101,0.024000
1609059656.840696812,10.481000,2010,102,0.055000
1609059656.864917755,10.752000,2001,102,0.055000
1609059656.865655422,28.500999,2011,100,0.268000
1609059656.914863348,28.959000,2000,100,0.055000
1609059656.939866304,13.301000,2001,101,0.055000
1609059656.940138578,10.641000,2011,102,0.268000
1609059656.965694427,28.445999,2010,100,0.024000
1609059656.989855289,29.134001,2001,100,0.055000
1609059657.014853716,13.093000,2000,101,0.055000
1609059657.015697002,10.419000,2010,102,0.024000
1609059657.039890766,10.652000,2001,102,0.055000
1609059657.040682793,28.448000,2011,100,10.536000
1609059657.089870691,28.962000,2000,100,0.055000
1609059657.114950418,13.375000,2001,101,0.055000
1609059657.115655184,11.119000,2011,102,0.055000
1609059657.140714169,28.273001,2010,100,0.268000
1609059657.190648079,10.457000,2010,102,0.055000
1609059657.215860367,28.937000,2011,100,10.536000
1609059657.264388084,28.812000,2000,100,0.129000
1609059657.289857864,13.287000,2001,101,0.055000
1609059657.290659428,11.185000,2011,102,0.055000
1609059657.315565825,28.416000,2010,100,0.055000
1609059657.365985394,13.111000,2000,101,0.055000
1609059657.366267920,10.338000,2010,102,0.055000
1609059657.439888954,28.917999,2000,100,0.056000
1609059657.440603256,13.960000,2010,101,0.055000
1609059657.464938402,13.333000,2001,101,0.055000
1609059657.465658426,11.077000,2011,102,0.055000
1609059657.490668058,28.410999,2010,100,0.055000
1609059657.514899254,29.096001,2001,100,0.056000
1609059657.539943457,13.039000,2000,101,0.024000
1609059657.540643930,10.369000,2010,102,0.055000
1609059657.564865351,10.637000,2001,102,0.055000
1609059657.565667868,28.141001,2011,100,0.268000
1609059657.614810228,28.996000,2000,100,0.055000
1609059657.615596771,13.915000,2010,101,0.024000
1609059657.639940739,13.261000,2001,101,0.024000
1609059657.641112328,11.075000,2011,102,0.055000
1609059657.665647507,28.407000,2010,100,0.055000
1609059657.689881563,29.066000,2001,100,0.056000
1609059657.714878559,13.028000,2000,101,0.055000
1609059657.715590715,10.413000,2010,102,0.055000
1609059657.740671873,28.261999,2011,100,0.056000
1609059657.789904833,28.958000,2000,100,0.056000
1609059657.790573359,13.869000,2010,101,0.055000
1609059657.814847946,13.244000,2001,101,0.024000
1609059657.815123081,10.620000,2011,102,0.268000
1609059657.840623140,28.408001,2010,100,0.056000
1609059657.864979029,28.992001,2001,100,0.056000
1609059657.890626431,10.442000,2010,102,0.055000
1609059657.965674877,13.896000,2010,101,0.055000
1609059657.989614487,13.227000,2001,101,0.055000
1609059657.990143299,10.620000,2011,102,0.268000
1609059658.014819622,11.598000,2000,102,0.055000
1609059658.015574932,28.424999,2010,100,0.055000
1609059658.064856768,13.017000,2000,101,0.024000
1609059658.065622807,10.451000,2010,102,0.055000
1609059658.140105486,28.948000,2000,100,0.056000
1609059658.140623569,13.890000,2010,101,0.055000
1609059658.164842129,13.230000,2001,101,0.024000
1609059658.165156126,10.694000,2011,102,0.268000
1609059658.190563917,28.400000,2010,100,0.055000
1609059658.214360476,50.138000,2001,100,10.536000
1609059658.239882469,12.978000,2000,101,0.055000
1609059658.240660906,10.429000,2010,102,0.055000
1609059658.265642881,28.243000,2011,100,0.056000
1609059658.314878702,28.882999,2000,100,0.056000
1609059658.315610170,13.880000,2010,101,0.055000
1609059658.339889765,13.226000,2001,101,0.024000
1609059658.340156317,10.678000,2011,102,0.268000
1609059658.365660429,28.385000,2010,100,0.055000
1609059658.389843464,62.786999,2001,100,0.056000
1609059658.414917469,13.026000,2000,101,0.024000
1609059658.415646076,10.444000,2010,102,0.024000
1609059658.440600395,28.277000,2011,100,0.268000
1609059658.490578413,13.871000,2010,101,0.055000
1609059658.514852524,13.213000,2001,101,0.055000
1609059658.515190601,10.672000,2011,102,0.268000
1609059658.540563583,28.490000,2010,100,0.055000
1609059658.564844131,45.942001,2001,100,0.056000
1609059658.589855909,12.933000,2000,101,0.055000
1609059658.590632677,10.680000,2010,102,0.024000
1609059658.615600586,28.249001,2011,100,0.268000
1609059658.664844513,29.046000,2000,100,0.056000
1609059658.665594816,13.849000,2010,101,0.055000
1609059658.689831018,13.192000,2001,101,0.024000
1609059658.690167189,10.690000,2011,102,0.268000
1609059658.715558767,28.500000,2010,100,0.055000
1609059658.739848852,45.955002,2001,100,0.056000
1609059658.764847040,12.913000,2000,101,0.055000
1609059658.765653849,10.492000,2010,102,0.055000
1609059658.790607214,28.483999,2011,100,0.055000
1609059658.839823484,28.983999,2000,100,0.055000
1609059658.840563774,13.880000,2010,101,0.055000
1609059658.864825726,13.181000,2001,101,0.024000
1609059658.865129948,10.737000,2011,102,0.268000
1609059658.889332294,10.344000,2000,102,0.129000
1609059658.890551329,28.485001,2010,100,0.055000
1609059658.914857149,46.006001,2001,100,0.056000
1609059658.939833403,12.973000,2000,101,0.024000
1609059658.940631390,10.468000,2010,102,0.055000
1609059658.964812756,10.713000,2001,102,0.055000
1609059659.014807940,29.042999,2000,100,0.055000
1609059659.015545845,13.831000,2010,101,0.055000
1609059659.039885759,13.170000,2001,101,0.055000
1609059659.040153503,10.694000,2011,102,0.268000
1609059659.065550327,28.528000,2010,100,0.055000
1609059659.089324713,33.368000,2001,100,10.536000
1609059659.115688086,12.957000,2000,101,0.055000
1609059659.115972996,10.481000,2010,102,0.055000
1609059659.140658140,28.622000,2011,100,0.056000
1609059659.189795494,29.010000,2000,100,0.055000
1609059659.190566301,13.788000,2010,101,0.055000
1609059659.214837551,13.165000,2001,101,0.024000
1609059659.215120316,10.762000,2011,102,0.268000
1609059659.240559816,28.509001,2010,100,0.055000
1609059659.289786100,12.928000,2000,101,0.055000
1609059659.290507317,10.487000,2010,102,0.055000
1609059659.315635920,28.270000,2011,100,0.268000
1609059659.364820004,29.056000,2000,100,0.056000
1609059659.365611076,13.828000,2010,101,0.055000
1609059659.389814615,13.163000,2001,101,0.055000
1609059659.390108347,10.784000,2011,102,0.268000
1609059659.415588617,28.507000,2010,100,0.055000
1609059659.464775801,12.982000,2000,101,0.055000
1609059659.465601683,10.517000,2010,102,0.055000
1609059659.490506649,28.417000,2011,100,0.268000
1609059659.539887905,29.023001,2000,100,0.056000
1609059659.540558338,13.875000,2010,101,0.055000
1609059659.564808846,13.187000,2001,101,0.055000
1609059659.565304756,10.776000,2011,102,0.268000
1609059659.590544701,28.503000,2010,100,0.055000
1609059659.614826918,29.226000,2001,100,0.056000
1609059659.639818430,12.953000,2000,101,0.055000
1609059659.640594244,10.509000,2010,102,0.055000
1609059659.664836884,10.715000,2001,102,0.055000
1609059659.665582895,28.504000,2011,100,0.056000
1609059659.714791536,28.891001,2000,100,0.056000
1609059659.715550900,13.860000,2010,101,0.055000
1609059659.739914656,13.210000,2001,101,0.055000
1609059659.740196943,10.836000,2011,102,0.268000
1609059659.765639782,28.554001,2010,100,0.055000
1609059659.814828873,12.969000,2000,101,0.055000
1609059659.815588713,10.422000,2010,102,0.055000
1609059659.840648890,28.461000,2011,100,0.055000
1609059659.889877558,29.024000,2000,100,0.056000
1609059659.890567303,13.882000,2010,101,0.055000
1609059659.914848566,13.180000,2001,101,0.055000
1609059659.915133476,10.650000,2011,102,0.268000
1609059659.964868307,29.320999,2001,100,0.056000
1609059659.989791870,12.987000,2000,101,0.024000
1609059659.990687370,10.477000,2010,102,0.055000
1609059660.015657425,28.608999,2011,100,0.056000
1609059660.064809084,29.054001,2000,100,0.055000
1609059660.065605879,13.936000,2010,101,0.055000
1609059660.089802027,13.242000,2001,101,0.024000
1609059660.090095043,10.702000,2011,102,0.268000
1609059660.115542650,28.562000,2010,100,0.056000
1609059660.139884233,29.315001,2001,100,0.056000
1609059660.165608644,10.409000,2010,102,0.055000
1609059660.189800501,10.640000,2001,102,0.055000
1609059660.190617323,28.768000,2011,100,0.055000
1609059660.239810705,28.819000,2000,100,0.268000
1609059660.240517855,13.936000,2010,101,0.055000
1609059660.264769554,13.213000,2001,101,0.055000
1609059660.265097141,10.626000,2011,102,0.268000
1609059660.290538311,28.532000,2010,100,0.055000
1609059660.314858437,29.504000,2001,100,0.055000
1609059660.339769602,12.981000,2000,101,0.055000
1609059660.340772152,10.420000,2010,102,0.055000
1609059660.365670681,28.340000,2011,100,10.536000
1609059660.414809704,29.191000,2000,100,0.055000
1609059660.415558100,13.905000,2010,101,0.055000
1609059660.439819813,13.213000,2001,101,0.055000
1609059660.440628052,11.057000,2011,102,0.055000
1609059660.465540409,28.551001,2010,100,0.055000
1609059660.489855766,33.153999,2001,100,0.056000
1609059660.514819860,13.030000,2000,101,0.024000
1609059660.515499830,10.360000,2010,102,0.055000
1609059660.540579319,28.570999,2011,100,0.056000
1609059660.589796782,29.174999,2000,100,0.055000
1609059660.590570211,13.928000,2010,101,0.055000
1609059660.614793539,13.232000,2001,101,0.055000
1609059660.615060806,10.668000,2011,102,0.268000
1609059660.640499115,28.613001,2010,100,0.055000
1609059660.664881229,29.268999,2001,100,0.056000
1609059660.689844131,12.982000,2000,101,0.024000
1609059660.690579653,10.309000,2010,102,0.055000
1609059660.764781713,29.125999,2000,100,0.055000
1609059660.765583277,13.900000,2010,101,0.055000
1609059660.789804459,13.218000,2001,101,0.055000
1609059660.790048361,10.625000,2011,102,0.268000
1609059660.839783430,33.160000,2001,100,0.056000
1609059660.864797115,12.998000,2000,101,0.055000
1609059660.865589142,10.288000,2010,102,0.055000
1609059660.890543222,28.617001,2011,100,0.268000
1609059660.939822674,29.261000,2000,100,0.055000
1609059660.940566063,13.862000,2010,101,0.024000
1609059660.965603590,11.043000,2011,102,0.055000
1609059660.990513563,28.629000,2010,100,0.055000
1609059661.014904261,29.353001,2001,100,0.056000
1609059661.039824009,12.946000,2000,101,0.055000
1609059661.040585279,10.284000,2010,102,0.055000
1609059661.114779472,29.174999,2000,100,0.056000
1609059661.115530252,13.880000,2010,101,0.055000
1609059661.142203093,13.153000,2001,101,0.055000
1609059661.142428637,10.481000,2011,102,0.268000
1609059661.165565968,28.660000,2010,100,0.055000
1609059661.190058470,37.035999,2001,100,0.056000
1609059661.214793921,12.930000,2000,101,0.055000
1609059661.215598345,10.279000,2010,102,0.055000
1609059661.240613461,28.690001,2011,100,0.268000
1609059661.289786577,29.278000,2000,100,0.056000
1609059661.290566444,13.788000,2010,101,0.055000
1609059661.314861298,13.159000,2001,101,0.055000
1609059661.315050125,10.572000,2011,102,0.268000
1609059661.339817286,11.332000,2000,102,0.024000
1609059661.340507984,28.670000,2010,100,0.024000
1609059661.365477800,29.410000,2001,100,0.056000
1609059661.389743805,12.903000,2000,101,0.055000
1609059661.390569687,10.304000,2010,102,0.055000
1609059661.414796114,10.549000,2001,102,0.024000
1609059661.415504217,28.379999,2011,100,0.268000
1609059661.464740276,29.193001,2000,100,0.055000
1609059661.465522289,13.802000,2010,101,0.055000
1609059661.489561558,13.108000,2001,101,0.055000
1609059661.490033150,10.602000,2011,102,0.268000
1609059661.515503407,28.709999,2010,100,0.024000
1609059661.565085411,12.921000,2000,101,0.055000
1609059661.565576077,10.298000,2010,102,0.055000
1609059661.639779091,29.292999,2000,100,0.055000
1609059661.640523434,13.815000,2010,101,0.024000
1609059661.664731979,13.130000,2001,101,0.055000
1609059661.667663574,11.001000,2011,102,0.055000
1609059661.689809561,11.307000,2000,102,0.024000
1609059661.690533638,28.739000,2010,100,0.055000
1609059661.714881897,29.436001,2001,100,0.056000
1609059661.739807844,12.857000,2000,101,0.055000
1609059661.740495443,10.245000,2010,102,0.055000
1609059661.765670538,28.849001,2011,100,0.268000
1609059661.814789057,29.267000,2000,100,0.056000
1609059661.815536976,13.752000,2010,101,0.024000
1609059661.839759588,13.071000,2001,101,0.055000
1609059661.840556145,10.995000,2011,102,0.055000
1609059661.865536928,28.813000,2010,100,0.055000
1609059661.914762735,12.825000,2000,101,0.055000
1609059661.915576696,10.280000,2010,102,0.055000
1609059661.989881039,29.305000,2000,100,0.056000
1609059661.990493059,13.696000,2010,101,0.055000
1609059662.014799356,13.033000,2001,101,0.055000
1609059662.015029669,10.584000,2011,102,0.268000
1609059662.040549755,28.827999,2010,100,0.024000
1609059662.064726591,29.351000,2001,100,0.055000
1609059662.089792490,12.833000,2000,101,0.024000
1609059662.090557098,10.234000,2010,102,0.055000
1609059662.115053892,28.747000,2011,100,0.129000
1609059662.165524721,13.698000,2010,101,0.055000
1609059662.190070391,10.526000,2011,102,0.268000
1609059662.215492249,28.850000,2010,100,0.055000
1609059662.239878178,29.556000,2001,100,0.056000
1609059662.264725447,12.806000,2000,101,0.024000
1609059662.265578508,10.236000,2010,102,0.055000
1609059662.339804173,29.646000,2000,100,0.056000
1609059662.340537548,13.679000,2010,101,0.055000
1609059662.364759445,13.028000,2001,101,0.024000
1609059662.365052223,10.585000,2011,102,0.268000
1609059662.390476227,28.934999,2010,100,0.055000
1609059662.414765596,62.570000,2001,100,0.056000
1609059662.439806223,12.776000,2000,101,0.055000
1609059662.440468311,10.316000,2010,102,0.055000
1609059662.514786005,29.440001,2000,100,0.055000
1609059662.515512943,13.699000,2010,101,0.055000
1609059662.539767504,13.013000,2001,101,0.055000
1609059662.540549278,11.039000,2011,102,0.024000
1609059662.565506458,28.959000,2010,100,0.055000
1609059662.589240789,49.570000,2001,100,10.536000
1609059662.614745617,12.779000,2000,101,0.055000
1609059662.615525007,10.284000,2010,102,0.055000
1609059662.640495300,28.808001,2011,100,0.268000
1609059662.689747572,29.441000,2000,100,0.055000
1609059662.690507889,13.625000,2010,101,0.055000
1609059662.714615583,13.004000,2001,101,0.055000
1609059662.715607643,10.966000,2011,102,0.055000
1609059662.740526199,28.954000,2010,100,0.055000
1609059662.764297247,29.268999,2001,100,0.268000
1609059662.789743185,12.764000,2000,101,0.055000
1609059662.790518522,10.257000,2010,102,0.055000
1609059662.815610647,28.895000,2011,100,0.268000
1609059662.865619898,29.497999,2000,100,0.055000
1609059662.865958214,13.620000,2010,101,0.024000
1609059662.889562845,13.008000,2001,101,0.055000
1609059662.890035629,10.591000,2011,102,0.268000
1609059662.915506840,28.995001,2010,100,0.055000
1609059662.939244747,49.886002,2001,100,10.536000
1609059662.940559864,13.469000,2011,101,0.055000
1609059662.964724779,12.780000,2000,101,0.055000
1609059662.965586662,10.298000,2010,102,0.055000
1609059663.039688826,29.509001,2000,100,0.055000
1609059663.040687323,13.626000,2010,101,0.055000
1609059663.064576149,12.979000,2001,101,0.024000
1609059663.065505505,11.039000,2011,102,0.055000
1609059663.090488911,28.985001,2010,100,0.055000
1609059663.114721298,29.646999,2001,100,0.056000
1609059663.139718056,12.756000,2000,101,0.055000
1609059663.140543461,10.262000,2010,102,0.024000
1609059663.214698553,29.445999,2000,100,0.055000
1609059663.215519905,13.647000,2010,101,0.024000
1609059663.239542007,13.014000,2001,101,0.055000
1609059663.240587950,11.029000,2011,102,0.024000
1609059663.265563488,29.018999,2010,100,0.055000
1609059663.289833307,29.649000,2001,100,0.056000
1609059663.314774752,12.810000,2000,101,0.024000
1609059663.315540552,10.290000,2010,102,0.024000
1609059663.340575695,29.459999,2011,100,0.056000
1609059663.389740467,29.445000,2000,100,0.055000
1609059663.390522480,13.705000,2010,101,0.055000
1609059663.414820671,13.025000,2001,101,0.055000
1609059663.415566921,11.016000,2011,102,0.055000
1609059663.440481663,28.990000,2010,100,0.024000
1609059663.464771986,33.646999,2001,100,10.536000
1609059663.489784956,12.800000,2000,101,0.055000
1609059663.490568399,10.241000,2010,102,0.055000
1609059663.564719200,29.480000,2000,100,0.055000
1609059663.565486193,13.699000,2010,101,0.055000
1609059663.589783192,13.061000,2001,101,0.055000
1609059663.590520382,11.007000,2011,102,0.024000
1609059663.615527153,28.990000,2010,100,0.055000
1609059663.639848948,29.683001,2001,100,0.056000
1609059663.664712429,12.876000,2000,101,0.055000
1609059663.665528774,10.260000,2010,102,0.055000
1609059663.690023899,29.018999,2011,100,0.129000
1609059663.739745617,29.618999,2000,100,0.055000
1609059663.740498781,13.744000,2010,101,0.055000
1609059663.764930964,13.133000,2001,101,0.055000
1609059663.765734911,10.944000,2011,102,0.024000
1609059663.790479422,28.997999,2010,100,0.024000
1609059663.814788342,45.983002,2001,100,0.056000
1609059663.839771271,12.871000,2000,101,0.055000
1609059663.840476751,10.237000,2010,102,0.055000
1609059663.914712667,29.511000,2000,100,0.055000
1609059663.939574957,13.173000,2001,101,0.024000
1609059663.939983130,10.511000,2011,102,0.268000
1609059663.965552092,29.032000,2010,100,0.055000
1609059663.989772797,46.056000,2001,100,0.056000
1609059664.014759779,12.945000,2000,101,0.055000
1609059664.015573263,10.230000,2010,102,0.055000
1609059664.089728832,29.516001,2000,100,0.024000
1609059664.090532541,13.845000,2010,101,0.055000
1609059664.114751339,13.206000,2001,101,0.055000
1609059664.115542889,10.918000,2011,102,0.055000
1609059664.140469790,29.034000,2010,100,0.055000
1609059664.164229155,49.956001,2001,100,10.536000
1609059664.189723015,12.966000,2000,101,0.055000
1609059664.190477133,10.180000,2010,102,0.055000
1609059664.214675665,10.480000,2001,102,0.055000
1609059664.215599298,29.073999,2011,100,0.056000
1609059664.264790058,29.802999,2000,100,0.055000
1609059664.265514612,13.845000,2010,101,0.055000
1609059664.289556026,13.274000,2001,101,0.024000
1609059664.290002823,10.474000,2011,102,0.268000
1609059664.315484047,29.004000,2010,100,0.024000
1609059664.339775801,62.344002,2001,100,0.056000
1609059664.364719629,12.989000,2000,101,0.024000
1609059664.365597248,10.175000,2010,102,0.055000
1609059664.390530109,28.882000,2011,100,0.268000
1609059664.439663649,29.514000,2000,100,0.055000
1609059664.440450907,13.848000,2010,101,0.055000
1609059664.464515448,13.250000,2001,101,0.024000
1609059664.489661455,11.250000,2000,102,0.055000
1609059664.490453959,29.007999,2010,100,0.055000
1609059664.514772415,62.388000,2001,100,0.056000
1609059664.515561104,13.695000,2011,101,0.055000
1609059664.539715528,13.003000,2000,101,0.055000
1609059664.540505171,10.190000,2010,102,0.055000
1609059664.614727259,29.528999,2000,100,0.055000
1609059664.615431547,13.910000,2010,101,0.024000
1609059664.639706612,13.264000,2001,101,0.055000
1609059664.640011787,10.477000,2011,102,0.268000
1609059664.664729834,11.231000,2000,102,0.055000
1609059664.689924240,53.562000,2001,100,0.055000
1609059664.714707136,13.008000,2000,101,0.055000
1609059664.715575933,10.178000,2010,102,0.024000
1609059664.740516901,29.398001,2011,100,0.055000
1609059664.789715767,29.542000,2000,100,0.055000
1609059664.790438175,13.892000,2010,101,0.024000
1609059664.814755917,13.244000,2001,101,0.055000
1609059664.814991236,10.453000,2011,102,0.268000
1609059664.864723206,62.320000,2001,100,0.055000
1609059664.889740944,13.002000,2000,101,0.055000
1609059664.890556335,10.162000,2010,102,0.055000
1609059664.915559769,29.466000,2011,100,0.268000
1609059664.964692116,29.559999,2000,100,0.055000
1609059664.989550591,13.282000,2001,101,0.024000
1609059664.989970922,10.424000,2011,102,0.268000
1609059665.015457392,29.049999,2010,100,0.055000
1609059665.039730787,62.305000,2001,100,0.055000
1609059665.064727068,12.917000,2000,101,0.055000
1609059665.065494061,10.146000,2010,102,0.055000
1609059665.089970827,29.344999,2011,100,0.268000
1609059665.139721394,29.582001,2000,100,0.055000
1609059665.140500069,13.846000,2010,101,0.055000
1609059665.164693832,13.229000,2001,101,0.055000
1609059665.165034056,10.373000,2011,102,0.268000
1609059665.189703226,11.178000,2000,102,0.055000
1609059665.190438271,29.082001,2010,100,0.055000
1609059665.214698792,62.294998,2001,100,0.056000
1609059665.239687443,12.938000,2000,101,0.055000
1609059665.240435600,10.129000,2010,102,0.055000
1609059665.314730167,29.559000,2000,100,0.055000
1609059665.339471340,13.142000,2001,101,0.055000
1609059665.339962721,10.467000,2011,102,0.268000
1609059665.365501404,29.132999,2010,100,0.055000
1609059665.389227867,53.375000,2001,100,10.536000
1609059665.414733887,12.957000,2000,101,0.024000
1609059665.415504456,10.117000,2010,102,0.055000
1609059665.439674616,10.390000,2001,102,0.055000
1609059665.440453053,29.459999,2011,100,0.055000
1609059665.489687920,29.781000,2000,100,0.055000
1609059665.490452766,13.845000,2010,101,0.055000
1609059665.514773846,13.167000,2001,101,0.055000
1609059665.515517235,10.838000,2011,102,0.055000
1609059665.540534496,29.129999,2010,100,0.024000
1609059665.564727306,62.269001,2001,100,0.056000
1609059665.589699507,12.901000,2000,101,0.055000
1609059665.590490341,10.111000,2010,102,0.055000
1609059665.615061045,10.385000,2001,102,0.055000
1609059665.615437508,29.259001,2011,100,0.268000
1609059665.664718866,29.657000,2000,100,0.055000
1609059665.665407658,13.786000,2010,101,0.055000
1609059665.689679146,13.190000,2001,101,0.055000
1609059665.690490723,10.707000,2011,102,0.055000
1609059665.715425491,29.134001,2010,100,0.055000
1609059665.739752769,29.778000,2001,100,0.056000
1609059665.789724350,10.405000,2001,102,0.055000
1609059665.790525436,29.888000,2011,100,0.055000
1609059665.839693546,29.941999,2000,100,0.055000
1609059665.840478420,13.764000,2010,101,0.055000
1609059665.864793062,13.161000,2001,101,0.055000
1609059665.865546465,10.741000,2011,102,0.055000
1609059665.890469074,29.198999,2010,100,0.055000
1609059665.914730549,62.224998,2001,100,0.056000
1609059665.939733982,12.854000,2000,101,0.055000
1609059665.940505981,10.059000,2010,102,0.055000
1609059665.966052771,10.377000,2001,102,0.055000
1609059666.014750242,29.712000,2000,100,0.055000
1609059666.015429974,13.770000,2010,101,0.055000
1609059666.039778709,13.134000,2001,101,0.055000
1609059666.040571213,10.740000,2011,102,0.055000
1609059666.064679384,11.155000,2000,102,0.055000
1609059666.065453768,29.267000,2010,100,0.055000
1609059666.115681410,12.852000,2000,101,0.055000
1609059666.115938902,10.069000,2010,102,0.055000
1609059666.140416145,29.613001,2011,100,0.055000
1609059666.189706087,29.867001,2000,100,0.024000
1609059666.190425158,13.742000,2010,101,0.055000
1609059666.214692593,13.095000,2001,101,0.055000
1609059666.214914799,10.351000,2011,102,0.268000
1609059666.240414143,29.254999,2010,100,0.055000
1609059666.264696360,37.333000,2001,100,0.056000
1609059666.265426636,13.538000,2011,101,0.024000
1609059666.289691687,12.746000,2000,101,0.055000
1609059666.290613174,10.110000,2010,102,0.055000
1609059666.315533876,29.385000,2011,100,0.268000
1609059666.364718199,29.757000,2000,100,0.055000
1609059666.365482330,13.705000,2010,101,0.055000
1609059666.389718056,13.024000,2001,101,0.055000
1609059666.390476942,10.719000,2011,102,0.055000
1609059666.415447235,29.334000,2010,100,0.055000
1609059666.439765692,61.638000,2001,100,10.536000
1609059666.464656115,12.751000,2000,101,0.055000
1609059666.465432882,10.078000,2010,102,0.055000
1609059666.489655733,10.406000,2001,102,0.055000
1609059666.489920378,29.283001,2011,100,0.129000
1609059666.539708376,29.843000,2000,100,0.056000
1609059666.540446043,13.629000,2010,101,0.024000
1609059666.564496756,13.024000,2001,101,0.055000
1609059666.564987183,10.289000,2011,102,0.268000
1609059666.590379715,29.334999,2010,100,0.055000
1609059666.614779472,46.013000,2001,100,0.056000
1609059666.615515709,13.422000,2011,101,0.055000
1609059666.639729261,12.700000,2000,101,0.055000
1609059666.640517473,10.140000,2010,102,0.055000
1609059666.664967537,29.302999,2011,100,0.129000
1609059666.714679480,29.879000,2000,100,0.055000
1609059666.715399504,13.615000,2010,101,0.055000
1609059666.739552736,12.945000,2001,101,0.055000
1609059666.740606785,10.843000,2011,102,0.055000
1609059666.765547276,29.367001,2010,100,0.055000
1609059666.789723158,30.075001,2001,100,0.056000
1609059666.814985752,12.653000,2000,101,0.055000
1609059666.815474272,10.125000,2010,102,0.055000
1609059666.889670134,29.913000,2000,100,0.055000
1609059666.890452385,13.617000,2010,101,0.024000
1609059666.914478540,12.939000,2001,101,0.024000
1609059666.914970398,10.409000,2011,102,0.268000
1609059666.940389156,29.422001,2010,100,0.055000
1609059666.964694023,46.230999,2001,100,0.056000
1609059666.989732504,12.652000,2000,101,0.024000
1609059666.990432978,10.151000,2010,102,0.055000
1609059667.015435696,29.422001,2011,100,0.268000
1609059667.064725876,29.944000,2000,100,0.055000
1609059667.065409660,13.534000,2010,101,0.055000
1609059667.089457273,12.905000,2001,101,0.055000
1609059667.090464830,10.919000,2011,102,0.055000
1609059667.115390539,29.482000,2010,100,0.055000
1609059667.139203072,34.021999,2001,100,10.536000
1609059667.164702177,12.619000,2000,101,0.024000
1609059667.165504932,10.168000,2010,102,0.055000
1609059667.189962387,29.559999,2011,100,0.129000
1609059667.239632368,29.981001,2000,100,0.055000
1609059667.240375996,13.478000,2010,101,0.055000
1609059667.264672279,12.847000,2001,101,0.055000
1609059667.265491247,10.901000,2011,102,0.055000
1609059667.290391207,29.528999,2010,100,0.024000
1609059667.339687586,12.568000,2000,101,0.055000
1609059667.340473890,10.229000,2010,102,0.055000
1609059667.364692926,10.532000,2001,102,0.055000
1609059667.365549803,29.362000,2011,100,0.268000
1609059667.415384054,13.430000,2010,101,0.055000
1609059667.439686298,12.822000,2001,101,0.055000
1609059667.439964294,10.474000,2011,102,0.268000
1609059667.465432882,29.538000,2010,100,0.055000
1609059667.489687204,46.401001,2001,100,0.056000
1609059667.514643669,12.483000,2000,101,0.024000
1609059667.515478373,10.218000,2010,102,0.055000
1609059667.540405273,29.774000,2011,100,0.268000
1609059667.615514278,12.752000,2001,101,0.055000
1609059667.615754604,10.461000,2011,102,0.268000
1609059667.640409708,29.591000,2010,100,0.024000
1609059667.664704800,62.520000,2001,100,0.056000
1609059667.689633608,12.385000,2000,101,0.055000
1609059667.690452814,10.249000,2010,102,0.055000
1609059667.714654684,10.591000,2001,102,0.055000
1609059667.715399981,29.563999,2011,100,0.268000
1609059667.764649391,30.149000,2000,100,0.055000
1609059667.765446424,13.353000,2010,101,0.055000
1609059667.789495945,12.666000,2001,101,0.024000
1609059667.789940357,10.586000,2011,102,0.268000
1609059667.815445662,29.684000,2010,100,0.055000
1609059667.839134932,33.966000,2001,100,10.536000
1609059667.865446806,10.287000,2010,102,0.055000
1609059667.890399456,29.613001,2011,100,0.268000
1609059667.939683676,30.257999,2000,100,0.055000
1609059667.940402031,13.250000,2010,101,0.024000
1609059667.964474440,12.602000,2001,101,0.055000
1609059667.965027332,10.620000,2011,102,0.268000
1609059667.990403414,29.753000,2010,100,0.055000
1609059668.014658689,62.580002,2001,100,0.056000
1609059668.039676189,12.303000,2000,101,0.024000
1609059668.040474415,10.317000,2010,102,0.055000
1609059668.114746809,30.283001,2000,100,0.055000
1609059668.115412951,13.191000,2010,101,0.055000
1609059668.139457941,12.534000,2001,101,0.055000
1609059668.139923334,10.646000,2011,102,0.268000
1609059668.165445328,29.785000,2010,100,0.055000
1609059668.189739227,46.580002,2001,100,0.056000
1609059668.214673042,12.206000,2000,101,0.055000
1609059668.215464592,10.353000,2010,102,0.055000
1609059668.290388107,13.119000,2010,101,0.055000
1609059668.314492941,12.445000,2001,101,0.055000
1609059668.315498590,11.070000,2011,102,0.055000
1609059668.340448141,29.849001,2010,100,0.055000
1609059668.364176273,61.964001,2001,100,10.536000
1609059668.389665604,12.177000,2000,101,0.024000
1609059668.390439034,10.422000,2010,102,0.055000
1609059668.415418625,30.000999,2011,100,10.536000
1609059668.464631319,30.302999,2000,100,0.055000
1609059668.465668440,13.101000,2010,101,0.055000
1609059668.489614487,12.461000,2001,101,0.024000
1609059668.490421772,11.101000,2011,102,0.055000
1609059668.515470505,29.955000,2010,100,0.055000
1609059668.539103508,63.463997,2001,100,10.536000
1609059668.564649582,12.120000,2000,101,0.055000
1609059668.565494537,10.412000,2010,102,0.055000
1609059668.590504169,29.903000,2011,100,0.268000
1609059668.639668703,30.482000,2000,100,0.055000
1609059668.640350342,13.048000,2010,101,0.055000
1609059668.664421558,12.376000,2001,101,0.055000
1609059668.665422678,11.162000,2011,102,0.024000
1609059668.690423727,29.985001,2010,100,0.055000
1609059668.714640379,46.678001,2001,100,0.056000
1609059668.739732981,12.103000,2000,101,0.055000
1609059668.740411758,10.435000,2010,102,0.055000
1609059668.814642429,30.549000,2000,100,0.055000
1609059668.815385342,12.991000,2010,101,0.024000
1609059668.839472055,12.286000,2001,101,0.055000
1609059668.840452909,11.186000,2011,102,0.055000
1609059668.865409136,30.091000,2010,100,0.055000
1609059668.889661312,62.819000,2001,100,0.056000
1609059668.914614201,12.010000,2000,101,0.055000
1609059668.915430307,10.461000,2010,102,0.055000
1609059668.940475702,46.611000,2011,100,0.056000
1609059668.989654303,30.655001,2000,100,0.055000
1609059668.990370274,12.905000,2010,101,0.024000
1609059669.014449120,12.268000,2001,101,0.055000
1609059669.014907122,10.739000,2011,102,0.268000
1609059669.040358782,30.132999,2010,100,0.055000
1609059669.064696789,62.824001,2001,100,0.056000
1609059669.089613199,11.951000,2000,101,0.055000
1609059669.090424538,10.481000,2010,102,0.055000
1609059669.164648771,30.698000,2000,100,0.055000
1609059669.165377855,12.844000,2010,101,0.055000
1609059669.189717770,12.277000,2001,101,0.055000
1609059669.189930916,10.785000,2011,102,0.268000
1609059669.215351343,30.232000,2010,100,0.055000
1609059669.239680767,62.757999,2001,100,0.056000
1609059669.264724731,11.897000,2000,101,0.024000
1609059669.265501976,10.506000,2010,102,0.055000
1609059669.290402651,30.427999,2011,100,0.268000
1609059669.339610577,30.778000,2000,100,0.055000
1609059669.340350628,12.793000,2010,101,0.055000
1609059669.364498377,12.147000,2001,101,0.055000
1609059669.365471601,11.203000,2011,102,0.055000
1609059669.390401840,30.329000,2010,100,0.055000
1609059669.414632320,62.132000,2001,100,10.536000
1609059669.439647198,11.841000,2000,101,0.055000
1609059669.440412045,10.552000,2010,102,0.055000
1609059669.464618683,10.849000,2001,102,0.055000
1609059669.514628649,30.910999,2000,100,0.055000
1609059669.515341759,12.739000,2010,101,0.024000
1609059669.539636612,12.069000,2001,101,0.024000
1609059669.540468216,11.240000,2011,102,0.055000
1609059669.565409899,30.379000,2010,100,0.055000
1609059669.589651108,62.695000,2001,100,0.056000
1609059669.614610434,11.832000,2000,101,0.024000
1609059669.615436792,10.507000,2010,102,0.055000
1609059669.640381813,30.538000,2011,100,0.268000
1609059669.689586878,30.955000,2000,100,0.055000
1609059669.690355301,12.714000,2010,101,0.055000
1609059669.714720249,12.126000,2001,101,0.055000
1609059669.715412855,11.147000,2011,102,0.055000
1609059669.740399122,30.476999,2010,100,0.055000
1609059669.764605999,62.577999,2001,100,0.056000
1609059669.789615154,11.754000,2000,101,0.055000
1609059669.790409327,10.414000,2010,102,0.055000
1609059669.814921379,30.521999,2011,100,0.129000
1609059669.864593983,31.056000,2000,100,0.056000
1609059669.889721394,12.092000,2001,101,0.055000
1609059669.890414476,11.108000,2011,102,0.055000
1609059669.915587902,30.605000,2010,100,0.055000
1609059669.939676523,31.283001,2001,100,0.056000
1609059669.989933252,46.762001,2011,100,0.268000
1609059670.064448595,12.068000,2001,101,0.055000
1609059670.065401316,11.066000,2011,102,0.055000
1609059670.090360165,30.671000,2010,100,0.024000
1609059670.114673853,46.848000,2001,100,0.056000
1609059670.139662743,11.726000,2000,101,0.055000
1609059670.140489340,10.394000,2010,102,0.055000
1609059670.164988756,30.597000,2011,100,0.129000
1609059670.214642048,31.250999,2000,100,0.024000
1609059670.215384245,12.627000,2010,101,0.024000
1609059670.239753246,12.105000,2001,101,0.055000
1609059670.240406036,11.063000,2011,102,0.024000
1609059670.265383959,30.798000,2010,100,0.055000
1609059670.289704084,31.431000,2001,100,0.056000
1609059670.314648151,11.719000,2000,101,0.024000
1609059670.315397978,10.394000,2010,102,0.024000
1609059670.339613914,10.752000,2001,102,0.024000
1609059670.339866161,31.177000,2011,100,0.268000
1609059670.389621496,31.612999,2000,100,0.056000
1609059670.390141726,12.740000,2010,101,0.055000
1609059670.414728880,12.124000,2001,101,0.055000
1609059670.415446758,10.973000,2011,102,0.055000
1609059670.440363407,30.886999,2010,100,0.055000
1609059670.464615822,46.905998,2001,100,0.056000
1609059670.489607573,11.669000,2000,101,0.055000
1609059670.490441561,10.336000,2010,102,0.055000
1609059670.564610004,31.405998,2000,100,0.024000
1609059670.565371037,12.661000,2010,101,0.055000
1609059670.589723587,12.076000,2001,101,0.055000
1609059670.590451717,10.953000,2011,102,0.024000
1609059670.639636755,46.865002,2001,100,0.056000
1609059670.664618492,11.680000,2000,101,0.024000
1609059670.665139675,10.249000,2010,102,0.024000
1609059670.690376282,31.337002,2011,100,0.055000
1609059670.739689589,31.485001,2000,100,0.024000
1609059670.740441322,12.652000,2010,101,0.055000
1609059670.764493704,12.097000,2001,101,0.055000
1609059670.765526772,10.918000,2011,102,0.055000
1609059670.790426493,31.048000,2010,100,0.055000
1609059670.814671755,46.971001,2001,100,0.056000
1609059670.839644670,11.695000,2000,101,0.055000
1609059670.840120554,10.198000,2010,102,0.055000
1609059670.864932060,31.306999,2011,100,0.268000
1609059670.914593220,31.548000,2000,100,0.055000
1609059670.915317535,12.684000,2010,101,0.055000
1609059670.939390659,12.081000,2001,101,0.055000
1609059670.940371990,10.736000,2011,102,0.055000
1609059670.965350628,31.120001,2010,100,0.055000
1609059670.989635229,31.791000,2001,100,0.055000
1609059671.014595270,11.752000,2000,101,0.055000
1609059671.015130758,10.115000,2010,102,0.055000
1609059671.039879799,31.146000,2011,100,10.536000
1609059671.089629650,31.615002,2000,100,0.056000
1609059671.090108395,12.718000,2010,101,0.055000
1609059671.114402056,12.088000,2001,101,0.055000
1609059671.115408897,10.690000,2011,102,0.055000
1609059671.140330315,31.146000,2010,100,0.024000
1609059671.164619446,46.935001,2001,100,0.056000
1609059671.189594269,11.766000,2000,101,0.055000
1609059671.190341234,10.043000,2010,102,0.055000
1609059671.264570475,31.669998,2000,100,0.055000
1609059671.265151024,12.763000,2010,101,0.055000
1609059671.289721489,12.191000,2001,101,0.055000
1609059671.290723562,10.603000,2011,102,0.055000
1609059671.339618444,32.015999,2001,100,0.056000
1609059671.364634991,11.825000,2000,101,0.055000
1609059671.365436077,9.957000,2010,102,0.055000
1609059671.390383005,31.633999,2011,100,0.268000
1609059671.439606667,31.660000,2000,100,0.055000
1609059671.440160513,12.830000,2010,101,0.024000
1609059671.465387106,12.301000,2001,101,0.024000
1609059671.465672493,10.494000,2011,102,0.055000
1609059671.489546776,10.942000,2000,102,0.055000
1609059671.490335226,31.277000,2010,100,0.024000
1609059671.514612675,31.965000,2001,100,0.056000
1609059671.539566040,11.935000,2000,101,0.055000
1609059671.540337324,9.819000,2010,102,0.055000
1609059671.565396786,61.981998,2011,100,0.056000
1609059671.614768028,31.747002,2000,100,0.055000
1609059671.615055561,12.922000,2010,101,0.055000
1609059671.639398575,12.400000,2001,101,0.055000
1609059671.640362740,10.406000,2011,102,0.055000
1609059671.665334463,31.269001,2010,100,0.055000
1609059671.689573050,31.973999,2001,100,0.055000
1609059671.714611530,12.008000,2000,101,0.055000
1609059671.716167688,9.723000,2010,102,0.055000
1609059671.740377426,61.897999,2011,100,0.056000
1609059671.789649963,31.694000,2000,100,0.056000
1609059671.814728975,12.556000,2001,101,0.055000
1609059671.815467358,10.243000,2011,102,0.055000
1609059671.840371847,31.228001,2010,100,0.055000
1609059671.864741564,31.953999,2001,100,0.055000
1609059671.889591932,12.126000,2000,101,0.055000
1609059671.890299320,9.566000,2010,102,0.055000
1609059671.915381670,46.428001,2011,100,0.268000
1609059671.964606524,31.655998,2000,100,0.056000
1609059671.989391565,12.610000,2001,101,0.055000
1609059671.990353823,10.093000,2011,102,0.055000
1609059672.015338182,31.242001,2010,100,0.024000
1609059672.039654732,31.884998,2001,100,0.024000
1609059672.064579487,12.262000,2000,101,0.055000
1609059672.065304756,9.451000,2010,102,0.055000
1609059672.090371609,45.661999,2011,100,10.536000
1609059672.139647245,31.659000,2000,100,0.056000
1609059672.140317202,13.285000,2010,101,0.055000
1609059672.164618731,12.774000,2001,101,0.055000
1609059672.165158033,9.914000,2011,102,0.024000
1609059672.190347910,31.208000,2010,100,0.055000
1609059672.214626551,31.889000,2001,100,0.055000
1609059672.239616632,12.431000,2000,101,0.024000
1609059672.240509033,9.303000,2010,102,0.024000
1609059672.265473604,46.265999,2011,100,0.056000
1609059672.314597368,31.610001,2000,100,0.056000
1609059672.339550257,12.913000,2001,101,0.055000
1609059672.340359926,9.799000,2011,102,0.024000
1609059672.365559578,31.163000,2010,100,0.024000
1609059672.389571428,31.806999,2001,100,0.055000
1609059672.414592981,12.507000,2000,101,0.055000
1609059672.415314198,9.133000,2010,102,0.055000
1609059672.440415859,61.243999,2011,100,0.056000
1609059672.489635706,31.523998,2000,100,0.056000
1609059672.514585495,13.066000,2001,101,0.055000
1609059672.515376568,9.638000,2011,102,0.055000
1609059672.540327072,31.073000,2010,100,0.055000
1609059672.564600229,31.754002,2001,100,0.055000
1609059672.589561462,12.689000,2000,101,0.024000
1609059672.590298176,8.973000,2010,102,0.055000
1609059672.615380049,30.937000,2011,100,0.056000
1609059672.664598227,31.472000,2000,100,0.055000
1609059672.689430475,13.215000,2001,101,0.055000
1609059672.690412521,9.445000,2011,102,0.055000
1609059672.715375423,31.059000,2010,100,0.055000
1609059672.739558220,31.698002,2001,100,0.055000
1609059672.764562368,12.856000,2000,101,0.055000
1609059672.765354633,8.842000,2010,102,0.055000
1609059672.790400743,31.090000,2011,100,0.056000
1609059672.839630127,31.398998,2000,100,0.056000
1609059672.864641666,13.428000,2001,101,0.055000
1609059672.865342855,9.279000,2011,102,0.055000
1609059672.890311241,31.002001,2010,100,0.024000
1609059672.914555550,31.678001,2001,100,0.024000
1609059672.939589262,13.015000,2000,101,0.024000
1609059672.940346241,8.645000,2010,102,0.055000
1609059672.964935780,34.952999,2011,100,10.536000
1609059673.014662504,31.344002,2000,100,0.056000
1609059673.039337873,13.597000,2001,101,0.055000
1609059673.040099621,9.065000,2011,102,0.055000
1609059673.065296888,30.903999,2010,100,0.055000
1609059673.089531183,31.581001,2001,100,0.055000
1609059673.114599705,13.175000,2000,101,0.055000
1609059673.115306616,8.481000,2010,102,0.055000
1609059673.189590216,31.306999,2000,100,0.056000
1609059673.214356899,13.738000,2001,101,0.055000
1609059673.215166569,8.885000,2011,102,0.055000
1609059673.239598274,9.413000,2000,102,0.055000
1609059673.240314722,30.849001,2010,100,0.055000
1609059673.264620304,31.516998,2001,100,0.055000
1609059673.289615393,13.342000,2000,101,0.055000
1609059673.290308952,8.303000,2010,102,0.055000
1609059673.364589453,31.233999,2000,100,0.056000
1609059673.389587402,13.921000,2001,101,0.024000
1609059673.390109062,8.687000,2011,102,0.055000
1609059673.415341854,30.764999,2010,100,0.055000
1609059673.439548969,31.424999,2001,100,0.055000
1609059673.464612484,13.564000,2000,101,0.055000
1609059673.465320110,8.151000,2010,102,0.055000
1609059673.539633274,31.059999,2000,100,0.056000
1609059673.540317059,14.637000,2010,101,0.055000
1609059673.564383745,14.149000,2001,101,0.024000
1609059673.565180779,8.492000,2011,102,0.055000
1609059673.590301514,30.664000,2010,100,0.055000
1609059673.614602089,31.358002,2001,100,0.055000
1609059673.639622688,13.739000,2000,101,0.055000
1609059673.640281916,7.891000,2010,102,0.055000
1609059673.665393353,59.956001,2011,100,0.055000
1609059673.714591265,30.982000,2000,100,0.056000
1609059673.739366055,14.312000,2001,101,0.055000
1609059673.740079165,8.303000,2011,102,0.055000
1609059673.764542580,8.840000,2000,102,0.055000
1609059673.765361547,30.593000,2010,100,0.055000
1609059673.789529800,31.256001,2001,100,0.055000
1609059673.814574480,13.967000,2000,101,0.055000
1609059673.815078735,7.700000,2010,102,0.024000
1609059673.889527798,30.985001,2000,100,0.055000
1609059673.890259504,15.125000,2010,101,0.024000
1609059673.914305687,14.558000,2001,101,0.024000
1609059673.915428400,8.209000,2011,102,0.055000
1609059673.940327644,30.423000,2010,100,0.055000
1609059673.964649200,31.157000,2001,100,0.055000
1609059673.989556551,14.133000,2000,101,0.055000
1609059673.990082741,7.524000,2010,102,0.055000
1609059674.014765501,49.979000,2011,100,0.268000
1609059674.064557076,31.068001,2000,100,0.055000
1609059674.089417696,14.654000,2001,101,0.055000
1609059674.090345860,7.991000,2011,102,0.055000
1609059674.114526510,8.455000,2000,102,0.055000
1609059674.115319252,30.334000,2010,100,0.055000
1609059674.139613390,31.033001,2001,100,0.055000
1609059674.164593935,14.343000,2000,101,0.055000
1609059674.165141106,7.360000,2010,102,0.055000
1609059674.190256596,59.387001,2011,100,0.055000
1609059674.239598274,30.667999,2000,100,0.056000
1609059674.264544964,14.909000,2001,101,0.055000
1609059674.265432358,7.861000,2011,102,0.055000
1609059674.290339231,30.280001,2010,100,0.055000
1609059674.314610720,30.945000,2001,100,0.055000
1609059674.339542627,14.471000,2000,101,0.055000
1609059674.340057611,7.237000,2010,102,0.055000
1609059674.365537405,58.872002,2011,100,0.268000
1609059674.414573431,30.586000,2000,100,0.056000
1609059674.415305853,15.611000,2010,101,0.055000
1609059674.439590693,15.066000,2001,101,0.055000
1609059674.440348625,7.704000,2011,102,0.055000
1609059674.465291977,30.238001,2010,100,0.024000
1609059674.489559174,30.858999,2001,100,0.055000
1609059674.514563799,14.650000,2000,101,0.055000
1609059674.515421629,7.161000,2010,102,0.055000
1609059674.540304422,59.110001,2011,100,0.055000
1609059674.589570999,30.523001,2000,100,0.056000
1609059674.590314150,15.740000,2010,101,0.055000
1609059674.614303350,15.245000,2001,101,0.024000
1609059674.615377665,7.551000,2011,102,0.055000
1609059674.640343904,30.139999,2010,100,0.055000
1609059674.664511442,30.761999,2001,100,0.055000
1609059674.689529896,14.782000,2000,101,0.024000
1609059674.690064669,6.968000,2010,102,0.024000
1609059674.715339422,59.000000,2011,100,0.055000
1609059674.764621258,30.391001,2000,100,0.055000
1609059674.765428305,15.875000,2010,101,0.055000
1609059674.789527655,15.323000,2001,101,0.055000
1609059674.790361166,7.458000,2011,102,0.055000
1609059674.814497232,7.889000,2000,102,0.055000
1609059674.815279245,30.048000,2010,100,0.055000
1609059674.839571953,30.660999,2001,100,0.055000
1609059674.864537716,14.865000,2000,101,0.055000
1609059674.865335464,6.882000,2010,102,0.055000
1609059674.890267372,58.893002,2011,100,0.055000
1609059674.939590454,30.298000,2000,100,0.055000
1609059674.940261602,15.992001,2010,101,0.055000
1609059674.964517593,15.403000,2001,101,0.055000
1609059674.965354919,7.342000,2011,102,0.055000
1609059674.989489794,7.779000,2000,102,0.055000
1609059674.990243435,29.940001,2010,100,0.055000
1609059675.014535427,30.563000,2001,100,0.055000
1609059675.040329218,15.012000,2000,101,0.055000
1609059675.040598154,6.773000,2010,102,0.055000
1609059675.114519835,30.188000,2000,100,0.055000
1609059675.115244389,16.101999,2010,101,0.055000
1609059675.139544725,15.556000,2001,101,0.055000
1609059675.140357256,7.218000,2011,102,0.055000
1609059675.165280342,29.799999,2010,100,0.055000
1609059675.189558268,30.424000,2001,100,0.024000
1609059675.214602470,15.125000,2000,101,0.055000
1609059675.215283632,6.703000,2010,102,0.055000
1609059675.240329266,44.125999,2011,100,0.056000
1609059675.289550543,30.120001,2000,100,0.024000
1609059675.290225983,16.171000,2010,101,0.055000
1609059675.314275026,15.694000,2001,101,0.055000
1609059675.315284491,7.123000,2011,102,0.055000
1609059675.340254784,29.726000,2010,100,0.055000
1609059675.364563465,30.316000,2001,100,0.055000
1609059675.389562845,15.187000,2000,101,0.055000
1609059675.390249491,6.592000,2010,102,0.055000
1609059675.415343523,58.667999,2011,100,0.056000
1609059675.464528084,30.004999,2000,100,0.055000
1609059675.465231419,16.306000,2010,101,0.055000
1609059675.489514351,15.709999,2001,101,0.055000
1609059675.490295172,7.041000,2011,102,0.055000
1609059675.514571428,7.537000,2000,102,0.055000
1609059675.515283823,29.587999,2010,100,0.055000
1609059675.539588451,30.201000,2001,100,0.055000
1609059675.564509630,15.312000,2000,101,0.055000
1609059675.565328121,6.503000,2010,102,0.055000
1609059675.590247869,58.598000,2011,100,0.055000
1609059675.639544249,29.881001,2000,100,0.055000
1609059675.640276909,16.458000,2010,101,0.055000
1609059675.664484501,15.857000,2001,101,0.055000
1609059675.664767265,6.599000,2011,102,0.268000
1609059675.689483404,7.441000,2000,102,0.024000
1609059675.690219641,29.516001,2010,100,0.024000
1609059675.714542627,30.059000,2001,100,0.055000
1609059675.739575863,15.421000,2000,101,0.055000
1609059675.740304708,6.401000,2010,102,0.055000
1609059675.765346050,58.527000,2011,100,0.055000
1609059675.814507008,29.750999,2000,100,0.055000
1609059675.815244436,16.516001,2010,101,0.055000
1609059675.839541197,15.966000,2001,101,0.055000
1609059675.840315104,6.888000,2011,102,0.055000
1609059675.864492655,7.303000,2000,102,0.055000
1609059675.865231276,29.362000,2010,100,0.055000
1609059675.889528275,43.974998,2001,100,0.055000
1609059675.914556980,15.532000,2000,101,0.024000
1609059675.915290833,6.301000,2010,102,0.055000
1609059675.940336227,58.486000,2011,100,0.055000
1609059675.989524126,29.593000,2000,100,0.055000
1609059675.990222931,16.664000,2010,101,0.055000
1609059676.014493942,16.084000,2001,101,0.055000
1609059676.015282869,6.791000,2011,102,0.055000
1609059676.040277481,29.288000,2010,100,0.055000
1609059676.064516068,29.860001,2001,100,0.055000
1609059676.089529276,15.670000,2000,101,0.055000
1609059676.090215206,6.204000,2010,102,0.055000
1609059676.115295172,58.449001,2011,100,0.055000
1609059676.164501190,29.497999,2000,100,0.055000
1609059676.189494848,16.200001,2001,101,0.055000
1609059676.190297127,6.705000,2011,102,0.055000
1609059676.215235472,29.160999,2010,100,0.055000
1609059676.239503145,43.834999,2001,100,0.055000
1609059676.264463186,15.767000,2000,101,0.055000
1609059676.265404224,6.106000,2010,102,0.055000
1609059676.339558125,29.417000,2000,100,0.024000
1609059676.340267658,16.870001,2010,101,0.055000
1609059676.364509821,16.237000,2001,101,0.055000
1609059676.364807129,6.215000,2011,102,0.268000
1609059676.390244961,29.039000,2010,100,0.055000
1609059676.414587259,29.618000,2001,100,0.055000
1609059676.439552546,15.875999,2000,101,0.055000
1609059676.440294266,5.981000,2010,102,0.024000
1609059676.514500141,29.292999,2000,100,0.055000
1609059676.515207291,17.028999,2010,101,0.055000
1609059676.539589643,16.389000,2001,101,0.055000
1609059676.539789915,6.199000,2011,102,0.268000
1609059676.564451694,6.938000,2000,102,0.055000
1609059676.565273523,28.919001,2010,100,0.055000
1609059676.589535475,29.492001,2001,100,0.055000
1609059676.614520788,16.011000,2000,101,0.055000
1609059676.615269661,5.911000,2010,102,0.055000
1609059676.639516830,6.269000,2001,102,0.055000
1609059676.639697075,43.626999,2011,100,10.536000
1609059676.689474106,29.171000,2000,100,0.055000
1609059676.690224886,17.129999,2010,101,0.055000
1609059676.714501143,16.511000,2001,101,0.055000
1609059676.715291023,6.497000,2011,102,0.055000
1609059676.739499807,6.812000,2000,102,0.024000
1609059676.740224123,28.791000,2010,100,0.055000
1609059676.764499664,29.330000,2001,100,0.055000
1609059676.789560556,16.150999,2000,101,0.024000
1609059676.790260792,5.831000,2010,102,0.055000
1609059676.815307379,28.507999,2011,100,0.055000
1609059676.864506483,29.028000,2000,100,0.024000
1609059676.865220785,17.252001,2010,101,0.055000
1609059676.889538288,16.652000,2001,101,0.055000
1609059676.889760494,5.982000,2011,102,0.268000
1609059676.915282726,28.659000,2010,100,0.055000
1609059676.939561844,29.202000,2001,100,0.055000
1609059676.964488029,16.232000,2000,101,0.055000
1609059676.965407133,5.760000,2010,102,0.055000
1609059676.989523888,6.125000,2001,102,0.024000
1609059676.990279198,28.302999,2011,100,0.056000
1609059677.039538145,28.899000,2000,100,0.055000
1609059677.040307045,17.297001,2010,101,0.055000
1609059677.064497948,16.726000,2001,101,0.055000
1609059677.067326784,6.272000,2011,102,0.055000
1609059677.090226412,28.524000,2010,100,0.024000
1609059677.114539385,29.097000,2001,100,0.055000
1609059677.139487028,16.378000,2000,101,0.055000
1609059677.140247107,5.690000,2010,102,0.024000
1609059677.165309668,28.091999,2011,100,0.056000
1609059677.214459658,28.750999,2000,100,0.024000
1609059677.215246677,17.400999,2010,101,0.055000
1609059677.240158796,16.872999,2001,101,0.055000
1609059677.240423203,5.899000,2011,102,0.268000
1609059677.265254974,28.378000,2010,100,0.055000
1609059677.289479017,28.950001,2001,100,0.055000
1609059677.314517498,16.459000,2000,101,0.055000
1609059677.315262079,5.591000,2010,102,0.024000
1609059677.414480448,16.986000,2001,101,0.055000
1609059677.414770365,5.829000,2011,102,0.268000
1609059677.440218210,28.198000,2010,100,0.055000
1609059677.464500904,43.157001,2001,100,0.055000
1609059677.489480019,16.606001,2000,101,0.055000
1609059677.490309477,5.571000,2010,102,0.024000
1609059677.564451218,28.455000,2000,100,0.055000
1609059677.565267563,17.698999,2010,101,0.055000
1609059677.589487076,17.079000,2001,101,0.055000
1609059677.589742184,5.807000,2011,102,0.268000
1609059677.615593195,28.077999,2010,100,0.055000
1609059677.639441729,28.649000,2001,100,0.055000
1609059677.664455414,16.708000,2000,101,0.024000
1609059677.665285826,5.523000,2010,102,0.055000
1609059677.739531994,28.306999,2000,100,0.055000
1609059677.740462542,17.802000,2010,101,0.055000
1609059677.764500618,17.194000,2001,101,0.055000
1609059677.764813662,5.773000,2011,102,0.268000
1609059677.790235758,27.927999,2010,100,0.055000
1609059677.814474583,28.500999,2001,100,0.055000
1609059677.839536667,16.785999,2000,101,0.055000
1609059677.840275526,5.471000,2010,102,0.055000
1609059677.864581347,5.738000,2001,102,0.055000
1609059677.865322590,27.524000,2011,100,0.056000
1609059677.914470911,28.152000,2000,100,0.055000
1609059677.915219545,17.882999,2010,101,0.055000
1609059677.939472914,17.301001,2001,101,0.055000
1609059677.940280437,6.037000,2011,102,0.055000
1609059677.965229273,27.787001,2010,100,0.055000
1609059677.989531279,42.830002,2001,100,0.056000
1609059678.014486074,16.940001,2000,101,0.024000
1609059678.015285015,5.432000,2010,102,0.055000
1609059678.039585829,5.757000,2001,102,0.055000
1609059678.040276766,27.386000,2011,100,0.056000
1609059678.089489222,28.004000,2000,100,0.055000
1609059678.090249300,17.978001,2010,101,0.055000
1609059678.114599466,17.406000,2001,101,0.055000
1609059678.115276814,6.072000,2011,102,0.055000
1609059678.140225649,27.629999,2010,100,0.055000
1609059678.164484024,28.198999,2001,100,0.024000
1609059678.189446211,17.010000,2000,101,0.055000
1609059678.190234423,5.355000,2010,102,0.024000
1609059678.214479923,5.711000,2001,102,0.024000
1609059678.215272665,27.236000,2011,100,0.056000
1609059678.264453888,27.862000,2000,100,0.024000
1609059678.265248299,18.124001,2010,101,0.055000
1609059678.289449453,17.489000,2001,101,0.055000
1609059678.289720297,5.589000,2011,102,0.268000
1609059678.315176010,27.459000,2010,100,0.024000
1609059678.339686632,28.063999,2001,100,0.055000
1609059678.364498615,17.156000,2000,101,0.055000
1609059678.365220547,5.380000,2010,102,0.055000
1609059678.389485359,5.665000,2001,102,0.055000
1609059678.390222788,42.346001,2011,100,0.056000
1609059678.439448833,27.728001,2000,100,0.024000
1609059678.464463472,17.594000,2001,101,0.055000
1609059678.465291023,6.048000,2011,102,0.055000
1609059678.490235806,27.327999,2010,100,0.055000
1609059678.514474869,27.929001,2001,100,0.055000
1609059678.539479971,17.209999,2000,101,0.024000
1609059678.540268183,5.356000,2010,102,0.055000
1609059678.564561367,5.635000,2001,102,0.055000
1609059678.565258026,41.330002,2011,100,0.268000
1609059678.614511013,27.586000,2000,100,0.055000
1609059678.615195751,18.290001,2010,101,0.055000
1609059678.639472961,17.649000,2001,101,0.055000
1609059678.639734983,5.641000,2011,102,0.268000
1609059678.664452076,6.331000,2000,102,0.024000
1609059678.665185928,27.184000,2010,100,0.024000
1609059678.689494133,27.794001,2001,100,0.055000
1609059678.714473486,17.343000,2000,101,0.055000
1609059678.715315580,5.387000,2010,102,0.055000
1609059678.739488602,5.618000,2001,102,0.055000
1609059678.740250111,26.820000,2011,100,0.056000
1609059678.789484501,27.443001,2000,100,0.055000
1609059678.790204048,18.371000,2010,101,0.055000
1609059678.814500093,17.733999,2001,101,0.055000
1609059678.815247774,6.010000,2011,102,0.055000
1609059678.839498043,6.333000,2000,102,0.024000
1609059678.840257645,27.091999,2010,100,0.055000
1609059678.864515305,27.652000,2001,100,0.055000
1609059678.889453888,17.389000,2000,101,0.055000
1609059678.890232801,5.440000,2010,102,0.055000
1609059678.914480209,5.616000,2001,102,0.055000
1609059678.915232420,57.710999,2011,100,0.056000
1609059678.964429140,27.308001,2000,100,0.024000
1609059678.965228796,18.476999,2010,101,0.055000
1609059678.989463806,17.844999,2001,101,0.055000
1609059678.989701033,5.559000,2011,102,0.268000
1609059679.013954401,5.805000,2000,102,0.268000
1609059679.039428234,27.506001,2001,100,0.056000
1609059679.064482212,17.483999,2000,101,0.055000
1609059679.065203428,5.426000,2010,102,0.055000
1609059679.089490652,5.619000,2001,102,0.024000
1609059679.090231180,57.741001,2011,100,0.056000
1609059679.139526844,27.183001,2000,100,0.055000
1609059679.140223742,18.534000,2010,101,0.055000
1609059679.164476871,17.868999,2001,101,0.055000
1609059679.164743423,5.650000,2011,102,0.268000
1609059679.190183401,26.782000,2010,100,0.055000
1609059679.214507341,27.379999,2001,100,0.055000
1609059679.239480972,17.549000,2000,101,0.024000
1609059679.240195274,5.503000,2010,102,0.055000
1609059679.264498472,5.683000,2001,102,0.055000
1609059679.265335560,57.744999,2011,100,0.056000
1609059679.314415932,27.052999,2000,100,0.055000
1609059679.315191031,18.514000,2010,101,0.055000
1609059679.339483738,17.941999,2001,101,0.055000
1609059679.339738607,5.695000,2011,102,0.268000
1609059679.365208864,26.695999,2010,100,0.024000
1609059679.389439821,27.261000,2001,100,0.055000
1609059679.414498329,17.589001,2000,101,0.055000
1609059679.415213346,5.468000,2010,102,0.055000
1609059679.439515352,5.676000,2001,102,0.055000
1609059679.440220118,42.050999,2011,100,0.056000
1609059679.489453793,26.908001,2000,100,0.055000
1609059679.490195513,18.622999,2010,101,0.055000
1609059679.514507294,17.957001,2001,101,0.055000
1609059679.514733791,5.751000,2011,102,0.268000
1609059679.564502954,27.427000,2001,100,0.055000
1609059679.589411020,17.635000,2000,101,0.055000
1609059679.590274811,5.594000,2010,102,0.055000
1609059679.614506006,5.714000,2001,102,0.055000
1609059679.615165710,41.955002,2011,100,0.056000
1609059679.664421797,26.799999,2000,100,0.055000
1609059679.665189743,18.664000,2010,101,0.055000
1609059679.689468145,17.954000,2001,101,0.055000
1609059679.689698458,5.774000,2011,102,0.268000
1609059679.715166330,26.409000,2010,100,0.055000
1609059679.739454985,27.047001,2001,100,0.055000
1609059679.764499903,17.643999,2000,101,0.055000
1609059679.765259266,5.605000,2010,102,0.055000
1609059679.789261341,5.722000,2001,102,0.055000
1609059679.790223122,26.091999,2011,100,0.056000
1609059679.839403629,26.698999,2000,100,0.024000
1609059679.840178251,18.695000,2010,101,0.055000
1609059679.864442587,18.051001,2001,101,0.024000
1609059679.864727736,5.854000,2011,102,0.268000
1609059679.890230894,26.346001,2010,100,0.055000
1609059679.914450169,26.952000,2001,100,0.055000
1609059679.939455509,17.681999,2000,101,0.055000
1609059679.940248489,5.702000,2010,102,0.055000
1609059679.964523554,5.799000,2001,102,0.055000
1609059679.965238571,26.049999,2011,100,0.055000
1609059680.014471769,26.652000,2000,100,0.055000
1609059680.015203714,18.695999,2010,101,0.055000
1609059680.039491653,18.069000,2001,101,0.055000
1609059680.040463448,5.897000,2011,102,0.268000
1609059680.064489126,6.621000,2000,102,0.055000
1609059680.065226555,26.239000,2010,100,0.055000
1609059680.089482546,26.895000,2001,100,0.055000
1609059680.114457607,17.702000,2000,101,0.055000
1609059680.115229607,5.727000,2010,102,0.055000
1609059680.139539480,5.888000,2001,102,0.055000
1609059680.140154600,25.955000,2011,100,0.056000
1609059680.189389944,26.530001,2000,100,0.055000
1609059680.214496136,18.059000,2001,101,0.055000
1609059680.214715958,5.936000,2011,102,0.268000
1609059680.240225554,26.201000,2010,100,0.024000
1609059680.264480352,26.775999,2001,100,0.055000
1609059680.289448261,17.754000,2000,101,0.055000
1609059680.290195465,5.826000,2010,102,0.055000
1609059680.314463615,5.943000,2001,102,0.055000
1609059680.315365553,25.830999,2011,100,0.056000
1609059680.364452600,26.482000,2000,100,0.055000
1609059680.365176916,18.719999,2010,101,0.024000
1609059680.389433384,18.084000,2001,101,0.055000
1609059680.390322447,6.001000,2011,102,0.268000
1609059680.415200710,26.115999,2010,100,0.055000
1609059680.439478397,26.729000,2001,100,0.055000
1609059680.464502096,17.739000,2000,101,0.055000
1609059680.465238810,5.853000,2010,102,0.055000
1609059680.489452362,5.998000,2001,102,0.055000
1609059680.490140676,25.785999,2011,100,0.056000
1609059680.539434195,26.365000,2000,100,0.055000
1609059680.540165663,18.731001,2010,101,0.055000
1609059680.564715385,6.060000,2011,102,0.268000
1609059680.590173960,26.041000,2010,100,0.055000
1609059680.614388704,26.653999,2001,100,0.055000
1609059680.639428854,17.785999,2000,101,0.055000
1609059680.640210867,5.916000,2010,102,0.055000
1609059680.664201736,5.944000,2001,102,0.055000
1609059680.665259600,25.718000,2011,100,0.056000
1609059680.714394331,26.334000,2000,100,0.024000
1609059680.715141296,18.770000,2010,101,0.055000
1609059680.739470959,18.150000,2001,101,0.055000
1609059680.739706516,6.139000,2011,102,0.268000
1609059680.763914824,6.447000,2000,102,0.268000
1609059680.765203476,25.931999,2010,100,0.055000
1609059680.789451122,26.586000,2001,100,0.055000
1609059680.814487219,17.789000,2000,101,0.055000
1609059680.815245152,6.018000,2010,102,0.055000
1609059680.839533329,6.156000,2001,102,0.055000
1609059680.840169430,25.618000,2011,100,0.056000
1609059680.889443636,26.273001,2000,100,0.055000
1609059680.890149593,18.695999,2010,101,0.055000
1609059680.914422750,18.118999,2001,101,0.055000
1609059680.914823294,6.165000,2011,102,0.268000
1609059680.939415216,6.904000,2000,102,0.055000
1609059680.940206766,25.868000,2010,100,0.055000
1609059680.964452267,26.486000,2001,100,0.055000
1609059680.989463329,17.796000,2000,101,0.055000
1609059680.990151882,6.032000,2010,102,0.024000
1609059681.014179468,6.093000,2001,102,0.024000
1609059681.015298843,25.601000,2011,100,0.056000
1609059681.064432144,26.171000,2000,100,0.055000
1609059681.065145493,18.700001,2010,101,0.055000
1609059681.089400053,18.115000,2001,101,0.024000
1609059681.114397526,6.957000,2000,102,0.055000
1609059681.115100145,25.843000,2010,100,0.055000
1609059681.139465570,42.147999,2001,100,0.055000
1609059681.164444685,17.801001,2000,101,0.055000
1609059681.165237665,6.103000,2010,102,0.055000
1609059681.189489365,6.268000,2001,102,0.055000
1609059681.190171480,25.537001,2011,100,0.056000
1609059681.239393950,26.400999,2000,100,0.024000
1609059681.240154982,18.743000,2010,101,0.055000
1609059681.264402151,18.073000,2001,101,0.055000
1609059681.289452314,7.012000,2000,102,0.055000
1609059681.290146351,25.781000,2010,100,0.055000
1609059681.314392090,26.371000,2001,100,0.055000
1609059681.339379549,17.813999,2000,101,0.055000
1609059681.340245247,6.115000,2010,102,0.024000
1609059681.365167379,6.214000,2001,102,0.055000
1609059681.414457321,26.070999,2000,100,0.024000
1609059681.415171862,18.708000,2010,101,0.055000
1609059681.439436674,18.114000,2001,101,0.055000
1609059681.464404106,7.074000,2000,102,0.055000
1609059681.465152025,25.687000,2010,100,0.055000
1609059681.491184950,26.351999,2001,100,0.055000
1609059681.514405012,17.790001,2000,101,0.055000
1609059681.515163660,6.214000,2010,102,0.055000
1609059681.539480925,6.376000,2001,102,0.055000
1609059681.540199757,41.924000,2011,100,0.056000
1609059681.589391470,26.014999,2000,100,0.024000
1609059681.590136766,18.712000,2010,101,0.055000
1609059681.614479780,18.084999,2001,101,0.055000
1609059681.615239620,6.968000,2011,102,0.055000
1609059681.640173435,25.684000,2010,100,0.055000
1609059681.664421320,26.299000,2001,100,0.055000
1609059681.689387798,17.799000,2000,101,0.024000
1609059681.690142393,6.265000,2010,102,0.055000
1609059681.714433193,6.431000,2001,102,0.055000
1609059681.764374971,26.000000,2000,100,0.055000
1609059681.765197039,18.733000,2010,101,0.055000
1609059681.789391279,18.108000,2001,101,0.055000
1609059681.790177584,6.979000,2011,102,0.055000
1609059681.814468622,7.177000,2000,102,0.024000
1609059681.815152645,25.584999,2010,100,0.055000
1609059681.839446783,26.250999,2001,100,0.055000
1609059681.864556313,17.808001,2000,101,0.055000
1609059681.865180731,6.284000,2010,102,0.055000
1609059681.889194012,6.296000,2001,102,0.055000
1609059681.890172243,25.334999,2011,100,0.056000
1609059681.939370632,25.908001,2000,100,0.055000
1609059681.940285921,18.745001,2010,101,0.024000
1609059681.964436769,18.124001,2001,101,0.055000
1609059681.990113497,25.546000,2010,100,0.055000
1609059682.014411449,26.201000,2001,100,0.055000
1609059682.039413214,17.861000,2000,101,0.055000
1609059682.040122032,6.392000,2010,102,0.055000
1609059682.064452171,6.443000,2001,102,0.055000
1609059682.065152407,41.868999,2011,100,0.056000
1609059682.114481926,25.865999,2000,100,0.055000
1609059682.115151167,18.766001,2010,101,0.055000
1609059682.139422417,18.170000,2001,101,0.055000
1609059682.165142775,25.490000,2010,100,0.055000
1609059682.189374685,26.146999,2001,100,0.055000
1609059682.214371920,17.846001,2000,101,0.055000
1609059682.239484549,6.511000,2001,102,0.055000
1609059682.240213633,25.082001,2011,100,0.056000
1609059682.289376736,25.806999,2000,100,0.055000
1609059682.290117025,18.823000,2010,101,0.055000
1609059682.314434290,18.139999,2001,101,0.055000
1609059682.315434456,6.622000,2011,102,0.268000
1609059682.340145111,25.436001,2010,100,0.055000
1609059682.364372253,26.097000,2001,100,0.055000
1609059682.389381170,17.862000,2000,101,0.055000
1609059682.390189171,6.517000,2010,102,0.055000
1609059682.414191484,6.465000,2001,102,0.055000
1609059682.415204763,25.153000,2011,100,0.056000
1609059682.464365959,25.791000,2000,100,0.055000
1609059682.465167046,18.865999,2010,101,0.055000
1609059682.489385843,18.155001,2001,101,0.055000
1609059682.514351845,7.413000,2000,102,0.055000
1609059682.520047903,25.327999,2010,100,0.024000
1609059682.539394617,26.066999,2001,100,0.055000
1609059682.564356804,17.916000,2000,101,0.024000
1609059682.565142870,6.581000,2010,102,0.055000
1609059682.589178085,6.601000,2001,102,0.055000
1609059682.590163231,25.112000,2011,100,0.056000
1609059682.639349222,25.688999,2000,100,0.055000
1609059682.640174389,18.809000,2010,101,0.055000
1609059682.664369822,18.216999,2001,101,0.055000
1609059682.664661407,6.804000,2011,102,0.268000
1609059682.690124035,25.273001,2010,100,0.024000
1609059682.714350462,25.966999,2001,100,0.055000
1609059682.739383698,17.941000,2000,101,0.055000
1609059682.740295172,6.660000,2010,102,0.055000
1609059682.764425516,6.716000,2001,102,0.055000
1609059682.814409971,25.629000,2000,100,0.055000
1609059682.815165758,18.843000,2010,101,0.055000
1609059682.839424133,18.226000,2001,101,0.055000
1609059682.839732409,6.842000,2011,102,0.268000
1609059682.864364624,7.560000,2000,102,0.055000
1609059682.865118980,25.278000,2010,100,0.024000
1609059682.889371157,25.910000,2001,100,0.055000
1609059682.914408922,17.912001,2000,101,0.055000
1609059682.915172577,6.746000,2010,102,0.055000
1609059682.939188242,6.700000,2001,102,0.055000
1609059682.989359617,25.563999,2000,100,0.055000
1609059682.990135431,18.914000,2010,101,0.055000
1609059683.014410973,18.235001,2001,101,0.055000
1609059683.015211344,7.508000,2011,102,0.055000
1609059683.040165663,25.162001,2010,100,0.055000
1609059683.064358234,25.874001,2001,100,0.055000
1609059683.089371204,17.976999,2000,101,0.055000
1609059683.090146542,6.727000,2010,102,0.055000
1609059683.114605904,6.843000,2001,102,0.024000
1609059683.115235329,24.903000,2011,100,0.056000
1609059683.164378881,25.500999,2000,100,0.055000
1609059683.165186167,18.898001,2010,101,0.024000
1609059683.189391613,18.259001,2001,101,0.055000
1609059683.215087414,25.075001,2010,100,0.055000
1609059683.239346981,25.802000,2001,100,0.055000
1609059683.289365053,6.845000,2001,102,0.055000
1609059683.290164471,24.809000,2011,100,0.056000
1609059683.339388847,25.436001,2000,100,0.055000
1609059683.340148449,18.896999,2010,101,0.055000
1609059683.364567280,18.250999,2001,101,0.055000
1609059683.390362263,25.041000,2010,100,0.055000
1609059683.414376736,25.732000,2001,100,0.055000
1609059683.415103197,18.823000,2011,101,0.055000
1609059683.439350128,18.000000,2000,101,0.055000
1609059683.440135717,6.972000,2010,102,0.024000
1609059683.464415073,6.987000,2001,102,0.055000
1609059683.465276480,24.655001,2011,100,0.056000
1609059683.514389038,25.364000,2000,100,0.055000
1609059683.515131950,18.951000,2010,101,0.055000
1609059683.539410353,18.275000,2001,101,0.055000
1609059683.565160275,24.972000,2010,100,0.055000
1609059683.589370012,25.673000,2001,100,0.055000
1609059683.614359379,18.052000,2000,101,0.024000
1609059683.639363766,6.983000,2001,102,0.055000
1609059683.689430237,25.308001,2000,100,0.055000
1609059683.690199614,18.997000,2010,101,0.055000
1609059683.714360714,18.320999,2001,101,0.024000
1609059683.740108013,24.909000,2010,100,0.055000
1609059683.764370203,25.615000,2001,100,0.055000
1609059683.789370060,18.062000,2000,101,0.055000
1609059683.790274382,7.087000,2010,102,0.055000
1609059683.814411402,7.138000,2001,102,0.055000
1609059683.864336014,25.253000,2000,100,0.055000
1609059683.865098238,18.969999,2010,101,0.055000
1609059683.889376640,18.319000,2001,101,0.055000
1609059683.915093899,24.818001,2010,100,0.055000
1609059683.939364195,25.509001,2001,100,0.055000
1609059683.940122128,18.806000,2011,101,0.024000
1609059683.964394808,18.047001,2000,101,0.055000
1609059683.965375423,7.206000,2010,102,0.055000
1609059683.989170790,7.147000,2001,102,0.055000
1609059683.989585161,50.306000,2011,100,10.536000
1609059684.039363623,25.160000,2000,100,0.055000
1609059684.040145397,18.987000,2010,101,0.055000
1609059684.064381361,18.327999,2001,101,0.055000
1609059684.090071678,24.789000,2010,100,0.055000
1609059684.114325047,25.468000,2001,100,0.055000
1609059684.139380217,18.091000,2000,101,0.055000
1609059684.140161276,7.253000,2010,102,0.055000
1609059684.164435387,7.303000,2001,102,0.055000
1609059684.165156841,41.941002,2011,100,0.056000
1609059684.214343548,25.153999,2000,100,0.055000
1609059684.215076208,18.938999,2010,101,0.024000
1609059684.239397764,18.334000,2001,101,0.055000
1609059684.265170813,24.745001,2010,100,0.055000
1609059684.289345503,25.407000,2001,100,0.055000
1609059684.290077686,18.806000,2011,101,0.055000
1609059684.314364672,18.099001,2000,101,0.055000
1609059684.315223694,7.368000,2010,102,0.055000
1609059684.339166164,7.303000,2001,102,0.055000
1609059684.389354706,25.098000,2000,100,0.055000
1609059684.390073061,18.985001,2010,101,0.055000
1609059684.414327145,18.334999,2001,101,0.055000
1609059684.440121412,24.655001,2010,100,0.055000
1609059684.464344978,25.358000,2001,100,0.055000
1609059684.465102673,18.827000,2011,101,0.055000
1609059684.489328146,18.073000,2000,101,0.055000
1609059684.490308762,7.412000,2010,102,0.055000
1609059684.514101028,7.381000,2001,102,0.055000
1609059684.564306974,25.042999,2000,100,0.055000
1609059684.565141916,18.952000,2010,101,0.055000
1609059684.589355707,18.337999,2001,101,0.024000
1609059684.615077496,8.320000,2000,102,0.055000
1609059684.615321636,24.587999,2010,100,0.055000
1609059684.639372587,25.296000,2001,100,0.055000
1609059684.739375114,24.988001,2000,100,0.055000
1609059684.740174532,18.990000,2010,101,0.024000
1609059684.764410973,18.337000,2001,101,0.055000
1609059684.790085316,24.610001,2010,100,0.055000
1609059684.814331770,25.239000,2001,100,0.055000
1609059684.839344263,18.118999,2000,101,0.024000
1609059684.840183258,7.555000,2010,102,0.055000
1609059684.864174843,7.563000,2001,102,0.055000
1609059684.865139961,24.754999,2011,100,0.056000
1609059684.914324999,24.927999,2000,100,0.055000
1609059684.915096283,18.962000,2010,101,0.055000
1609059684.939360380,18.315001,2001,101,0.055000
1609059684.964357138,8.494000,2000,102,0.024000
1609059684.965116501,24.511999,2010,100,0.024000
1609059684.989417076,25.177000,2001,100,0.055000
1609059685.014336109,18.114000,2000,101,0.024000
1609059685.015224934,7.744000,2010,102,0.055000
1609059685.039139032,7.609000,2001,102,0.055000
1609059685.039622068,55.027000,2011,100,10.536000
1609059685.089303017,24.868000,2000,100,0.055000
1609059685.090057373,19.033001,2010,101,0.055000
1609059685.114364147,18.339001,2001,101,0.024000
1609059685.139348507,8.611000,2000,102,0.055000
1609059685.140069008,24.487000,2010,100,0.024000
1609059685.164357662,25.084999,2001,100,0.055000
1609059685.189412594,18.080000,2000,101,0.055000
1609059685.190108776,7.813000,2010,102,0.024000
1609059685.214125156,7.775000,2001,102,0.055000
1609059685.215114355,59.683998,2011,100,0.056000
1609059685.264323711,24.813000,2000,100,0.024000
1609059685.265122890,19.033001,2010,101,0.055000
1609059685.289400101,18.339001,2001,101,0.024000
1609059685.314301491,8.731000,2000,102,0.055000
1609059685.315215111,24.389000,2010,100,0.055000
1609059685.339428186,25.013000,2001,100,0.055000
1609059685.365115643,7.935000,2010,102,0.055000
1609059685.389386654,7.952000,2001,102,0.055000
1609059685.389612675,41.984001,2011,100,10.536000
1609059685.439289808,24.756001,2000,100,0.055000
1609059685.440078020,19.021999,2010,101,0.055000
1609059685.464364290,18.287001,2001,101,0.055000
1609059685.489321709,8.856000,2000,102,0.055000
1609059685.514298916,42.124001,2001,100,0.056000
1609059685.539345980,18.132999,2000,101,0.024000
1609059685.540155411,8.053000,2010,102,0.055000
1609059685.564341545,8.000000,2001,102,0.055000
1609059685.614290237,24.702000,2000,100,0.055000
1609059685.615078926,18.989000,2010,101,0.055000
1609059685.639331102,18.294001,2001,101,0.055000
1609059685.665047407,24.252001,2010,100,0.055000
1609059685.689357758,24.888000,2001,100,0.055000
1609059685.714380264,18.129000,2000,101,0.055000
1609059685.715104342,8.187000,2010,102,0.055000
1609059685.739134789,8.119000,2001,102,0.055000
1609059685.789276361,24.643999,2000,100,0.055000
1609059685.790053606,19.017000,2010,101,0.055000
1609059685.814328432,18.285000,2001,101,0.055000
1609059685.840110779,24.233000,2010,100,0.055000
1609059685.864322901,24.832001,2001,100,0.055000
1609059685.889336348,18.141001,2000,101,0.055000
1609059685.890179873,8.312000,2010,102,0.024000
1609059685.914133310,8.252000,2001,102,0.055000
1609059685.964290380,24.576000,2000,100,0.055000
1609059685.989377737,18.323999,2001,101,0.055000
1609059686.015096188,24.128000,2010,100,0.055000
1609059686.039294243,24.764000,2001,100,0.055000
1609059686.039608240,18.520000,2011,101,0.268000
1609059686.064342260,18.149000,2000,101,0.024000
1609059686.065138578,8.438000,2010,102,0.055000
1609059686.089585781,23.688999,2011,100,10.536000
1609059686.139313221,24.509001,2000,100,0.055000
1609059686.140067816,18.993999,2010,101,0.055000
1609059686.190021038,24.101000,2010,100,0.055000
1609059686.214353085,24.691000,2001,100,0.055000
1609059686.239313841,18.145000,2000,101,0.055000
1609059686.240110874,8.569000,2010,102,0.055000
1609059686.265197992,23.732000,2011,100,0.056000
1609059686.314356089,24.469000,2000,100,0.055000
1609059686.315053225,18.982000,2010,101,0.055000
1609059686.339324236,18.257999,2001,101,0.055000
1609059686.340099335,9.469000,2011,102,0.055000
1609059686.364109516,9.468000,2000,102,0.055000
1609059686.365157127,24.061001,2010,100,0.024000
1609059686.389359713,24.657000,2001,100,0.055000
1609059686.415126324,8.699000,2010,102,0.055000
1609059686.439119339,8.619000,2001,102,0.055000
1609059686.440096378,24.268999,2011,100,0.056000
1609059686.489278316,24.450001,2000,100,0.055000
1609059686.490174532,18.969000,2010,101,0.055000
1609059686.514362574,18.260000,2001,101,0.055000
1609059686.539352179,9.566000,2000,102,0.055000
1609059686.540036917,23.966999,2010,100,0.055000
1609059686.564327717,24.676001,2001,100,0.055000
1609059686.589374542,18.047001,2000,101,0.055000
1609059686.590103865,8.796000,2010,102,0.055000
1609059686.664366007,24.450001,2000,100,0.055000
1609059686.665055990,18.875000,2010,101,0.055000
1609059686.689354181,18.159000,2001,101,0.055000
1609059686.714306831,9.708000,2000,102,0.055000
1609059686.715055227,24.042999,2010,100,0.055000
1609059686.739454985,24.643999,2001,100,0.024000
1609059686.765125275,8.967000,2010,102,0.024000
1609059686.839343786,24.507000,2000,100,0.055000
1609059686.840083361,18.833000,2010,101,0.024000
1609059686.865518093,18.117001,2001,101,0.055000
1609059686.889282227,9.855000,2000,102,0.055000
1609059686.889998436,24.075001,2010,100,0.055000
1609059686.914356947,24.663000,2001,100,0.055000
1609059686.939404726,17.813999,2000,101,0.056000
1609059686.939992189,9.105000,2010,102,0.055000
1609059686.965093374,32.101002,2011,100,10.536000
1609059687.014375687,24.518000,2000,100,0.055000
1609059687.015073061,18.708000,2010,101,0.055000
1609059687.039380312,18.017000,2001,101,0.055000
1609059687.064333916,10.021000,2000,102,0.055000
1609059687.065141678,24.080999,2010,100,0.024000
1609059687.089563131,24.759001,2001,100,0.055000
1609059687.115218639,17.714001,2000,101,0.055000
1609059687.189278364,24.627001,2000,100,0.055000
1609059687.190027952,18.615000,2010,101,0.055000
1609059687.214321375,17.847000,2001,101,0.055000
1609059687.214569569,9.580000,2011,102,0.268000
1609059687.240031481,24.200001,2010,100,0.055000
1609059687.264333725,24.833000,2001,100,0.055000
1609059687.265112400,18.016001,2011,101,0.268000
1609059687.289424181,17.680000,2000,101,0.056000
1609059687.290082455,9.368000,2010,102,0.055000
1609059687.364771366,24.969999,2000,100,0.055000
1609059687.365130424,18.433001,2010,101,0.055000
1609059687.389354944,17.688999,2001,101,0.055000
1609059687.415049076,24.292000,2010,100,0.055000
1609059687.439404011,24.865000,2001,100,0.056000
1609059687.440087795,18.572001,2011,101,0.055000
1609059687.464390993,17.493000,2000,101,0.055000
1609059687.465077162,9.493000,2010,102,0.055000
1609059687.489277601,9.464000,2001,102,0.055000
1609059687.539312840,24.823000,2000,100,0.055000
1609059687.540107727,18.264999,2010,101,0.024000
1609059687.564323425,17.568001,2001,101,0.055000
1609059687.589959860,24.410000,2010,100,0.024000
1609059687.615093470,24.993000,2001,100,0.268000
1609059687.639356136,17.261999,2000,101,0.055000
1609059687.640044451,9.610000,2010,102,0.055000
1609059687.664299011,9.588000,2001,102,0.055000
1609059687.665088654,24.749001,2011,100,0.056000
1609059687.714321613,25.002001,2000,100,0.055000
1609059687.715061665,18.127001,2010,101,0.055000
1609059687.739310741,17.361000,2001,101,0.055000
1609059687.765084267,24.532000,2010,100,0.055000
1609059687.789331436,25.127001,2001,100,0.056000
1609059687.814427614,17.096001,2000,101,0.055000
1609059687.815081120,9.674000,2010,102,0.055000
1609059687.889275789,25.146999,2000,100,0.055000
1609059687.890016079,17.914000,2010,101,0.055000
1609059687.914317846,17.181000,2001,101,0.055000
1609059687.940043926,24.642000,2010,100,0.055000
1609059687.964362144,25.579000,2001,100,0.056000
1609059687.965106487,17.768000,2011,101,0.055000
1609059687.989354134,17.031000,2000,101,0.055000
1609059687.990110159,9.755000,2010,102,0.055000
1609059688.014389277,9.822000,2001,102,0.024000
1609059688.015120983,24.730000,2011,100,0.024000
1609059688.064299583,25.250000,2000,100,0.055000
1609059688.065069675,17.787001,2010,101,0.055000
1609059688.089320183,17.056000,2001,101,0.055000
1609059688.114997387,24.827000,2010,100,0.055000
1609059688.139500856,25.459000,2001,100,0.056000
1609059688.140106201,17.570999,2011,101,0.055000
1609059688.164307356,16.799999,2000,101,0.055000
1609059688.165069103,9.866000,2010,102,0.055000
1609059688.189325333,9.869000,2001,102,0.024000
1609059688.190046787,25.181000,2011,100,0.056000
1609059688.241033316,25.402000,2000,100,0.055000
1609059688.241330147,17.548000,2010,101,0.055000
1609059688.264333487,16.893999,2001,101,0.055000
1609059688.290038109,24.983000,2010,100,0.055000
1609059688.314327717,25.607000,2001,100,0.056000
1609059688.340048313,9.937000,2010,102,0.055000
1609059688.365063429,25.056999,2011,100,0.268000
1609059688.414271116,25.549000,2000,100,0.055000
1609059688.415054083,17.431999,2010,101,0.055000
1609059688.439318657,16.733000,2001,101,0.055000
1609059688.465048313,25.120001,2010,100,0.055000
1609059688.489340067,25.750999,2001,100,0.056000
1609059688.490044832,17.263000,2011,101,0.055000
1609059688.514345407,16.521999,2000,101,0.055000
1609059688.515063524,10.000000,2010,102,0.024000
1609059688.539280653,10.075000,2001,102,0.024000
1609059688.540026188,25.128000,2011,100,0.268000
1609059688.589298964,25.681000,2000,100,0.055000
1609059688.590011120,17.256001,2010,101,0.055000
1609059688.614291191,16.559000,2001,101,0.055000
1609059688.639299154,10.929000,2000,102,0.055000
1609059688.640012503,25.250000,2010,100,0.055000
1609059688.664336920,26.157000,2001,100,0.055000
1609059688.690032959,10.115000,2010,102,0.055000
1609059688.715082884,25.212000,2011,100,0.268000
1609059688.764262438,25.813999,2000,100,0.055000
1609059688.765083551,17.111000,2010,101,0.055000
1609059688.789342403,16.452000,2001,101,0.055000
1609059688.815028667,25.367001,2010,100,0.055000
1609059688.839460373,26.003000,2001,100,10.536000
1609059688.865086555,10.185000,2010,102,0.055000
1609059688.889345646,10.215000,2001,102,0.055000
1609059688.891337156,25.170000,2011,100,0.268000
1609059688.939273119,25.943001,2000,100,0.055000
1609059688.940032959,17.042000,2010,101,0.024000
1609059688.964377642,16.318001,2001,101,0.055000
1609059688.989377260,11.163000,2000,102,0.024000
1609059688.990481615,25.489000,2010,100,0.055000
1609059689.014378786,26.662001,2001,100,0.055000
1609059689.039325237,16.097000,2000,101,0.055000
1609059689.040119648,10.257000,2010,102,0.024000
1609059689.064330816,10.261000,2001,102,0.055000
1609059689.114306927,26.094000,2000,100,0.055000
1609059689.115118980,16.885000,2010,101,0.055000
1609059689.139358997,16.198000,2001,101,0.055000
1609059689.164325476,11.232000,2000,102,0.055000
1609059689.165056229,25.569000,2010,100,0.055000
1609059689.189379692,26.205999,2001,100,10.536000
1609059689.214300156,16.027000,2000,101,0.055000
1609059689.215192080,10.247000,2010,102,0.024000
1609059689.289294004,26.174000,2000,100,0.055000
1609059689.290039539,16.752001,2010,101,0.055000
1609059689.314358950,16.052999,2001,101,0.055000
1609059689.339370251,11.324000,2000,102,0.055000
1609059689.339992523,25.688000,2010,100,0.055000
1609059689.364408016,26.362000,2001,100,0.268000
1609059689.389346361,15.896000,2000,101,0.055000
1609059689.390133858,10.328000,2010,102,0.055000
1609059689.415108919,25.670000,2011,100,0.268000
1609059689.464285135,26.288000,2000,100,0.055000
1609059689.465056896,16.629000,2010,101,0.055000
1609059689.489325523,15.927000,2001,101,0.055000
1609059689.515015602,25.792000,2010,100,0.055000
1609059689.539310217,26.475000,2001,100,10.536000
1609059689.564321280,15.783001,2000,101,0.055000
1609059689.565102577,10.516000,2010,102,0.055000
1609059689.589306355,10.585000,2001,102,0.024000
1609059689.590053797,25.780001,2011,100,0.268000
1609059689.639263868,26.400999,2000,100,0.055000
1609059689.664294958,15.806000,2001,101,0.055000
1609059689.689277887,11.485000,2000,102,0.055000
1609059689.690100431,25.875000,2010,100,0.024000
1609059689.713863134,26.198000,2001,100,0.129000
1609059689.739324331,15.608999,2000,101,0.055000
1609059689.740090609,10.557000,2010,102,0.055000
1609059689.814283609,26.552999,2000,100,0.055000
1609059689.815042257,16.377001,2010,101,0.055000
1609059689.839299679,15.690001,2001,101,0.055000
1609059689.865018845,26.030001,2010,100,0.055000
1609059689.888982534,26.466999,2001,100,0.129000
1609059689.914282799,15.469000,2000,101,0.055000
1609059689.915064335,10.636000,2010,102,0.055000
1609059689.939263821,10.704000,2001,102,0.055000
1609059689.940049410,26.062000,2011,100,0.056000
1609059689.989260435,26.684999,2000,100,0.055000
1609059689.990084648,16.209000,2010,101,0.055000
1609059690.014333487,15.516001,2001,101,0.055000
1609059690.040056229,26.198000,2010,100,0.055000
1609059690.063868523,27.191999,2001,100,0.268000
1609059690.089327574,15.344999,2000,101,0.055000
1609059690.090096712,10.721000,2010,102,0.055000
1609059690.114276171,10.771000,2001,102,0.055000
1609059690.115104437,26.267000,2011,100,0.056000
1609059690.164285660,26.819000,2000,100,0.055000
1609059690.166270018,16.094999,2010,101,0.055000
1609059690.189247608,15.381001,2001,101,0.055000
1609059690.215119600,26.261000,2010,100,0.024000
1609059690.238888264,27.075001,2001,100,0.268000
1609059690.264336109,15.266001,2000,101,0.055000
1609059690.265146255,10.756000,2010,102,0.055000
1609059690.290119648,26.422001,2011,100,0.056000
1609059690.339277506,26.936001,2000,100,0.055000
1609059690.340011597,15.931000,2010,101,0.055000
1609059690.364311218,15.231000,2001,101,0.055000
1609059690.365214586,11.578000,2011,102,0.024000
1609059690.390001059,26.493000,2010,100,0.055000
1609059690.414303541,27.690001,2001,100,0.055000
1609059690.439327240,15.017000,2000,101,0.055000
1609059690.440026760,10.916000,2010,102,0.024000
1609059690.464294910,10.990000,2001,102,0.055000
1609059690.514250278,27.077000,2000,100,0.055000
1609059690.515020847,15.723000,2010,101,0.055000
1609059690.539366961,15.059000,2001,101,0.024000
1609059690.564305067,11.921000,2000,102,0.055000
1609059690.565048218,26.659000,2010,100,0.055000
1609059690.588945389,27.052000,2001,100,0.129000
1609059690.614295244,14.805000,2000,101,0.055000
1609059690.615045309,10.967000,2010,102,0.055000
1609059690.640061617,26.645000,2011,100,0.056000
1609059690.689344883,27.282000,2000,100,0.055000
1609059690.714281797,14.868000,2001,101,0.055000
1609059690.740027905,26.832001,2010,100,0.055000
1609059690.763833523,27.194000,2001,100,0.129000
1609059690.789307833,14.566000,2000,101,0.055000
1609059690.790061235,11.087000,2010,102,0.055000
1609059690.814247847,11.215000,2001,102,0.055000
1609059690.815064192,26.844999,2011,100,0.056000
1609059690.864262581,27.451000,2000,100,0.055000
1609059690.889291048,14.695000,2001,101,0.055000
1609059690.915041447,26.952000,2010,100,0.024000
1609059690.939331770,27.552000,2001,100,0.268000
1609059690.964282751,14.456000,2000,101,0.268000
1609059690.965101480,11.171000,2010,102,0.055000
1609059691.039335489,27.613001,2000,100,0.024000
1609059691.040060759,15.195000,2010,101,0.055000
1609059691.064316511,14.519000,2001,101,0.055000
1609059691.089276075,12.192000,2000,102,0.055000
1609059691.089987516,27.160000,2010,100,0.055000
1609059691.114450693,27.813000,2001,100,10.536000
1609059691.139388084,14.300000,2000,101,0.056000
1609059691.140042782,11.260000,2010,102,0.024000
1609059691.165233374,27.283001,2011,100,0.268000
1609059691.239348650,14.351000,2001,101,0.055000
1609059691.265068293,27.322001,2010,100,0.055000
1609059691.289304018,28.069000,2001,100,0.268000
1609059691.314293861,14.067000,2000,101,0.055000
1609059691.315074205,11.352000,2010,102,0.055000
1609059691.339267492,11.469000,2001,102,0.055000
1609059691.340221167,27.308001,2011,100,0.055000
1609059691.389305353,27.951000,2000,100,0.055000
1609059691.390010834,14.846000,2010,101,0.055000
1609059691.414271832,14.173000,2001,101,0.055000
1609059691.440043449,27.271999,2010,100,0.268000
1609059691.464349270,28.389000,2001,100,0.268000
1609059691.465038776,14.749000,2011,101,0.055000
1609059691.489311218,14.008000,2000,101,0.055000
1609059691.490115643,11.440000,2010,102,0.055000
1609059691.564220428,28.089001,2000,100,0.055000
1609059691.565051556,14.661000,2010,101,0.055000
1609059691.589324951,13.963000,2001,101,0.055000
1609059691.590042353,12.157000,2011,102,0.055000
1609059691.614806414,12.469000,2000,102,0.024000
1609059691.615212202,27.573000,2010,100,0.268000
1609059691.639347553,28.612000,2001,100,0.056000
1609059691.664277554,13.760000,2000,101,0.055000
1609059691.665042162,11.517000,2010,102,0.055000
1609059691.764347553,13.832000,2001,101,0.055000
1609059691.765053034,12.312000,2011,102,0.055000
1609059691.789485931,27.792000,2010,100,0.268000
1609059691.814275742,28.527000,2001,100,0.056000
1609059691.814926147,14.442000,2011,101,0.055000
1609059691.839233875,13.612000,2000,101,0.055000
1609059691.840038061,11.508000,2010,102,0.055000
1609059691.914244890,28.457001,2000,100,0.055000
1609059691.914910555,14.304000,2010,101,0.055000
1609059691.939227343,13.668000,2001,101,0.055000
1609059691.940020800,12.372000,2011,102,0.055000
1609059691.964981079,27.951000,2010,100,0.056000
1609059691.989232063,28.683001,2001,100,0.056000
1609059691.989931822,14.216000,2011,101,0.055000
1609059692.014189243,13.416000,2000,101,0.056000
1609059692.014975786,11.566000,2010,102,0.055000
1609059692.040013790,27.972000,2011,100,0.055000
1609059692.089179516,28.629999,2000,100,0.055000
1609059692.089937687,14.181000,2010,101,0.055000
1609059692.114416361,13.483000,2001,101,0.055000
1609059692.114998102,12.413000,2011,102,0.024000
1609059692.140035391,28.111000,2010,100,0.055000
1609059692.164308786,29.031000,2001,100,0.056000
1609059692.164976597,14.091000,2011,101,0.055000
1609059692.189187050,13.352000,2000,101,0.055000
1609059692.190160990,11.612000,2010,102,0.055000
1609059692.215009928,28.146000,2011,100,0.056000
1609059692.264239550,28.798000,2000,100,0.055000
1609059692.264976978,14.022000,2010,101,0.055000
1609059692.289192677,13.345000,2001,101,0.055000
1609059692.289450884,12.023000,2011,102,0.268000
1609059692.314941406,28.275999,2010,100,0.024000
1609059692.339200735,29.004999,2001,100,10.536000
1609059692.364264965,13.177000,2000,101,0.055000
1609059692.364819050,11.654000,2010,102,0.055000
1609059692.390636206,28.412001,2011,100,0.056000
1609059692.439200163,28.945999,2000,100,0.055000
1609059692.440029621,13.892000,2010,101,0.024000
1609059692.464250803,13.205000,2001,101,0.055000
1609059692.465003490,12.447000,2011,102,0.055000
1609059692.514271259,28.900000,2001,100,0.268000
1609059692.539214373,13.106000,2000,101,0.055000
1609059692.540024757,11.734000,2010,102,0.055000
1609059692.614644527,29.150999,2000,100,0.055000
1609059692.614952326,13.764000,2010,101,0.055000
1609059692.639238596,13.110000,2001,101,0.055000
1609059692.639990568,12.516000,2011,102,0.055000
1609059692.689327240,29.410000,2001,100,0.056000
1609059692.714266539,12.955000,2000,101,0.055000
1609059692.715063095,11.772000,2010,102,0.055000
1609059692.739174604,11.990000,2001,102,0.055000
1609059692.740125656,28.687000,2011,100,0.056000
1609059692.789202929,29.179001,2000,100,0.055000
1609059692.790359497,13.636000,2010,101,0.055000
1609059692.814242363,12.994000,2001,101,0.024000
1609059692.815021992,12.543000,2011,102,0.055000
1609059692.840009451,28.695000,2010,100,0.024000
1609059692.864254475,29.424000,2001,100,0.056000
1609059692.889252901,12.797000,2000,101,0.055000
1609059692.890930653,11.759000,2010,102,0.055000
1609059692.915133238,37.073002,2011,100,0.056000
1609059692.964201689,29.305000,2000,100,0.055000
1609059692.964967728,13.513000,2010,101,0.055000
1609059692.989219904,12.863000,2001,101,0.055000
1609059692.989509821,12.006000,2011,102,0.268000
1609059693.014958143,28.813999,2010,100,0.055000
1609059693.064256668,12.687000,2000,101,0.055000
1609059693.065024614,11.820000,2010,102,0.024000
1609059693.090013027,28.819000,2011,100,0.056000
1609059693.139248371,29.499001,2000,100,0.055000
1609059693.140008211,13.406000,2010,101,0.055000
1609059693.164215565,12.750000,2001,101,0.055000
1609059693.165026665,12.550000,2011,102,0.055000
1609059693.189929724,28.969999,2010,100,0.055000
1609059693.239206076,12.560000,2000,101,0.055000
1609059693.239974260,11.840000,2010,102,0.055000
1609059693.265091419,28.724001,2011,100,0.268000
1609059693.314192295,29.535999,2000,100,0.055000
1609059693.314917088,13.301000,2010,101,0.055000
1609059693.339290857,12.607000,2001,101,0.055000
1609059693.340083361,12.602000,2011,102,0.055000
1609059693.365008354,29.056999,2010,100,0.055000
1609059693.389261961,29.705999,2001,100,0.056000
1609059693.414195299,12.425000,2000,101,0.055000
1609059693.414935827,11.842000,2010,102,0.055000
1609059693.440082788,28.976999,2011,100,0.056000
1609059693.489174128,29.694000,2000,100,0.024000
1609059693.489932775,13.199000,2010,101,0.055000
1609059693.514240503,12.554000,2001,101,0.024000
1609059693.514810085,12.081000,2011,102,0.268000
1609059693.540019751,29.233000,2010,100,0.055000
1609059693.564275742,29.847000,2001,100,0.056000
1609059693.589216709,12.249000,2000,101,0.024000
1609059693.589982986,11.824000,2010,102,0.055000
1609059693.664148569,29.801001,2000,100,0.055000
1609059693.664941311,13.099000,2010,101,0.055000
1609059693.689163923,12.449000,2001,101,0.055000
1609059693.689932108,12.549000,2011,102,0.024000
1609059693.714904070,29.355000,2010,100,0.024000
1609059693.764220953,12.288000,2000,101,0.055000
1609059693.765073776,11.795000,2010,102,0.055000
1609059693.790014505,29.353001,2011,100,0.056000
1609059693.839213848,29.910999,2000,100,0.024000
1609059693.839912891,13.002000,2010,101,0.055000
1609059693.864153624,12.364000,2001,101,0.055000
1609059693.864945412,12.518000,2011,102,0.055000
1609059693.889896393,29.445000,2010,100,0.055000
1609059693.914267540,63.987999,2001,100,0.056000
1609059693.939189911,12.156000,2000,101,0.055000
1609059693.939973354,11.759000,2010,102,0.055000
1609059693.964961529,29.302000,2011,100,0.268000
1609059694.014156342,30.070999,2000,100,0.055000
1609059694.014928102,12.913000,2010,101,0.055000
1609059694.039171696,12.278000,2001,101,0.024000
1609059694.039485216,12.038000,2011,102,0.268000
1609059694.064944983,29.566000,2010,100,0.055000
1609059694.089188576,63.901001,2001,100,0.055000
1609059694.114924192,11.688000,2010,102,0.055000
1609059694.139968157,29.134001,2011,100,0.268000
1609059694.189144611,30.197001,2000,100,0.055000
1609059694.189893484,12.823000,2010,101,0.055000
1609059694.214155674,12.150000,2001,101,0.055000
1609059694.214987755,12.347000,2011,102,0.055000
1609059694.239206314,12.730000,2000,102,0.055000
1609059694.239908695,29.698999,2010,100,0.055000
1609059694.264203548,63.880997,2001,100,0.056000
1609059694.289202690,11.984000,2000,101,0.024000
1609059694.289664745,11.635000,2010,102,0.055000
1609059694.315003872,29.608000,2011,100,10.536000
1609059694.364165545,30.354000,2000,100,0.055000
1609059694.364938498,12.753000,2010,101,0.055000
1609059694.389225960,12.095000,2001,101,0.055000
1609059694.389944792,12.365000,2011,102,0.055000
1609059694.414950132,29.827999,2010,100,0.055000
1609059694.438674688,43.526001,2001,100,10.536000
1609059694.439922571,12.638000,2011,101,0.055000
1609059694.464185953,11.900000,2000,101,0.055000
1609059694.464986086,11.539000,2010,102,0.055000
1609059694.490002871,30.016001,2011,100,0.268000
1609059694.539160967,30.365000,2000,100,0.055000
1609059694.564015865,12.070000,2001,101,0.024000
1609059694.565042496,12.247000,2011,102,0.055000
1609059694.589925528,29.952999,2010,100,0.055000
1609059694.639164209,11.820000,2000,101,0.055000
1609059694.639930248,11.526000,2010,102,0.055000
1609059694.714145422,30.610001,2000,100,0.055000
1609059694.714860201,12.672000,2010,101,0.055000
1609059694.738950968,12.002000,2001,101,0.024000
1609059694.764945507,30.087000,2010,100,0.055000
1609059694.788719654,46.974998,2001,100,10.536000
1609059694.814126015,11.766000,2000,101,0.055000
1609059694.814938068,11.491000,2010,102,0.055000
1609059694.839118242,11.797000,2001,102,0.055000
1609059694.839932203,30.266001,2011,100,0.056000
1609059694.889145374,30.702999,2000,100,0.055000
1609059694.889839649,12.559000,2010,101,0.055000
1609059694.913912296,11.940000,2001,101,0.055000
1609059694.914925814,12.120000,2011,102,0.055000
1609059694.939902544,30.188000,2010,100,0.055000
1609059694.964164495,63.553001,2001,100,0.056000
1609059694.989196062,11.651000,2000,101,0.055000
1609059694.989929914,11.383000,2010,102,0.055000
1609059695.064176798,30.872999,2000,100,0.055000
1609059695.065206528,12.522000,2010,101,0.055000
1609059695.089199543,11.836000,2001,101,0.055000
1609059695.089658022,11.952000,2011,102,0.055000
1609059695.115463495,30.327000,2010,100,0.055000
1609059695.139221907,63.361000,2001,100,0.055000
1609059695.164251566,11.624000,2000,101,0.055000
1609059695.165038109,11.366000,2010,102,0.024000
1609059695.189214945,11.681000,2001,102,0.055000
1609059695.190027237,30.695000,2011,100,0.268000
1609059695.263909340,11.809000,2001,101,0.055000
1609059695.264978170,11.981000,2011,102,0.055000
1609059695.314250469,63.452003,2001,100,0.056000
1609059695.339183569,11.545000,2000,101,0.055000
1609059695.339971781,11.341000,2010,102,0.055000
1609059695.365012646,30.934000,2011,100,0.268000
1609059695.414129019,31.141001,2000,100,0.055000
1609059695.414908409,12.355000,2010,101,0.024000
1609059695.439146996,11.706000,2001,101,0.024000
1609059695.439960241,11.952000,2011,102,0.055000
1609059695.464940548,30.573000,2010,100,0.055000
1609059695.489190817,63.372002,2001,100,0.056000
1609059695.514156580,11.439000,2000,101,0.055000
1609059695.514996767,11.258000,2010,102,0.055000
1609059695.589110851,31.240000,2000,100,0.055000
1609059695.589862585,12.300000,2010,101,0.055000
1609059695.613945961,11.705000,2001,101,0.055000
1609059695.614840984,11.877000,2011,102,0.024000
1609059695.639865160,30.761999,2010,100,0.024000
1609059695.689160347,11.396000,2000,101,0.024000
1609059695.689952850,11.180000,2010,102,0.055000
1609059695.764169455,31.327000,2000,100,0.055000
1609059695.765216112,12.304000,2010,101,0.055000
1609059695.789190769,11.674000,2001,101,0.055000
1609059695.789946318,11.794000,2011,102,0.055000
1609059695.814897299,46.837002,2010,100,0.055000
1609059695.839194536,47.355999,2001,100,0.056000
1609059695.864165545,11.367000,2000,101,0.055000
1609059695.864970922,11.112000,2010,102,0.055000
1609059695.939148664,31.400002,2000,100,0.055000
1609059695.939879894,12.261000,2010,101,0.055000
1609059695.964262962,11.718000,2001,101,0.055000
1609059695.964993954,11.665000,2011,102,0.055000
1609059695.989899397,31.038000,2010,100,0.055000
1609059696.014159918,31.699001,2001,100,0.055000
1609059696.039177179,11.356000,2000,101,0.055000
1609059696.039655209,10.945000,2010,102,0.055000
1609059696.064980030,63.379997,2011,100,0.055000
1609059696.114553213,31.561001,2000,100,0.024000
1609059696.114876509,12.276000,2010,101,0.055000
1609059696.139252663,11.737000,2001,101,0.055000
1609059696.139973164,11.545000,2011,102,0.055000
1609059696.164957285,31.051001,2010,100,0.055000
1609059696.189202785,31.708000,2001,100,0.056000
1609059696.214200497,11.401000,2000,101,0.024000
1609059696.214675903,10.843000,2010,102,0.055000
1609059696.239902258,63.275002,2011,100,0.055000
1609059696.289147615,31.647999,2000,100,0.055000
1609059696.290305853,12.300000,2010,101,0.055000
1609059696.314202785,11.683000,2001,101,0.055000
1609059696.314937115,11.449000,2011,102,0.024000
1609059696.339953184,31.188000,2010,100,0.055000
1609059696.364203215,31.882999,2001,100,0.056000
1609059696.389188290,11.417000,2000,101,0.024000
1609059696.389989614,10.765000,2010,102,0.055000
1609059696.414934158,63.139000,2011,100,0.055000
1609059696.464199305,31.738998,2000,100,0.055000
1609059696.489249945,11.831000,2001,101,0.055000
1609059696.489957809,11.319000,2011,102,0.055000
1609059696.514878988,31.249001,2010,100,0.055000
1609059696.539261341,31.979000,2001,100,0.056000
1609059696.564191818,11.404000,2000,101,0.055000
1609059696.564992666,10.649000,2010,102,0.055000
1609059696.590889454,47.099998,2011,100,0.268000
1609059696.639179468,31.827999,2000,100,0.055000
1609059696.639899969,12.366000,2010,101,0.024000
1609059696.664031744,11.805000,2001,101,0.024000
1609059696.665049076,11.195000,2011,102,0.055000
1609059696.689951658,31.418999,2010,100,0.024000
1609059696.714153290,32.123001,2001,100,0.055000
1609059696.739215612,11.474000,2000,101,0.055000
1609059696.739968538,10.525000,2010,102,0.055000
1609059696.765079021,31.730000,2011,100,0.056000
1609059696.814165354,31.958000,2000,100,0.055000
1609059696.814686060,12.455000,2010,101,0.055000
1609059696.839238167,11.882000,2001,101,0.055000
1609059696.840388060,11.093000,2011,102,0.055000
1609059696.864948511,31.505001,2010,100,0.055000
1609059696.889296293,32.212002,2001,100,0.055000
1609059696.914185286,11.534000,2000,101,0.055000
1609059696.914913893,10.402000,2010,102,0.024000
1609059696.939431667,31.533001,2011,100,0.268000
1609059696.989170074,32.026001,2000,100,0.055000
1609059696.989959717,12.568000,2010,101,0.055000
1609059697.014031887,11.941000,2001,101,0.024000
1609059697.014955759,10.935000,2011,102,0.055000
1609059697.039180279,11.320000,2000,102,0.024000
1609059697.040010929,31.576000,2010,100,0.055000
1609059697.064334393,32.241001,2001,100,0.024000
1609059697.089189291,11.625000,2000,101,0.024000
1609059697.089937210,10.246000,2010,102,0.055000
1609059697.115009785,31.610001,2011,100,10.536000
1609059697.164186954,32.026001,2000,100,0.024000
1609059697.164707184,12.606000,2010,101,0.055000
1609059697.189047337,12.048000,2001,101,0.055000
1609059697.189944983,10.721000,2011,102,0.055000
1609059697.214168787,11.156000,2000,102,0.055000
1609059697.214902163,31.626999,2010,100,0.055000
1609059697.239277840,32.313999,2001,100,0.055000
1609059697.264179707,11.712000,2000,101,0.055000
1609059697.264950991,10.072000,2010,102,0.024000
1609059697.339170456,32.081001,2000,100,0.055000
1609059697.339985132,12.860000,2010,101,0.024000
1609059697.363947868,12.229000,2001,101,0.055000
1609059697.364783049,10.502000,2011,102,0.055000
1609059697.389894962,31.902000,2010,100,0.024000
1609059697.414189339,32.320999,2001,100,0.055000
1609059697.439184189,11.876000,2000,101,0.055000
1609059697.439872503,9.902000,2010,102,0.055000
1609059697.464164972,10.364000,2001,102,0.055000
1609059697.465018749,31.664001,2011,100,0.056000
1609059697.514153719,32.084999,2000,100,0.055000
1609059697.514935017,12.990000,2010,101,0.055000
1609059697.539178848,12.373000,2001,101,0.055000
1609059697.539893150,10.282000,2011,102,0.055000
1609059697.565040588,31.644001,2010,100,0.055000
1609059697.589205027,32.292000,2001,100,0.055000
1609059697.614201307,12.051000,2000,101,0.024000
1609059697.614866018,9.675000,2010,102,0.055000
1609059697.689120293,32.056000,2000,100,0.055000
1609059697.689962149,13.130000,2010,101,0.055000
1609059697.713942051,12.485000,2001,101,0.055000
1609059697.714731693,10.066000,2011,102,0.055000
1609059697.739942312,31.544998,2010,100,0.055000
1609059697.764709949,32.255001,2001,100,0.055000
1609059697.789183378,12.213000,2000,101,0.024000
1609059697.790612936,9.488000,2010,102,0.055000
1609059697.865091562,32.042000,2000,100,0.055000
1609059697.888981819,12.774000,2001,101,0.055000
1609059697.889832020,9.800000,2011,102,0.055000
1609059697.914900303,31.556000,2010,100,0.055000
1609059697.939746618,32.202999,2001,100,0.055000
1609059697.964178562,12.417000,2000,101,0.024000
1609059697.967178345,9.277000,2010,102,0.055000
1609059697.989914417,46.278999,2011,100,0.056000
1609059698.039226294,31.889000,2000,100,0.056000
1609059698.039690018,13.528000,2010,101,0.055000
1609059698.063941002,12.953000,2001,101,0.055000
1609059698.064884424,9.573000,2011,102,0.055000
1609059698.089842081,31.497002,2010,100,0.055000
1609059698.114175558,32.162998,2001,100,0.055000
1609059698.142363071,9.023000,2010,102,0.055000
1609059698.142836571,12.626000,2000,101,0.055000
1609059698.214202404,31.823002,2000,100,0.055000
1609059698.214657068,13.739000,2010,101,0.055000
1609059698.239150286,13.207000,2001,101,0.055000
1609059698.239897490,9.350000,2011,102,0.055000
1609059698.264963150,31.410999,2010,100,0.055000
1609059698.289165497,32.105000,2001,100,0.055000
1609059698.314139605,12.839000,2000,101,0.055000
1609059698.314828634,8.775000,2010,102,0.055000
1609059698.389195204,31.755001,2000,100,0.024000
1609059698.389696836,13.979000,2010,101,0.024000
1609059698.413966417,13.411000,2001,101,0.055000
1609059698.414896250,9.164000,2011,102,0.055000
1609059698.439893723,31.386002,2010,100,0.055000
1609059698.464159250,32.055000,2001,100,0.055000
1609059698.489179134,13.048000,2000,101,0.055000
1609059698.489855051,8.599000,2010,102,0.055000
1609059698.514985561,31.348999,2011,100,0.055000
1609059698.564157486,31.666000,2000,100,0.055000
1609059698.564682007,14.156000,2010,101,0.055000
1609059698.588973522,13.624000,2001,101,0.055000
1609059698.589849949,8.947000,2011,102,0.055000
1609059698.614836693,31.323002,2010,100,0.055000
1609059698.639220715,31.964001,2001,100,0.055000
1609059698.664181948,13.284000,2000,101,0.055000
1609059698.665936470,8.400000,2010,102,0.055000
1609059698.689949274,31.068001,2011,100,0.056000
1609059698.739291668,31.618999,2000,100,0.055000
1609059698.764165640,13.886000,2001,101,0.055000
1609059698.764778137,8.730000,2011,102,0.055000
1609059698.789885521,31.226000,2010,100,0.055000
1609059698.814215899,31.886002,2001,100,0.024000
1609059698.839160442,13.459000,2000,101,0.055000
1609059698.839845896,8.154000,2010,102,0.055000
1609059698.864979029,30.995001,2011,100,0.056000
1609059698.914206743,31.553001,2000,100,0.055000
1609059698.938932419,14.071000,2001,101,0.055000
1609059698.939630985,8.471000,2011,102,0.055000
1609059698.964891672,31.177999,2010,100,0.055000
1609059698.989237785,31.792000,2001,100,0.055000
1609059699.014207363,13.701000,2000,101,0.055000
1609059699.014891148,7.996000,2010,102,0.055000
1609059699.039968252,30.856001,2011,100,0.055000
1609059699.089205265,31.463001,2000,100,0.055000
1609059699.089863539,14.764000,2010,101,0.055000
1609059699.114122152,14.318000,2001,101,0.055000
1609059699.118138552,8.314000,2011,102,0.055000
1609059699.139902830,31.068001,2010,100,0.055000
1609059699.164182186,31.686001,2001,100,0.055000
1609059699.189252615,13.873000,2000,101,0.055000
1609059699.189913988,7.808000,2010,102,0.055000
1609059699.214916706,30.761000,2011,100,0.056000
1609059699.264207125,31.297001,2000,100,0.055000
1609059699.264996290,15.029000,2010,101,0.055000
1609059699.289757729,14.511000,2001,101,0.055000
1609059699.290224075,8.119000,2011,102,0.055000
1609059699.314850569,30.931999,2010,100,0.055000
1609059699.339197636,31.543999,2001,100,0.055000
1609059699.364463091,14.082000,2000,101,0.055000
1609059699.365019798,7.604000,2010,102,0.055000
1609059699.390440702,30.573999,2011,100,0.055000
1609059699.439173222,31.107000,2000,100,0.055000
1609059699.463947296,14.752000,2001,101,0.024000
1609059699.464949369,7.978000,2011,102,0.055000
1609059699.489849567,30.778999,2010,100,0.055000
1609059699.514157295,31.380001,2001,100,0.055000
1609059699.539149523,14.279000,2000,101,0.055000
1609059699.539856195,7.410000,2010,102,0.055000
1609059699.564394712,32.019001,2011,100,10.536000
1609059699.614608765,31.000999,2000,100,0.056000
1609059699.615107775,15.441000,2010,101,0.055000
1609059699.639190197,14.904000,2001,101,0.055000
1609059699.639959812,7.800000,2011,102,0.055000
1609059699.664134264,8.297000,2000,102,0.055000
1609059699.664940119,30.570999,2010,100,0.055000
1609059699.689169884,31.106001,2001,100,0.055000
1609059699.714098930,14.506000,2000,101,0.055000
1609059699.714797020,7.192000,2010,102,0.055000
1609059699.789153576,30.789000,2000,100,0.056000
1609059699.789813042,15.631001,2010,101,0.055000
1609059699.814124823,15.088000,2001,101,0.055000
1609059699.814937592,7.632000,2011,102,0.055000
1609059699.839130402,8.120000,2000,102,0.055000
1609059699.839857817,30.466999,2010,100,0.055000
1609059699.864290476,30.941000,2001,100,0.055000
1609059699.889101744,14.663000,2000,101,0.055000
1609059699.889827490,7.052000,2010,102,0.055000
1609059699.914912224,44.512001,2011,100,0.056000
1609059699.964142561,30.629999,2000,100,0.055000
1609059699.964848757,15.818001,2010,101,0.055000
1609059699.988929749,15.327000,2001,101,0.055000
1609059699.990035534,7.482000,2011,102,0.055000
1609059700.014124155,7.942000,2000,102,0.055000
1609059700.014867783,30.263000,2010,100,0.055000
1609059700.039119720,30.865000,2001,100,0.055000
1609059700.064198256,14.893000,2000,101,0.055000
1609059700.065234423,6.871000,2010,102,0.055000
1609059700.091996670,44.429001,2011,100,0.056000
1609059700.139182568,30.406000,2000,100,0.056000
1609059700.139854908,16.011000,2010,101,0.055000
1609059700.164113998,15.437000,2001,101,0.055000
1609059700.164989471,7.329000,2011,102,0.055000
1609059700.189159632,7.771000,2000,102,0.055000
1609059700.189862251,30.073999,2010,100,0.055000
1609059700.214219093,30.650000,2001,100,0.055000
1609059700.239100218,15.061000,2000,101,0.055000
1609059700.239948034,6.735000,2010,102,0.055000
1609059700.264991045,44.189999,2011,100,0.056000
1609059700.314172506,30.284000,2000,100,0.024000
1609059700.314830780,16.200001,2010,101,0.055000
1609059700.341197968,15.621000,2001,101,0.055000
1609059700.341656446,7.132000,2011,102,0.055000
1609059700.364109755,7.600000,2000,102,0.055000
1609059700.365468740,29.892000,2010,100,0.055000
1609059700.389145374,30.462000,2001,100,0.055000
1609059700.414117098,15.284000,2000,101,0.024000
1609059700.414894342,6.567000,2010,102,0.055000
1609059700.489103079,30.091999,2000,100,0.055000
1609059700.489802837,16.433001,2010,101,0.024000
1609059700.514135599,15.857000,2001,101,0.055000
1609059700.516267538,6.978000,2011,102,0.055000
1609059700.539134264,7.429000,2000,102,0.055000
1609059700.539882183,29.698000,2010,100,0.055000
1609059700.564247370,30.270000,2001,100,0.055000
1609059700.589126587,15.485001,2000,101,0.024000
1609059700.589903355,6.419000,2010,102,0.055000
1609059700.614401817,59.369999,2011,100,0.129000
1609059700.664112329,29.896000,2000,100,0.024000
1609059700.664849043,16.594999,2010,101,0.055000
1609059700.689146280,16.020000,2001,101,0.055000
1609059700.692409515,6.820000,2011,102,0.055000
1609059700.714112759,7.262000,2000,102,0.055000
1609059700.714800358,29.521999,2010,100,0.055000
1609059700.739244699,30.083000,2001,100,0.055000
1609059700.764121056,15.686001,2000,101,0.055000
1609059700.765894890,6.240000,2010,102,0.055000
1609059700.839123249,29.677999,2000,100,0.055000
1609059700.839827776,16.820000,2010,101,0.055000
1609059700.864137650,16.166000,2001,101,0.055000
1609059700.864966631,6.691000,2011,102,0.055000
1609059700.889084339,7.098000,2000,102,0.055000
1609059700.889808655,29.587999,2010,100,0.055000
1609059700.914123297,30.017000,2001,100,0.055000
1609059700.939081669,15.875000,2000,101,0.055000
1609059700.939801216,6.070000,2010,102,0.055000
1609059701.014194250,29.547001,2000,100,0.024000
1609059701.014821291,16.989000,2010,101,0.055000
1609059701.039158583,16.360001,2001,101,0.055000
1609059701.039869785,6.570000,2011,102,0.055000
1609059701.064097881,6.974000,2000,102,0.055000
1609059701.064867735,29.169001,2010,100,0.024000
1609059701.089152098,29.746000,2001,100,0.024000
1609059701.114127874,16.033001,2000,101,0.055000
1609059701.114836454,5.948000,2010,102,0.055000
1609059701.139869928,44.787998,2011,100,0.056000
1609059701.189115524,29.409000,2000,100,0.055000
1609059701.189809561,17.143999,2010,101,0.055000
1609059701.214143515,16.594999,2001,101,0.055000
1609059701.215020657,6.386000,2011,102,0.055000
1609059701.239071131,6.816000,2000,102,0.055000
1609059701.239914179,29.023001,2010,100,0.024000
1609059701.264189243,29.591000,2001,100,0.055000
1609059701.289090633,16.170000,2000,101,0.055000
1609059701.289885521,5.799000,2010,102,0.055000
1609059701.314915180,28.568001,2011,100,0.056000
1609059701.364100456,29.223000,2000,100,0.055000
1609059701.365238905,17.362000,2010,101,0.055000
1609059701.389130116,16.788000,2001,101,0.055000
1609059701.389600277,5.904000,2011,102,0.268000
1609059701.414888382,28.820999,2010,100,0.055000
1609059701.439115524,29.423000,2001,100,0.055000
1609059701.464088440,16.421000,2000,101,0.055000
1609059701.465039253,5.591000,2010,102,0.055000
1609059701.539127111,29.018000,2000,100,0.055000
1609059701.539846897,17.476999,2010,101,0.055000
1609059701.564105511,17.004999,2001,101,0.055000
1609059701.565067053,6.034000,2011,102,0.024000
1609059701.589797497,28.700001,2010,100,0.055000
1609059701.614092112,29.292999,2001,100,0.055000
1609059701.639156818,16.645000,2000,101,0.024000
1609059701.639874458,5.434000,2010,102,0.055000
1609059701.664967775,28.257999,2011,100,0.056000
1609059701.714075804,28.877001,2000,100,0.055000
1609059701.714812756,17.773001,2010,101,0.055000
1609059701.739067078,17.153000,2001,101,0.055000
1609059701.739875555,5.966000,2011,102,0.055000
1609059701.764825821,28.518000,2010,100,0.055000
1609059701.789084673,29.121000,2001,100,0.055000
1609059701.814173222,16.813999,2000,101,0.055000
1609059701.814845324,5.329000,2010,102,0.055000
1609059701.888985395,28.688000,2000,100,0.055000
1609059701.889766455,17.969999,2010,101,0.055000
1609059701.914040327,17.398001,2001,101,0.055000
1609059701.914810419,5.832000,2011,102,0.055000
1609059701.939792871,28.260000,2010,100,0.055000
1609059701.964080095,28.923000,2001,100,0.055000
1609059701.989081144,17.004000,2000,101,0.055000
1609059701.991267681,5.191000,2010,102,0.055000
1609059702.014852762,27.906000,2011,100,0.056000
1609059702.064077139,28.482000,2000,100,0.055000
1609059702.065150023,18.146999,2010,101,0.055000
1609059702.089093924,17.523001,2001,101,0.055000
1609059702.089944363,5.738000,2011,102,0.055000
1609059702.114801884,28.125999,2010,100,0.055000
1609059702.139136076,28.688999,2001,100,0.024000
1609059702.164113522,17.238001,2000,101,0.024000
1609059702.165118694,4.976000,2010,102,0.055000
1609059702.190306664,41.817001,2011,100,10.536000
1609059702.239093542,28.277000,2000,100,0.055000
1609059702.239850760,18.377001,2010,101,0.055000
1609059702.264095068,17.747999,2001,101,0.055000
1609059702.266479254,5.590000,2011,102,0.055000
1609059702.290101051,27.851000,2010,100,0.024000
1609059702.314070702,28.504000,2001,100,0.055000
1609059702.339113474,17.434999,2000,101,0.055000
1609059702.339847803,4.928000,2010,102,0.024000
1609059702.363880157,5.188000,2001,102,0.055000
1609059702.364961863,27.427999,2011,100,0.056000
1609059702.414196730,28.061001,2000,100,0.055000
1609059702.414855480,18.534000,2010,101,0.055000
1609059702.439088821,17.959000,2001,101,0.055000
1609059702.439988136,5.455000,2011,102,0.055000
1609059702.464812517,27.684999,2010,100,0.055000
1609059702.489130259,28.312000,2001,100,0.055000
1609059702.514068127,17.594000,2000,101,0.055000
1609059702.514820099,4.829000,2010,102,0.055000
1609059702.589063883,27.860001,2000,100,0.055000
1609059702.614108801,18.155001,2001,101,0.055000
1609059702.615550518,5.372000,2011,102,0.055000
1609059702.639875650,27.486000,2010,100,0.055000
1609059702.664154768,28.112000,2001,100,0.055000
1609059702.689156532,17.801001,2000,101,0.055000
1609059702.689837456,4.701000,2010,102,0.055000
1609059702.713862419,4.924000,2001,102,0.024000
1609059702.764086008,27.657000,2000,100,0.055000
1609059702.789084673,18.299000,2001,101,0.055000
1609059702.789861441,5.271000,2011,102,0.055000
1609059702.814854622,27.292000,2010,100,0.055000
1609059702.839162111,27.891001,2001,100,0.055000
1609059702.864052296,17.912001,2000,101,0.055000
1609059702.864894867,4.688000,2010,102,0.055000
1609059702.889196634,4.953000,2001,102,0.055000
1609059702.939118385,27.438000,2000,100,0.055000
1609059702.939782858,19.014999,2010,101,0.055000
1609059702.964234114,18.438999,2001,101,0.055000
1609059702.964780569,4.773000,2011,102,0.268000
1609059702.991863251,27.103001,2010,100,0.055000
1609059703.014236927,27.735001,2001,100,0.055000
1609059703.039059401,18.104000,2000,101,0.024000
1609059703.039830208,4.720000,2010,102,0.055000
1609059703.064163208,4.893000,2001,102,0.055000
1609059703.064785242,26.750999,2011,100,0.024000
1609059703.114060402,27.308001,2000,100,0.055000
1609059703.114886522,19.190001,2010,101,0.055000
1609059703.139077425,18.573999,2001,101,0.055000
1609059703.139844418,5.256000,2011,102,0.055000
1609059703.164845228,26.954000,2010,100,0.024000
1609059703.189216137,27.547001,2001,100,0.055000
1609059703.214059830,18.223000,2000,101,0.055000
1609059703.214924574,4.666000,2010,102,0.055000
1609059703.238873005,4.753000,2001,102,0.024000
1609059703.239818096,26.525000,2011,100,0.055000
1609059703.289069891,27.096001,2000,100,0.055000
1609059703.289776087,19.316000,2010,101,0.024000
1609059703.314045429,18.698999,2001,101,0.055000
1609059703.314609289,4.776000,2011,102,0.268000
1609059703.339751959,26.691999,2010,100,0.024000
1609059703.364099264,27.367001,2001,100,0.055000
1609059703.414150715,4.848000,2001,102,0.055000
1609059703.414777994,26.575001,2011,100,0.024000
1609059703.464065313,26.872000,2000,100,0.055000
1609059703.464746714,19.434000,2010,101,0.055000
1609059703.489078760,18.759001,2001,101,0.055000
1609059703.490051746,4.777000,2011,102,0.268000
1609059703.514072895,5.498000,2000,102,0.055000
1609059703.514767647,26.583000,2010,100,0.055000
1609059703.539060831,27.173000,2001,100,0.055000
1609059703.564086437,18.462000,2000,101,0.055000
1609059703.564843416,4.709000,2010,102,0.055000
1609059703.589104891,4.866000,2001,102,0.055000
1609059703.591651201,26.148001,2011,100,0.024000
1609059703.639107943,26.747000,2000,100,0.055000
1609059703.639764309,19.486000,2010,101,0.055000
1609059703.664235353,18.896000,2001,101,0.055000
1609059703.664682388,4.797000,2011,102,0.268000
1609059703.689072132,5.451000,2000,102,0.024000
1609059703.690433979,26.313999,2010,100,0.055000
1609059703.714124203,26.973000,2001,100,0.055000
1609059703.739834547,4.780000,2010,102,0.055000
1609059703.764250278,4.900000,2001,102,0.055000
1609059703.764892817,25.945999,2011,100,0.055000
1609059703.814078569,26.504000,2000,100,0.055000
1609059703.814794540,19.613001,2010,101,0.055000
1609059703.839040518,18.943001,2001,101,0.055000
1609059703.839590549,4.937000,2011,102,0.268000
1609059703.864072561,5.654000,2000,102,0.055000
1609059703.864810944,26.176001,2010,100,0.024000
1609059703.889205217,26.764000,2001,100,0.055000
1609059703.914071798,18.643999,2000,101,0.024000
1609059703.914776564,4.872000,2010,102,0.055000
1609059703.939138412,5.015000,2001,102,0.055000
1609059703.939779520,25.746000,2011,100,0.055000
1609059703.989052773,26.267000,2000,100,0.055000
1609059703.989717007,19.621000,2010,101,0.055000
1609059704.014065027,19.016001,2001,101,0.055000
1609059704.014547348,5.075000,2011,102,0.268000
1609059704.039754152,25.927000,2010,100,0.055000
1609059704.064080477,26.552000,2001,100,0.055000
1609059704.089056253,18.712999,2000,101,0.055000
1609059704.090108395,4.910000,2010,102,0.055000
1609059704.114084244,5.101000,2001,102,0.055000
1609059704.114895582,25.542000,2011,100,0.024000
1609059704.164093494,26.087999,2000,100,0.055000
1609059704.164787054,19.740000,2010,101,0.024000
1609059704.189043999,19.069000,2001,101,0.055000
1609059704.189530373,5.170000,2011,102,0.268000
1609059704.214787960,25.709000,2010,100,0.055000
1609059704.239043713,26.323000,2001,100,0.056000
1609059704.264041185,18.738001,2000,101,0.055000
1609059704.264821768,5.121000,2010,102,0.055000
1609059704.289834023,25.332001,2011,100,0.056000
1609059704.339115381,25.874001,2000,100,0.055000
1609059704.364110947,19.153000,2001,101,0.055000
1609059704.339752674,19.761999,2010,101,0.055000
1609059704.364881516,5.402000,2011,102,0.268000
1609059704.389730930,25.490000,2010,100,0.055000
1609059704.414014578,26.153000,2001,100,0.055000
1609059704.439002752,18.848000,2000,101,0.055000
1609059704.439795971,5.232000,2010,102,0.055000
1609059704.463800907,5.242000,2001,102,0.055000
1609059704.514026403,25.643000,2000,100,0.055000
1609059704.514739037,19.858999,2010,101,0.055000
1609059704.539066792,19.237000,2001,101,0.055000
1609059704.539352417,5.492000,2011,102,0.268000
1609059704.564741850,25.285000,2010,100,0.055000
1609059704.589110613,25.910000,2001,100,0.055000
1609059704.613981009,18.914000,2000,101,0.055000
1609059704.614700556,5.382000,2010,102,0.055000
1609059704.639113188,5.443000,2001,102,0.055000
1609059704.639714718,24.917999,2011,100,0.055000
1609059704.689000845,25.496000,2000,100,0.055000
1609059704.690278530,19.882000,2010,101,0.055000
1609059704.714033604,19.205000,2001,101,0.055000
1609059704.714339733,5.627000,2011,102,0.268000
1609059704.738547087,5.851000,2000,102,0.268000
1609059704.741223335,25.091999,2010,100,0.055000
1609059704.763996363,25.687000,2001,100,0.055000
1609059704.789033890,18.982000,2000,101,0.055000
1609059704.789808750,5.570000,2010,102,0.055000
1609059704.814079285,5.569000,2001,102,0.055000
1609059704.863970995,25.296000,2000,100,0.055000
1609059704.864717484,19.906000,2010,101,0.055000
1609059704.889003277,19.292000,2001,101,0.055000
1609059704.889308691,5.806000,2011,102,0.268000
1609059704.914711714,24.900999,2010,100,0.055000
1609059704.939007759,25.495001,2001,100,0.055000
1609059704.963987350,19.017000,2000,101,0.055000
1609059704.964777231,5.684000,2010,102,0.024000
1609059704.989051104,5.691000,2001,102,0.055000
1609059704.989756823,24.548000,2011,100,0.055000
1609059705.038954496,25.108999,2000,100,0.055000
1609059705.039687872,20.049999,2010,101,0.055000
1609059705.064056396,19.381001,2001,101,0.055000
1609059705.089716196,24.721001,2010,100,0.024000
1609059705.114291668,25.297001,2001,100,0.056000
1609059705.139042377,19.125999,2000,101,0.055000
1609059705.139774561,5.793000,2010,102,0.055000
1609059705.164066315,5.820000,2001,102,0.055000
1609059705.164785862,40.995998,2011,100,0.056000
1609059705.213998795,24.938000,2000,100,0.055000
1609059705.214709997,20.115000,2010,101,0.024000
1609059705.239312410,6.096000,2011,102,0.268000
1609059705.264723539,24.580999,2010,100,0.055000
1609059705.289090157,25.372000,2001,100,0.024000
1609059705.289698601,19.813000,2011,101,0.055000
1609059705.313981056,19.159000,2000,101,0.055000
1609059705.314774275,5.938000,2010,102,0.055000
1609059705.339150667,5.905000,2001,102,0.055000
1609059705.388996601,24.757999,2000,100,0.055000
1609059705.390259266,20.157000,2010,101,0.055000
1609059705.414023876,19.489000,2001,101,0.055000
1609059705.438785553,6.759000,2000,102,0.055000
1609059705.439699411,24.398001,2010,100,0.055000
1609059705.464072227,24.962000,2001,100,0.268000
1609059705.489834785,6.155000,2010,102,0.055000
1609059705.514117956,6.068000,2001,102,0.055000
1609059705.514812231,40.973999,2011,100,0.055000
1609059705.564007282,24.627001,2000,100,0.055000
1609059705.564738274,20.156000,2010,101,0.024000
1609059705.588997364,19.493000,2001,101,0.055000
1609059705.614662170,24.326000,2010,100,0.024000
1609059705.638998747,24.466999,2001,100,0.268000
1609059705.639702797,19.896999,2011,101,0.268000
1609059705.663985014,19.264999,2000,101,0.055000
1609059705.664742470,6.236000,2010,102,0.055000
1609059705.689060688,6.186000,2001,102,0.055000
1609059705.689683676,41.021000,2011,100,0.056000
1609059705.739001989,24.535999,2000,100,0.055000
1609059705.739670515,20.215000,2010,101,0.055000
1609059705.764046907,19.504000,2001,101,0.055000
1609059705.764368534,6.435000,2011,102,0.268000
1609059705.789034367,7.113000,2000,102,0.055000
1609059705.789742231,24.224001,2010,100,0.055000
1609059705.814057589,24.753000,2001,100,0.056000
1609059705.839031935,19.231001,2000,101,0.055000
1609059705.839744806,6.352000,2010,102,0.055000
1609059705.864035845,6.296000,2001,102,0.055000
1609059705.913967133,24.496000,2000,100,0.055000
1609059705.914689541,20.184999,2010,101,0.055000
1609059705.939043522,19.552999,2001,101,0.055000
1609059705.939322948,6.619000,2011,102,0.268000
1609059705.964043379,7.218000,2000,102,0.055000
1609059705.964824915,24.118999,2010,100,0.055000
1609059705.988993645,24.672001,2001,100,0.268000
1609059705.989677906,19.931999,2011,101,0.055000
1609059706.013971806,19.320000,2000,101,0.024000
1609059706.014782190,6.452000,2010,102,0.024000
1609059706.038777590,6.284000,2001,102,0.055000
1609059706.088984489,24.420000,2000,100,0.055000
1609059706.090505123,20.205000,2010,101,0.024000
1609059706.138820171,7.233000,2000,102,0.055000
1609059706.139700651,24.108000,2010,100,0.055000
1609059706.164012671,24.709999,2001,100,0.268000
1609059706.164746046,19.917999,2011,101,0.055000
1609059706.189036608,19.228001,2000,101,0.055000
1609059706.189774513,6.581000,2010,102,0.055000
1609059706.213982105,6.412000,2001,102,0.024000
1609059706.214718580,41.098000,2011,100,0.056000
1609059706.263992071,24.427000,2000,100,0.055000
1609059706.264733315,20.187000,2010,101,0.055000
1609059706.289344072,19.469000,2001,101,0.055000
1609059706.314044476,7.399000,2000,102,0.055000
1609059706.314684868,24.035999,2010,100,0.055000
1609059706.338959932,24.636000,2001,100,0.056000
1609059706.364006996,19.243999,2000,101,0.024000
1609059706.364691734,6.627000,2010,102,0.055000
1609059706.389963627,6.568000,2001,102,0.055000
1609059706.439012527,24.382999,2000,100,0.055000
1609059706.439682484,20.108000,2010,101,0.055000
1609059706.463980198,19.504999,2001,101,0.024000
1609059706.488557816,6.876000,2000,102,0.268000
1609059706.491176844,23.999001,2010,100,0.055000
1609059706.514005184,24.674000,2001,100,0.055000
1609059706.514674902,19.927999,2011,101,0.024000
1609059706.538988590,19.160000,2000,101,0.055000
1609059706.539786100,6.755000,2010,102,0.055000
1609059706.564003468,6.633000,2001,102,0.055000
1609059706.564249277,45.304001,2011,100,10.536000
1609059706.613938808,24.407000,2000,100,0.055000
1609059706.639001131,19.538000,2001,101,0.055000
1609059706.639223814,7.027000,2011,102,0.268000
1609059706.664001465,7.398000,2000,102,0.024000
1609059706.664664984,23.952999,2010,100,0.024000
1609059706.689152002,24.665001,2001,100,0.056000
1609059706.713992119,19.118000,2000,101,0.055000
1609059706.714722633,6.859000,2010,102,0.055000
1609059706.738760233,6.571000,2001,102,0.055000
1609059706.739780188,24.044001,2011,100,0.268000
1609059706.788976192,24.436001,2000,100,0.055000
1609059706.789689064,20.080000,2010,101,0.055000
1609059706.838980198,7.448000,2000,102,0.055000
1609059706.840025425,23.844000,2010,100,0.055000
1609059706.888985157,19.107000,2000,101,0.055000
1609059706.889671803,6.970000,2010,102,0.055000
1609059706.914056540,6.740000,2001,102,0.055000
1609059706.914748669,23.872999,2011,100,0.056000
1609059706.963978529,24.377001,2000,100,0.056000
1609059706.988975048,19.517000,2001,101,0.055000
1609059706.989197493,7.041000,2011,102,0.268000
1609059707.013983965,7.545000,2000,102,0.055000
1609059707.014730930,23.840000,2010,100,0.268000
1609059707.038981915,41.389999,2001,100,0.056000
1609059707.065686703,7.058000,2010,102,0.055000
1609059707.065979958,19.038000,2000,101,0.055000
1609059707.089004517,6.791000,2001,102,0.055000
1609059707.089977026,23.893000,2011,100,0.055000
1609059707.139029980,24.396000,2000,100,0.056000
1609059707.139670610,20.049000,2010,101,0.024000
1609059707.163971186,19.476000,2001,101,0.055000
1609059707.164218187,7.221000,2011,102,0.268000
1609059707.189003468,7.553000,2000,102,0.055000
1609059707.190346241,24.113001,2010,100,0.268000
1609059707.213989973,24.551001,2001,100,0.055000
1609059707.239048719,19.018999,2000,101,0.055000
1609059707.239794731,7.102000,2010,102,0.055000
1609059707.263732433,6.743000,2001,102,0.055000
1609059707.314005375,41.680000,2000,100,0.056000
1609059707.314709425,20.063000,2010,101,0.055000
1609059707.338944674,19.492001,2001,101,0.055000
1609059707.339239359,7.450000,2011,102,0.268000
1609059707.363950014,7.638000,2000,102,0.055000
1609059707.364722967,58.039001,2010,100,0.056000
1609059707.389006853,41.382000,2001,100,0.055000
1609059707.413941383,18.990000,2000,101,0.024000
1609059707.414700508,7.167000,2010,102,0.055000
1609059707.439027309,6.892000,2001,102,0.055000
1609059707.439707279,23.844999,2011,100,0.055000
1609059707.488982201,41.842999,2000,100,0.056000
1609059707.513965607,19.488001,2001,101,0.024000
1609059707.514172316,7.396000,2011,102,0.268000
1609059707.538738966,7.666000,2000,102,0.055000
1609059707.539690733,58.108002,2010,100,0.056000
1609059707.588962793,18.917999,2000,101,0.055000
1609059707.589922190,7.180000,2010,102,0.055000
1609059707.613982201,6.816000,2001,102,0.055000
1609059707.614750385,23.833000,2011,100,0.055000
1609059707.688898087,19.480000,2001,101,0.055000
1609059707.689192295,7.389000,2011,102,0.268000
1609059707.713794708,7.641000,2000,102,0.055000
1609059707.739032507,41.257000,2001,100,0.055000
1609059707.764024258,18.924999,2000,101,0.055000
1609059707.764842510,7.306000,2010,102,0.055000
1609059707.788983345,6.859000,2001,102,0.055000
1609059707.789761543,23.857000,2011,100,0.024000
1609059707.838973284,41.719002,2000,100,10.536000
1609059707.863954067,19.469999,2001,101,0.055000
1609059707.864684820,8.057000,2011,102,0.055000
1609059707.888770819,7.674000,2000,102,0.055000
1609059707.889726877,58.228001,2010,100,0.056000
1609059707.913994074,24.476000,2001,100,0.055000
1609059707.938930988,18.871000,2000,101,0.055000
1609059707.939674377,7.310000,2010,102,0.055000
1609059707.963724852,6.872000,2001,102,0.055000
1609059707.964701176,23.893000,2011,100,0.024000
1609059708.013927460,24.725000,2000,100,0.055000
1609059708.040301085,19.511999,2001,101,0.055000
1609059708.040614128,8.073000,2011,102,0.024000
1609059708.063711643,7.618000,2000,102,0.024000
1609059708.064702511,58.251999,2010,100,0.056000
1609059708.088955402,24.462999,2001,100,0.055000
1609059708.113945007,18.843000,2000,101,0.055000
1609059708.114730120,7.408000,2010,102,0.055000
1609059708.138969421,6.878000,2001,102,0.024000
1609059708.139636278,23.943001,2011,100,0.055000
1609059708.188951015,24.648001,2000,100,0.055000
1609059708.213763475,19.580000,2001,101,0.055000
1609059708.214208603,7.379000,2011,102,0.268000
1609059708.239019394,7.695000,2000,102,0.055000
1609059708.239690542,40.909000,2010,100,0.056000
1609059708.263961792,24.444000,2001,100,0.055000
1609059708.288977861,18.886000,2000,101,0.055000
1609059708.289644241,7.388000,2010,102,0.055000
1609059708.313905001,6.851000,2001,102,0.024000
1609059708.314639807,23.980000,2011,100,0.055000
1609059708.363995314,24.677999,2000,100,0.055000
1609059708.388747454,19.524000,2001,101,0.055000
1609059708.389756441,8.010000,2011,102,0.055000
1609059708.413734436,7.543000,2000,102,0.055000
1609059708.414616346,23.808001,2010,100,0.055000
1609059708.438908339,24.448000,2001,100,0.055000
1609059708.463940382,18.874001,2000,101,0.055000
1609059708.464706659,7.307000,2010,102,0.055000
1609059708.488952398,6.827000,2001,102,0.055000
1609059708.489632368,24.034000,2011,100,0.055000
1609059708.538905621,24.681000,2000,100,0.055000
1609059708.563721657,19.596001,2001,101,0.055000
1609059708.564539194,7.904000,2011,102,0.055000
1609059708.588729143,7.470000,2000,102,0.024000
1609059708.589661360,23.790001,2010,100,0.055000
1609059708.613910913,24.440001,2001,100,0.055000
1609059708.638948202,18.839001,2000,101,0.055000
1609059708.639699221,7.327000,2010,102,0.055000
1609059708.663952112,6.794000,2001,102,0.055000
1609059708.664645910,24.080000,2011,100,0.024000
1609059708.713885546,24.761000,2000,100,0.024000
1609059708.739060163,19.663000,2001,101,0.055000
1609059708.739733458,7.907000,2011,102,0.055000
1609059708.764029741,7.519000,2000,102,0.055000
1609059708.764680862,23.816000,2010,100,0.024000
1609059708.788966656,24.490999,2001,100,0.055000
1609059708.789653540,19.322001,2011,101,0.055000
1609059708.814017534,18.871000,2000,101,0.024000
1609059708.814826488,7.344000,2010,102,0.055000
1609059708.838946819,6.743000,2001,102,0.055000
1609059708.839718342,24.132000,2011,100,0.055000
1609059708.888967991,24.768000,2000,100,0.055000
1609059708.913973093,19.607000,2001,101,0.055000
1609059708.914457798,7.787000,2011,102,0.055000
1609059708.939034224,7.450000,2000,102,0.055000
1609059708.939664602,23.837000,2010,100,0.055000
1609059708.963991880,24.514000,2001,100,0.055000
1609059708.988955259,18.827000,2000,101,0.055000
1609059708.989745617,7.261000,2010,102,0.055000
1609059709.013926268,6.692000,2001,102,0.024000
1609059709.014641047,24.181000,2011,100,0.024000
1609059709.063891172,24.818001,2000,100,0.055000
1609059709.088710308,19.639999,2001,101,0.024000
1609059709.089415312,7.748000,2011,102,0.055000
1609059709.113997459,7.385000,2000,102,0.055000
1609059709.114654779,23.875000,2010,100,0.055000
1609059709.138898373,24.516001,2001,100,0.055000
1609059709.163967371,18.823999,2000,101,0.055000
1609059709.164714575,7.246000,2010,102,0.024000
1609059709.188949108,6.635000,2001,102,0.055000
1609059709.190124750,24.225000,2011,100,0.055000
1609059709.238899708,24.858999,2000,100,0.055000
1609059709.263993979,19.677999,2001,101,0.024000
1609059709.264231682,7.185000,2011,102,0.268000
1609059709.288954258,7.334000,2000,102,0.024000
1609059709.289752245,23.913000,2010,100,0.055000
1609059709.313923359,24.552000,2001,100,0.055000
1609059709.338915110,18.857000,2000,101,0.055000
1609059709.339684963,7.192000,2010,102,0.055000
1609059709.363984346,6.600000,2001,102,0.055000
1609059709.364678621,24.270000,2011,100,0.055000
1609059709.413873911,24.889999,2000,100,0.055000
1609059709.438994408,19.666000,2001,101,0.055000
1609059709.439169168,7.251000,2011,102,0.268000
1609059709.463970661,7.295000,2000,102,0.055000
1609059709.464669466,23.951000,2010,100,0.055000
1609059709.488984108,24.621000,2001,100,0.055000
1609059709.513927937,18.854000,2000,101,0.055000
1609059709.514803648,7.161000,2010,102,0.055000
1609059709.538967371,6.557000,2001,102,0.055000
1609059709.539673805,24.288000,2011,100,0.055000
1609059709.588951349,24.920000,2000,100,0.024000
1609059709.613980293,19.684000,2001,101,0.055000
1609059709.614194155,7.162000,2011,102,0.268000
1609059709.638963699,7.297000,2000,102,0.024000
1609059709.639583349,23.976000,2010,100,0.024000
1609059709.663917780,24.653000,2001,100,0.055000
1609059709.664708138,19.271999,2011,101,0.055000
1609059709.689043999,18.806000,2000,101,0.055000
1609059709.689659119,7.122000,2010,102,0.055000
1609059709.713985920,6.524000,2001,102,0.055000
1609059709.714659929,24.356001,2011,100,0.055000
1609059709.764034510,24.950001,2000,100,0.055000
1609059709.764713049,20.042999,2010,101,0.055000
1609059709.789000988,19.666000,2001,101,0.055000
1609059709.789268494,7.166000,2011,102,0.268000
1609059709.813998699,7.273000,2000,102,0.024000
1609059709.814617872,24.014000,2010,100,0.055000
1609059709.838900089,24.681999,2001,100,0.055000
1609059709.863939047,18.839001,2000,101,0.055000
1609059709.864639997,7.092000,2010,102,0.055000
1609059709.888895750,6.489000,2001,102,0.024000
1609059709.889598370,24.351000,2011,100,0.024000
1609059709.938914537,24.987000,2000,100,0.055000
1609059709.965955496,7.591000,2011,102,0.055000
1609059709.966414452,19.625999,2001,101,0.055000
1609059709.989147902,7.204000,2000,102,0.055000
1609059709.989714146,24.041000,2010,100,0.055000
1609059710.013894320,24.677999,2001,100,0.055000
1609059710.014404058,19.250000,2011,101,0.055000
1609059710.038932800,18.837000,2000,101,0.055000
1609059710.039729118,7.061000,2010,102,0.055000
1609059710.063925505,6.465000,2001,102,0.055000
1609059710.064622402,24.389999,2011,100,0.055000
1609059710.113927841,25.014999,2000,100,0.055000
1609059710.138686419,19.568001,2001,101,0.055000
1609059710.139178514,7.117000,2011,102,0.268000
1609059710.163948536,7.222000,2000,102,0.055000
1609059710.164680004,24.073000,2010,100,0.055000
1609059710.188857794,24.711000,2001,100,0.024000
1609059710.213894844,18.827999,2000,101,0.055000
1609059710.214656591,7.033000,2010,102,0.055000
1609059710.238903522,6.441000,2001,102,0.055000
1609059710.239589214,24.416000,2011,100,0.055000
1609059710.288957357,25.045000,2000,100,0.055000
1609059710.313667774,19.597000,2001,101,0.055000
1609059710.314701319,7.538000,2011,102,0.055000
1609059710.338962793,7.198000,2000,102,0.055000
1609059710.339618444,24.113001,2010,100,0.055000
1609059710.363955736,24.784000,2001,100,0.055000
1609059710.388942719,18.809999,2000,101,0.055000
1609059710.389588118,7.014000,2010,102,0.055000
1609059710.413869143,6.423000,2001,102,0.055000
1609059710.414613485,24.455000,2011,100,0.055000
1609059710.463947296,25.082001,2000,100,0.055000
1609059710.488952160,19.577000,2001,101,0.055000
1609059710.489611149,7.501000,2011,102,0.055000
1609059710.513954878,7.142000,2000,102,0.055000
1609059710.514584303,24.139999,2010,100,0.055000
1609059710.538914680,24.820999,2001,100,0.055000
1609059710.563952208,18.756001,2000,101,0.055000
1609059710.564630747,6.997000,2010,102,0.055000
1609059710.588939190,6.412000,2001,102,0.055000
1609059710.589630365,24.480000,2011,100,0.055000
1609059710.638894320,25.118000,2000,100,0.055000
1609059710.639599323,19.952000,2010,101,0.268000
1609059710.663670301,19.563999,2001,101,0.024000
1609059710.664562941,7.484000,2011,102,0.055000
1609059710.688935518,7.127000,2000,102,0.055000
1609059710.689598560,24.177000,2010,100,0.055000
1609059710.713856459,24.820000,2001,100,0.024000
1609059710.738962889,18.778000,2000,101,0.024000
1609059710.739667416,6.942000,2010,102,0.055000
1609059710.763893604,6.393000,2001,102,0.024000
1609059710.764672041,24.511000,2011,100,0.055000
1609059710.813903809,25.146999,2000,100,0.055000
1609059710.838978767,19.618999,2001,101,0.055000
1609059710.839586735,7.365000,2011,102,0.055000
1609059710.864017725,7.082000,2000,102,0.055000
1609059710.864686489,24.205000,2010,100,0.024000
1609059710.888889074,24.843000,2001,100,0.055000
1609059710.890009165,19.212000,2011,101,0.055000
1609059710.913962603,18.719000,2000,101,0.055000
1609059710.914794922,6.967000,2010,102,0.055000
1609059710.938992500,6.389000,2001,102,0.055000
1609059710.939611197,24.541000,2011,100,0.055000
1609059710.989006042,25.176001,2000,100,0.055000
1609059711.013704777,19.524000,2001,101,0.055000
1609059711.014205933,7.080000,2011,102,0.268000
1609059711.038943291,7.166000,2000,102,0.055000
1609059711.039579868,24.236000,2010,100,0.055000
1609059711.063934565,24.907000,2001,100,0.055000
1609059711.088869095,18.730000,2000,101,0.055000
1609059711.089651823,6.995000,2010,102,0.024000
1609059711.113945484,6.385000,2001,102,0.055000
1609059711.114571571,24.604000,2011,100,0.055000
1609059711.163815975,25.195999,2000,100,0.055000
1609059711.188682318,19.496000,2001,101,0.024000
1609059711.189608574,7.419000,2011,102,0.055000
1609059711.213689327,7.039000,2000,102,0.055000
1609059711.214663982,24.273001,2010,100,0.024000
1609059711.238861084,24.938000,2001,100,0.055000
1609059711.263880968,18.705000,2000,101,0.055000
1609059711.264678240,6.977000,2010,102,0.024000
1609059711.288877964,6.372000,2001,102,0.055000
1609059711.289709568,24.645000,2011,100,0.055000
1609059711.338901758,25.240000,2000,100,0.055000
1609059711.339627028,19.544001,2010,101,0.268000
1609059711.364076138,19.544001,2001,101,0.055000
1609059711.365118980,7.382000,2011,102,0.055000
1609059711.389046192,7.137000,2000,102,0.055000
1609059711.389841795,24.302000,2010,100,0.024000
1609059711.413888216,24.941000,2001,100,0.055000
1609059711.438845396,18.669001,2000,101,0.055000
1609059711.439612150,6.944000,2010,102,0.055000
1609059711.463915586,6.354000,2001,102,0.055000
1609059711.464555740,24.683001,2011,100,0.024000
1609059711.513897657,25.280001,2000,100,0.024000
1609059711.538952112,19.507999,2001,101,0.055000
1609059711.539584637,7.430000,2011,102,0.055000
1609059711.563864231,7.019000,2000,102,0.055000
1609059711.564657450,24.346001,2010,100,0.055000
1609059711.588864565,25.025999,2001,100,0.055000
1609059711.613857031,18.629999,2000,101,0.055000
1609059711.614584923,6.962000,2010,102,0.055000
1609059711.638883352,6.321000,2001,102,0.055000
1609059711.639557123,24.691999,2011,100,0.024000
1609059711.688837290,25.334000,2000,100,0.055000
1609059711.713991404,19.469000,2001,101,0.055000
1609059711.714400768,7.423000,2011,102,0.055000
1609059711.738968134,7.094000,2000,102,0.055000
1609059711.739584446,24.406000,2010,100,0.055000
1609059711.763909817,25.084999,2001,100,0.055000
1609059711.764687300,19.087000,2011,101,0.055000
1609059711.789715528,6.947000,2010,102,0.055000
1609059711.813849211,6.343000,2001,102,0.055000
1609059711.814584970,24.784000,2011,100,0.024000
1609059711.863889217,25.385000,2000,100,0.055000
1609059711.888630152,19.299000,2001,101,0.055000
1609059711.889355421,7.400000,2011,102,0.055000
1609059711.913686752,6.974000,2000,102,0.055000
1609059711.914563656,24.461000,2010,100,0.055000
1609059711.938884020,25.142000,2001,100,0.055000
1609059711.939573288,18.945000,2011,101,0.055000
1609059711.963856936,18.493999,2000,101,0.055000
1609059711.964683771,6.892000,2010,102,0.055000
1609059711.988834858,6.334000,2001,102,0.055000
1609059711.989557743,24.809999,2011,100,0.055000
1609059712.038819313,25.452000,2000,100,0.024000
1609059712.063610792,19.283001,2001,101,0.055000
1609059712.064581394,7.388000,2011,102,0.055000
1609059712.088945389,7.126000,2000,102,0.055000
1609059712.089572906,24.535000,2010,100,0.055000
1609059712.113892317,25.176001,2001,100,0.055000
1609059712.138880491,18.431000,2000,101,0.055000
1609059712.139626503,6.923000,2010,102,0.055000
1609059712.163977861,6.339000,2001,102,0.055000
1609059712.164600611,24.877001,2011,100,0.055000
1609059712.213823318,25.527000,2000,100,0.055000
1609059712.214599133,20.011999,2010,101,0.055000
1609059712.238882780,19.289000,2001,101,0.024000
1609059712.239568233,7.319000,2011,102,0.055000
1609059712.263796568,7.013000,2000,102,0.055000
1609059712.264629364,24.597000,2010,100,0.055000
1609059712.288800955,25.280001,2001,100,0.024000
1609059712.313808680,18.349001,2000,101,0.055000
1609059712.314593077,6.899000,2010,102,0.055000
1609059712.338874102,6.353000,2001,102,0.055000
1609059712.339574099,24.950001,2011,100,0.055000
1609059712.388869524,25.600000,2000,100,0.055000
1609059712.389184952,18.768999,2010,101,0.129000
1609059712.413907528,19.204000,2001,101,0.055000
1609059712.414616108,7.262000,2011,102,0.055000
1609059712.440144300,7.199000,2000,102,0.055000
1609059712.440456629,24.674000,2010,100,0.055000
1609059712.463873863,25.356001,2001,100,0.055000
1609059712.464370251,18.674999,2011,101,0.055000
1609059712.488832235,18.285000,2000,101,0.055000
1609059712.489654303,6.944000,2010,102,0.055000
1609059712.513844967,6.361000,2001,102,0.055000
1609059712.514570951,25.066999,2011,100,0.055000
1609059712.563812733,25.679001,2000,100,0.055000
1609059712.588959217,19.101000,2001,101,0.055000
1609059712.589183807,6.882000,2011,102,0.268000
1609059712.613910437,7.165000,2000,102,0.055000
1609059712.614552975,24.754999,2010,100,0.055000
1609059712.638823509,25.400000,2001,100,0.024000
1609059712.663844824,18.194000,2000,101,0.055000
1609059712.664645910,6.956000,2010,102,0.055000
1609059712.688881159,6.389000,2001,102,0.055000
1609059712.689573526,25.117001,2011,100,0.055000
1609059712.738816261,25.674999,2000,100,0.055000
1609059712.763679266,18.919001,2001,101,0.055000
1609059712.764642954,7.581000,2011,102,0.055000
1609059712.788597584,7.126000,2000,102,0.024000
1609059712.789561987,24.837000,2010,100,0.055000
1609059712.813864470,25.478001,2001,100,0.024000
1609059712.814404011,18.483000,2011,101,0.055000
1609059712.838850260,18.099001,2000,101,0.055000
1609059712.839603662,6.942000,2010,102,0.055000
1609059712.863793135,6.421000,2001,102,0.055000
1609059712.864553213,25.204000,2011,100,0.055000
1609059712.913830757,25.839001,2000,100,0.055000
1609059712.938938618,18.900999,2001,101,0.055000
1609059712.939638376,7.574000,2011,102,0.055000
1609059712.963954210,7.287000,2000,102,0.055000
1609059712.964678526,24.915001,2010,100,0.055000
1609059712.988860130,25.589001,2001,100,0.055000
1609059713.013869286,17.976000,2000,101,0.055000
1609059713.014661789,6.955000,2010,102,0.024000
1609059713.038830996,6.463000,2001,102,0.055000
1609059713.039545298,25.264999,2011,100,0.055000
1609059713.088858366,25.930000,2000,100,0.055000
1609059713.113891125,18.823999,2001,101,0.055000
1609059713.114877224,7.649000,2011,102,0.055000
1609059713.138604641,7.262000,2000,102,0.055000
1609059713.139567375,24.962999,2010,100,0.055000
1609059713.163843870,25.643000,2001,100,0.055000
1609059713.188794851,17.924999,2000,101,0.055000
1609059713.189561844,6.967000,2010,102,0.055000
1609059713.213836432,6.516000,2001,102,0.055000
1609059713.214531660,25.316000,2011,100,0.055000
1609059713.263813972,26.018000,2000,100,0.055000
1609059713.288893461,18.754000,2001,101,0.055000
1609059713.289581299,7.700000,2011,102,0.055000
1609059713.313888073,7.438000,2000,102,0.055000
1609059713.314568043,25.000000,2010,100,0.024000
1609059713.338813543,25.664000,2001,100,0.055000
1609059713.363824129,17.837000,2000,101,0.055000
1609059713.364632368,7.031000,2010,102,0.055000
1609059713.388878822,6.570000,2001,102,0.055000
1609059713.389600277,25.334000,2011,100,0.055000
1609059713.438810825,25.959000,2000,100,0.055000
1609059713.463917017,18.738001,2001,101,0.055000
1609059713.464643002,7.763000,2011,102,0.055000
1609059713.488635540,7.392000,2000,102,0.055000
1609059713.489524603,24.997999,2010,100,0.055000
1609059713.513800383,25.643999,2001,100,0.055000
1609059713.514610767,18.275000,2011,101,0.055000
1609059713.538832188,17.773001,2000,101,0.055000
1609059713.539614201,7.099000,2010,102,0.055000
1609059713.563842773,6.644000,2001,102,0.055000
1609059713.564611435,25.341999,2011,100,0.055000
1609059713.613797665,26.039000,2000,100,0.024000
1609059713.638650894,18.572001,2001,101,0.055000
1609059713.639093161,7.269000,2011,102,0.268000
1609059713.663934231,7.569000,2000,102,0.055000
1609059713.664586306,24.999001,2010,100,0.055000
1609059713.688834667,25.669001,2001,100,0.055000
1609059713.713870764,17.731001,2000,101,0.055000
1609059713.714622259,7.175000,2010,102,0.055000
1609059713.738877296,6.716000,2001,102,0.055000
1609059713.739596367,25.336000,2011,100,0.055000
1609059713.788832903,25.992001,2000,100,0.055000
1609059713.789323807,18.945999,2010,101,0.055000
1609059713.813909292,18.650000,2001,101,0.024000
1609059713.814588547,7.931000,2011,102,0.055000
1609059713.838844061,7.526000,2000,102,0.055000
1609059713.839518785,25.028999,2010,100,0.024000
1609059713.863831997,25.655001,2001,100,0.024000
1609059713.888835907,17.705000,2000,101,0.055000
1609059713.889559031,7.301000,2010,102,0.055000
1609059713.913806438,6.800000,2001,102,0.055000
1609059713.914520741,25.323999,2011,100,0.024000
1609059713.963818550,25.931999,2000,100,0.055000
1609059713.964715719,18.886999,2010,101,0.055000
1609059713.988924980,18.582001,2001,101,0.055000
1609059713.989841223,8.023000,2011,102,0.055000
1609059714.013900995,7.697000,2000,102,0.055000
1609059714.014576435,24.966999,2010,100,0.055000
1609059714.038804770,25.597000,2001,100,0.055000
1609059714.039350748,18.094999,2011,101,0.055000
1609059714.063878059,17.667000,2000,101,0.055000
1609059714.064604044,7.344000,2010,102,0.055000
1609059714.088798046,6.883000,2001,102,0.055000
1609059714.089535475,25.301001,2011,100,0.055000
1609059714.138821840,25.961000,2000,100,0.055000
1609059714.139599562,18.878000,2010,101,0.055000
1609059714.163641214,18.466999,2001,101,0.024000
1609059714.164646626,8.108000,2011,102,0.055000
1609059714.188895226,7.666000,2000,102,0.055000
1609059714.189516068,24.948000,2010,100,0.055000
1609059714.213779926,25.583000,2001,100,0.055000
1609059714.214655399,18.143000,2011,101,0.024000
1609059714.238811731,17.635000,2000,101,0.055000
1609059714.239593029,7.427000,2010,102,0.055000
1609059714.263808489,6.959000,2001,102,0.055000
1609059714.264575958,25.326000,2011,100,0.055000
1609059714.313859224,25.937000,2000,100,0.055000
1609059714.314504862,18.825001,2010,101,0.055000
1609059714.338913441,18.532000,2001,101,0.055000
1609059714.339657068,8.186000,2011,102,0.055000
1609059714.363643646,7.756000,2000,102,0.055000
1609059714.364689589,24.937000,2010,100,0.055000
1609059714.388802528,25.561001,2001,100,0.055000
1609059714.413796663,17.629999,2000,101,0.055000
1609059714.414577961,7.516000,2010,102,0.055000
1609059714.438835144,7.042000,2001,102,0.055000
1609059714.439516068,25.281000,2011,100,0.055000
1609059714.488770247,25.931999,2000,100,0.055000
1609059714.513603210,18.347000,2001,101,0.055000
1609059714.514662743,8.270000,2011,102,0.055000
1609059714.538795710,7.864000,2000,102,0.055000
1609059714.539512396,24.930000,2010,100,0.024000
1609059714.563836336,25.549999,2001,100,0.055000
1609059714.564324856,18.035000,2011,101,0.055000
1609059714.588796854,17.559999,2000,101,0.055000
1609059714.589301348,7.597000,2010,102,0.055000
1609059714.613783598,7.122000,2001,102,0.055000
1609059714.614494801,25.283001,2011,100,0.055000
1609059714.663853168,25.926001,2000,100,0.024000
1609059714.664522886,18.746000,2010,101,0.055000
1609059714.688650370,18.344999,2001,101,0.055000
1609059714.689595699,8.358000,2011,102,0.055000
1609059714.713584185,7.941000,2000,102,0.055000
1609059714.714524746,24.922001,2010,100,0.055000
1609059714.738856316,25.537001,2001,100,0.055000
1609059714.739852905,17.950001,2011,101,0.055000
1609059714.763803482,17.549999,2000,101,0.024000
1609059714.764722824,7.677000,2010,102,0.055000
1609059714.788839102,7.199000,2001,102,0.024000
1609059714.789533615,25.271999,2011,100,0.055000
1609059714.838763475,25.895000,2000,100,0.055000
1609059714.863900423,18.375000,2001,101,0.055000
1609059714.864575863,8.436000,2011,102,0.055000
1609059714.888787270,8.030000,2000,102,0.055000
1609059714.889510632,24.919001,2010,100,0.055000
1609059714.913848400,25.584000,2001,100,0.024000
1609059714.938833237,17.493999,2000,101,0.055000
1609059714.939302206,7.726000,2010,102,0.055000
1609059714.963813782,7.284000,2001,102,0.055000
1609059714.964532137,25.289000,2011,100,0.055000
1609059715.013789177,25.944000,2000,100,0.055000
1609059715.014492035,18.677000,2010,101,0.055000
1609059715.038880825,18.318001,2001,101,0.055000
1609059715.039695263,8.516000,2011,102,0.055000
1609059715.063615084,8.104000,2000,102,0.055000
1609059715.064602852,24.938999,2010,100,0.055000
1609059715.088787079,25.559000,2001,100,0.055000
1609059715.113821507,17.447001,2000,101,0.055000
1609059715.114291668,7.838000,2010,102,0.055000
1609059715.138792515,7.353000,2001,102,0.024000
1609059715.139497280,25.232000,2011,100,0.055000
1609059715.188805580,25.927000,2000,100,0.055000
1609059715.213845253,18.259001,2001,101,0.055000
1609059715.214554548,8.558000,2011,102,0.055000
1609059715.238785505,8.199000,2000,102,0.055000
1609059715.239533901,24.950001,2010,100,0.055000
1609059715.263812780,25.580000,2001,100,0.055000
1609059715.264382124,17.792000,2011,101,0.055000
1609059715.288802385,17.344999,2000,101,0.055000
1609059715.289273977,7.921000,2010,102,0.055000
1609059715.313800812,7.451000,2001,102,0.055000
1609059715.314488173,25.327000,2011,100,0.055000
1609059715.363757610,25.987000,2000,100,0.055000
1609059715.388856888,18.184999,2001,101,0.055000
1609059715.389575481,8.686000,2011,102,0.055000
1609059715.413590670,8.331000,2000,102,0.055000
1609059715.414515972,24.981001,2010,100,0.055000
1609059715.438805580,25.603001,2001,100,0.055000
1609059715.464034319,17.318001,2000,101,0.055000
1609059715.464600801,8.035000,2010,102,0.055000
1609059715.488805294,7.538000,2001,102,0.055000
1609059715.489473820,25.358999,2011,100,0.055000
1609059715.538807154,26.014999,2000,100,0.055000
1609059715.539025307,17.693001,2010,101,0.129000
1609059715.563795090,18.031000,2001,101,0.024000
1609059715.564619780,8.766000,2011,102,0.055000
1609059715.588768721,8.346000,2000,102,0.055000
1609059715.589528799,25.010000,2010,100,0.055000
1609059715.613878965,25.638000,2001,100,0.055000
1609059715.638789177,17.236000,2000,101,0.024000
1609059715.639278412,8.043000,2010,102,0.024000
1609059715.663826942,7.616000,2001,102,0.055000
1609059715.664508104,25.365000,2011,100,0.055000
1609059715.713778019,26.062000,2000,100,0.055000
1609059715.738910675,17.969999,2001,101,0.055000
1609059715.739299297,8.811000,2011,102,0.055000
1609059715.763773203,8.416000,2000,102,0.055000
1609059715.764575481,25.063999,2010,100,0.055000
1609059715.788838625,25.674999,2001,100,0.055000
1609059715.813761950,17.162001,2000,101,0.055000
1609059715.814291239,8.154000,2010,102,0.024000
1609059715.838792562,7.676000,2001,102,0.055000
1609059715.841458559,25.450001,2011,100,0.055000
1609059715.888764143,26.038000,2000,100,0.055000
1609059715.913881779,17.958000,2001,101,0.055000
1609059715.914270401,8.877000,2011,102,0.055000
1609059715.938749790,8.490000,2000,102,0.055000
1609059715.939470768,25.110001,2010,100,0.055000
1609059715.963814497,25.725000,2001,100,0.055000
1609059715.988785267,17.047001,2000,101,0.055000
1609059715.989461422,8.181000,2010,102,0.055000
1609059716.013783693,7.749000,2001,102,0.055000
1609059716.014484882,25.503000,2011,100,0.055000
1609059716.063807964,26.121000,2000,100,0.055000
1609059716.088836908,17.879999,2001,101,0.055000
1609059716.089526176,8.974000,2011,102,0.055000
1609059716.113762140,8.569000,2000,102,0.055000
1609059716.114629984,25.158001,2010,100,0.055000
1609059716.138809681,25.778999,2001,100,0.055000
1609059716.139272451,17.465000,2011,101,0.024000
1609059716.163778543,16.972000,2000,101,0.055000
1609059716.164312124,8.234000,2010,102,0.055000
1609059716.188818455,7.819000,2001,102,0.055000
1609059716.189534664,25.555000,2011,100,0.055000
1609059716.238769054,26.226999,2000,100,0.055000
1609059716.263566256,17.708000,2001,101,0.055000
1609059716.264604092,9.046000,2011,102,0.055000
1609059716.288804770,8.656000,2000,102,0.055000
1609059716.289498568,25.223000,2010,100,0.055000
1609059716.313824654,25.851000,2001,100,0.055000
1609059716.338831425,16.912001,2000,101,0.055000
1609059716.339262247,8.299000,2010,102,0.055000
1609059716.363765955,7.873000,2001,102,0.055000
1609059716.364540577,25.636999,2011,100,0.024000
1609059716.413765669,26.341999,2000,100,0.055000
1609059716.438813925,17.700001,2001,101,0.055000
1609059716.439253569,9.038000,2011,102,0.055000
1609059716.463767052,8.694000,2000,102,0.055000
1609059716.464712381,25.301001,2010,100,0.055000
1609059716.488814592,25.962999,2001,100,0.055000
1609059716.489581585,17.327000,2011,101,0.024000
1609059716.513807058,16.820000,2000,101,0.024000
1609059716.514308214,8.420000,2010,102,0.055000
1609059716.538768053,7.939000,2001,102,0.024000
1609059716.539491653,25.711000,2011,100,0.055000
1609059716.588777304,26.299999,2000,100,0.055000
1609059716.589246750,17.587000,2010,101,0.268000
1609059716.613811493,17.604000,2001,101,0.024000
1609059716.614604235,9.086000,2011,102,0.055000
1609059716.638623714,8.832000,2000,102,0.055000
1609059716.639459372,25.382000,2010,100,0.024000
1609059716.663764954,26.035000,2001,100,0.055000
1609059716.666369677,17.176001,2011,101,0.055000
1609059716.688770771,16.728001,2000,101,0.055000
1609059716.689501047,8.438000,2010,102,0.055000
1609059716.713778734,7.995000,2001,102,0.024000
1609059716.714565039,25.789000,2011,100,0.055000
1609059716.763800383,26.475000,2000,100,0.055000
1609059716.764083147,17.485001,2010,101,0.268000
1609059716.788854837,17.459999,2001,101,0.055000
1609059716.789565086,9.247000,2011,102,0.055000
1609059716.813789845,8.815000,2000,102,0.055000
1609059716.814511061,25.459999,2010,100,0.055000
1609059716.838810444,26.087999,2001,100,0.055000
1609059716.839536905,17.076000,2011,101,0.055000
1609059716.863798618,16.618000,2000,101,0.055000
1609059716.864506245,8.452000,2010,102,0.055000
1609059716.888774157,8.049000,2001,102,0.055000
1609059716.889464617,25.882999,2011,100,0.055000
1609059716.938757896,26.551001,2000,100,0.055000
1609059716.938986778,17.393999,2010,101,0.268000
1609059716.963574409,17.318001,2001,101,0.024000
1609059716.964612961,9.261000,2011,102,0.055000
1609059716.988770247,8.924000,2000,102,0.055000
1609059716.989518166,25.555000,2010,100,0.055000
1609059717.013781309,26.173000,2001,100,0.024000
1609059717.014305115,16.938000,2011,101,0.055000
1609059717.038761377,16.481001,2000,101,0.055000
1609059717.039476395,8.529000,2010,102,0.024000
1609059717.063813925,8.104000,2001,102,0.055000
1609059717.064512253,25.978001,2011,100,0.055000
1609059717.113774061,26.646999,2000,100,0.055000
1609059717.114442348,17.549999,2010,101,0.055000
1609059717.138809443,17.330999,2001,101,0.055000
1609059717.139630556,9.351000,2011,102,0.055000
1609059717.163754225,8.944000,2000,102,0.055000
1609059717.164476871,25.641001,2010,100,0.055000
1609059717.188789606,26.298000,2001,100,0.055000
1609059717.189468145,16.875999,2011,101,0.055000
1609059717.213733673,16.372999,2000,101,0.055000
1609059717.214480162,8.571000,2010,102,0.055000
1609059717.238735914,8.169000,2001,102,0.055000
1609059717.239449739,26.070000,2011,100,0.024000
1609059717.288790703,26.737000,2000,100,0.055000
1609059717.289069653,16.870001,2010,101,0.129000
1609059717.313586235,17.106001,2001,101,0.055000
1609059717.314579964,9.367000,2011,102,0.055000
1609059717.338783979,9.028000,2000,102,0.055000
1609059717.339504719,25.726000,2010,100,0.055000
1609059717.363775492,26.392000,2001,100,0.055000
1609059717.388781786,16.312000,2000,101,0.024000
1609059717.389278650,8.663000,2010,102,0.024000
1609059717.413797617,8.214000,2001,102,0.055000
1609059717.414543629,26.153999,2011,100,0.055000
1609059717.463728428,26.792000,2000,100,0.055000
1609059717.488819838,17.091999,2001,101,0.055000
1609059717.489795208,9.383000,2011,102,0.055000
1609059717.513773918,9.090000,2000,102,0.055000
1609059717.514448166,25.822001,2010,100,0.055000
1609059717.538722277,26.476999,2001,100,0.055000
1609059717.539489031,16.719000,2011,101,0.055000
1609059717.563753605,16.171000,2000,101,0.055000
1609059717.564500809,8.660000,2010,102,0.055000
1609059717.588746309,8.260000,2001,102,0.055000
1609059717.589443445,26.235001,2011,100,0.055000
1609059717.638728857,26.825001,2000,100,0.055000
1609059717.638974905,16.670000,2010,101,0.129000
1609059717.663611650,16.903999,2001,101,0.055000
1609059717.664270163,9.437000,2011,102,0.055000
1609059717.688742638,9.098000,2000,102,0.055000
1609059717.689471960,25.899000,2010,100,0.055000
1609059717.713750601,26.556000,2001,100,0.055000
1609059717.738746643,16.080999,2000,101,0.055000
1609059717.739782095,8.703000,2010,102,0.055000
1609059717.763746500,8.309000,2001,102,0.055000
1609059717.764521122,26.329000,2011,100,0.024000
1609059717.813740492,26.993000,2000,100,0.055000
1609059717.814477205,16.930000,2010,101,0.055000
1609059717.838848829,16.929001,2001,101,0.055000
1609059717.839529753,9.479000,2011,102,0.055000
1609059717.863747358,9.160000,2000,102,0.055000
1609059717.864451408,25.978001,2010,100,0.024000
1609059717.888720989,26.598000,2001,100,0.055000
1609059717.889476776,16.527000,2011,101,0.055000
1609059717.913758755,15.990000,2000,101,0.055000
1609059717.914273739,8.749000,2010,102,0.055000
1609059717.938787699,8.384000,2001,102,0.024000
1609059717.939511061,26.396999,2011,100,0.055000
1609059717.988771915,27.305000,2000,100,0.055000
1609059718.013799667,16.799999,2001,101,0.055000
1609059718.014469385,9.521000,2011,102,0.055000
1609059718.038739681,9.204000,2000,102,0.055000
1609059718.039482594,26.069000,2010,100,0.024000
1609059718.063782692,26.673000,2001,100,0.024000
1609059718.064252377,16.364000,2011,101,0.055000
1609059718.088759899,15.899000,2000,101,0.055000
1609059718.089511156,8.782000,2010,102,0.055000
1609059718.113758326,8.430000,2001,102,0.055000
1609059718.114493132,26.485001,2011,100,0.024000
1609059718.163776159,27.375999,2000,100,0.055000
1609059718.164061785,16.400999,2010,101,0.129000
1609059718.188837290,16.672001,2001,101,0.024000
1609059718.189104319,9.156000,2011,102,0.268000
1609059718.213753939,9.240000,2000,102,0.055000
1609059718.214464188,26.139000,2010,100,0.055000
1609059718.238764286,26.785999,2001,100,0.055000
1609059718.239247322,16.320999,2011,101,0.055000
1609059718.263786793,15.861000,2000,101,0.055000
1609059718.264292479,8.815000,2010,102,0.055000
1609059718.288758516,8.463000,2001,102,0.055000
1609059718.289446831,26.566000,2011,100,0.055000
1609059718.338738203,27.459999,2000,100,0.055000
1609059718.339008093,16.240000,2010,101,0.129000
1609059718.363854885,16.643999,2001,101,0.055000
1609059718.364133358,9.245000,2011,102,0.268000
1609059718.388787031,9.268000,2000,102,0.055000
1609059718.389483452,26.219000,2010,100,0.055000
1609059718.413774252,26.829000,2001,100,0.024000
1609059718.438716412,15.737000,2000,101,0.055000
1609059718.439225435,8.868000,2010,102,0.055000
1609059718.463782787,8.485000,2001,102,0.055000
1609059718.464423418,26.656000,2011,100,0.055000
1609059718.513756990,27.318001,2000,100,0.055000
1609059718.514018536,16.135000,2010,101,0.129000
1609059718.538777351,16.549000,2001,101,0.055000
1609059718.539467812,9.603000,2011,102,0.055000
1609059718.563721895,9.331000,2000,102,0.055000
1609059718.564531803,26.302000,2010,100,0.055000
1609059718.588734627,26.920000,2001,100,0.055000
1609059718.589237928,16.083000,2011,101,0.055000
1609059718.613798380,15.660000,2000,101,0.055000
1609059718.614665031,8.890000,2010,102,0.055000
1609059718.638751030,8.469000,2001,102,0.055000
1609059718.639404297,26.737000,2011,100,0.055000
1609059718.688688755,27.631001,2000,100,0.055000
1609059718.713647366,16.400000,2001,101,0.024000
1609059718.713952541,9.219000,2011,102,0.268000
1609059718.738777876,9.311000,2000,102,0.055000
1609059718.739447594,26.396000,2010,100,0.055000
1609059718.763753891,27.041000,2001,100,0.055000
1609059718.764585018,16.086000,2011,101,0.024000
1609059718.788726807,15.583000,2000,101,0.055000
1609059718.789304256,8.893000,2010,102,0.055000
1609059718.813770533,8.472000,2001,102,0.055000
1609059718.814818144,26.827999,2011,100,0.055000
1609059718.863718748,27.528000,2000,100,0.055000
1609059718.864882708,16.153000,2010,101,0.129000
1609059718.888808489,16.405001,2001,101,0.055000
1609059718.889449596,9.470000,2011,102,0.055000
1609059718.913710833,9.359000,2000,102,0.055000
1609059718.914450169,26.489000,2010,100,0.055000
1609059718.938807487,27.139000,2001,100,0.055000
1609059718.939321041,15.959999,2011,101,0.055000
1609059718.963546753,15.500999,2000,101,0.055000
1609059718.964541435,8.920000,2010,102,0.055000
1609059718.988772631,8.526000,2001,102,0.055000
1609059718.989466906,26.910999,2011,100,0.055000
1609059719.038740158,27.549999,2000,100,0.055000
1609059719.039471149,16.139000,2010,101,0.268000
1609059719.063798189,16.292000,2001,101,0.055000
1609059719.064461708,9.511000,2011,102,0.055000
1609059719.088774443,9.323000,2000,102,0.024000
1609059719.090032339,26.580999,2010,100,0.055000
1609059719.113744736,27.237000,2001,100,0.055000
1609059719.138781786,15.436001,2000,101,0.055000
1609059719.139266491,8.847000,2010,102,0.055000
1609059719.163789988,8.482000,2001,102,0.055000
1609059719.164487362,27.017000,2011,100,0.055000
1609059719.238804102,16.229000,2001,101,0.024000
1609059719.239088297,9.201000,2011,102,0.268000
1609059719.263738394,9.323000,2000,102,0.055000
1609059719.264515877,26.688000,2010,100,0.055000
1609059719.288754225,27.302999,2001,100,0.055000
1609059719.289522171,15.889000,2011,101,0.024000
1609059719.313575506,15.364000,2000,101,0.055000
1609059719.314471960,8.863000,2010,102,0.055000
1609059719.338767529,8.515000,2001,102,0.055000
1609059719.339470387,27.117001,2011,100,0.055000
1609059719.388756990,27.705000,2000,100,0.055000
1609059719.413810015,16.190001,2001,101,0.055000
1609059719.414141417,9.176000,2011,102,0.268000
1609059719.438756466,9.366000,2000,102,0.055000
1609059719.439471006,26.789000,2010,100,0.055000
1609059719.463726759,27.441999,2001,100,0.055000
1609059719.464427233,15.767000,2011,101,0.055000
1609059719.488730907,15.327999,2000,101,0.055000
1609059719.489277840,8.849000,2010,102,0.024000
1609059719.514222622,8.508000,2001,102,0.055000
1609059719.514512300,27.228001,2011,100,0.055000
1609059719.563717604,27.851000,2000,100,0.055000
1609059719.588770151,16.080000,2001,101,0.024000
1609059719.589097261,9.116000,2011,102,0.268000
1609059719.613714457,9.353000,2000,102,0.024000
1609059719.614439964,26.898001,2010,100,0.055000
1609059719.638729811,27.511999,2001,100,0.024000
1609059719.639515162,15.694000,2011,101,0.055000
1609059719.663514137,15.211000,2000,101,0.055000
1609059719.664477587,8.844000,2010,102,0.055000
1609059719.688669443,8.507000,2001,102,0.024000
1609059719.689401627,27.330999,2011,100,0.055000
1609059719.738707066,27.962000,2000,100,0.055000
1609059719.739215612,15.732000,2010,101,0.129000
1609059719.763821363,16.038000,2001,101,0.055000
1609059719.764185905,9.108000,2011,102,0.268000
1609059719.788695574,9.309000,2000,102,0.055000
1609059719.789426565,27.004999,2010,100,0.024000
1609059719.813692331,27.624001,2001,100,0.055000
1609059719.814518452,15.615999,2011,101,0.055000
1609059719.838684082,15.168000,2000,101,0.055000
1609059719.839439392,8.823000,2010,102,0.055000
1609059719.863711596,8.453000,2001,102,0.024000
1609059719.864428997,27.427999,2011,100,0.055000
1609059719.913721323,28.073000,2000,100,0.055000
1609059719.938760281,15.934999,2001,101,0.055000
1609059719.938951731,9.204000,2011,102,0.268000
1609059719.963693619,9.340000,2000,102,0.055000
1609059719.964466095,27.112000,2010,100,0.055000
1609059719.988681555,27.726999,2001,100,0.024000
1609059719.989522934,15.579000,2011,101,0.024000
1609059720.013684988,15.060000,2000,101,0.055000
1609059720.014528990,8.799000,2010,102,0.055000
1609059720.038671494,8.446000,2001,102,0.055000
1609059720.039402723,27.549999,2011,100,0.055000
1609059720.088708639,28.177000,2000,100,0.055000
1609059720.089524031,15.834999,2010,101,0.268000
1609059720.113794088,15.916000,2001,101,0.055000
1609059720.113987923,9.133000,2011,102,0.268000
1609059720.138707399,9.326000,2000,102,0.055000
1609059720.139718056,27.224001,2010,100,0.024000
1609059720.163676023,27.848000,2001,100,0.055000
1609059720.164559126,15.506001,2011,101,0.055000
1609059720.188716888,14.990000,2000,101,0.055000
1609059720.189470768,8.774000,2010,102,0.055000
1609059720.213721514,8.435000,2001,102,0.055000
1609059720.214492559,27.653999,2011,100,0.055000
1609059720.263709784,28.261000,2000,100,0.055000
1609059720.288754940,15.792999,2001,101,0.055000
1609059720.288933992,8.985000,2011,102,0.268000
1609059720.313752651,9.311000,2000,102,0.055000
1609059720.314767361,27.344000,2010,100,0.055000
1609059720.338696480,27.968000,2001,100,0.055000
1609059720.339519978,15.429001,2011,101,0.055000
1609059720.363704205,14.946000,2000,101,0.055000
1609059720.364706039,8.768000,2010,102,0.055000
1609059720.388692856,8.418000,2001,102,0.055000
1609059720.389402628,27.785999,2011,100,0.055000
1609059720.438700676,28.424000,2000,100,0.055000
1609059720.463764668,15.763000,2001,101,0.055000
1609059720.464449644,9.465000,2011,102,0.055000
1609059720.488519669,9.321000,2000,102,0.055000
1609059720.489394665,27.469999,2010,100,0.024000
1609059720.513682365,28.094000,2001,100,0.055000
1609059720.514509439,15.337000,2011,101,0.055000
1609059720.538483143,14.801000,2000,101,0.055000
1609059720.539472342,8.746000,2010,102,0.055000
1609059720.563706636,8.411000,2001,102,0.055000
1609059720.564434052,27.899000,2011,100,0.055000
1609059720.613688231,28.459999,2000,100,0.055000
1609059720.638799429,15.690001,2001,101,0.055000
1609059720.639413595,9.431000,2011,102,0.055000
1609059720.663474083,9.287000,2000,102,0.055000
1609059720.664389133,27.591000,2010,100,0.055000
1609059720.688705444,28.247000,2001,100,0.024000
1609059720.689481735,15.219000,2011,101,0.055000
1609059720.713508129,14.764000,2000,101,0.055000
1609059720.714406729,8.723000,2010,102,0.055000
1609059720.738699436,8.403000,2001,102,0.055000
1609059720.739427805,28.032000,2011,100,0.024000
1609059720.788637877,28.667000,2000,100,0.055000
1609059720.788970232,15.532000,2010,101,0.268000
1609059720.813761234,15.614000,2001,101,0.055000
1609059720.814184904,9.397000,2011,102,0.055000
1609059720.838749409,9.369000,2000,102,0.055000
1609059720.839430809,27.721001,2010,100,0.055000
1609059720.863714457,28.341000,2001,100,0.055000
1609059720.864385128,15.186000,2011,101,0.055000
1609059720.888653278,14.697000,2000,101,0.055000
1609059720.889527559,8.695000,2010,102,0.055000
1609059720.913737297,8.420000,2001,102,0.055000
1609059720.914449692,28.153000,2011,100,0.024000
1609059720.963675976,28.829000,2000,100,0.055000
1609059720.988734722,15.559999,2001,101,0.055000
1609059720.989148855,9.396000,2011,102,0.055000
1609059721.013507366,9.273000,2000,102,0.055000
1609059721.014408827,27.841000,2010,100,0.055000
1609059721.038710594,28.507999,2001,100,0.055000
1609059721.039538383,15.072000,2011,101,0.055000
1609059721.063473701,14.670000,2000,101,0.055000
1609059721.065662622,8.655000,2010,102,0.024000
1609059721.088663578,8.358000,2001,102,0.055000
1609059721.089425087,28.266001,2011,100,0.055000
1609059721.138665676,28.955999,2000,100,0.055000
1609059721.163770437,15.530001,2001,101,0.055000
1609059721.164467812,9.399000,2011,102,0.055000
1609059721.188453913,9.251000,2000,102,0.055000
1609059721.189371824,27.971001,2010,100,0.024000
1609059721.213687658,28.587999,2001,100,0.055000
1609059721.214505434,14.998000,2011,101,0.055000
1609059721.238460302,14.565000,2000,101,0.055000
1609059721.239449978,8.591000,2010,102,0.055000
1609059721.263680935,8.374000,2001,102,0.055000
1609059721.264429331,28.400000,2011,100,0.024000
1609059721.313668966,29.042999,2000,100,0.055000
1609059721.313893318,15.230000,2010,101,0.268000
1609059721.338752747,15.433001,2001,101,0.055000
1609059721.338977337,8.968000,2011,102,0.268000
1609059721.363472462,9.236000,2000,102,0.055000
1609059721.364435434,28.091999,2010,100,0.055000
1609059721.388741493,28.760000,2001,100,0.055000
1609059721.389431238,14.967000,2011,101,0.055000
1609059721.413536072,14.498000,2000,101,0.024000
1609059721.414477348,8.594000,2010,102,0.055000
1609059721.438503742,8.322000,2001,102,0.055000
1609059721.439424276,28.521999,2011,100,0.055000
1609059721.488674402,29.173000,2000,100,0.055000
1609059721.488963604,15.219000,2010,101,0.268000
1609059721.513777971,15.334999,2001,101,0.055000
1609059721.514011860,8.933000,2011,102,0.268000
1609059721.538482189,9.183000,2000,102,0.055000
1609059721.539401054,28.216999,2010,100,0.055000
1609059721.563691139,28.843000,2001,100,0.024000
1609059721.564502001,14.865000,2011,101,0.055000
1609059721.588763952,14.508000,2000,101,0.055000
1609059721.589513779,8.563000,2010,102,0.055000
1609059721.613469601,8.311000,2001,102,0.055000
1609059721.614405394,28.648001,2011,100,0.055000
1609059721.663753033,29.246000,2000,100,0.055000
1609059721.688745499,15.271000,2001,101,0.055000
1609059721.689063311,8.842000,2011,102,0.268000
1609059721.713428736,9.171000,2000,102,0.055000
1609059721.714369059,28.336000,2010,100,0.055000
1609059721.738691330,28.968000,2001,100,0.024000
1609059721.739461899,14.792000,2011,101,0.055000
1609059721.763765335,14.452000,2000,101,0.055000
1609059721.764584303,8.541000,2010,102,0.055000
1609059721.788465023,8.296000,2001,102,0.055000
1609059721.789381027,28.768000,2011,100,0.024000
1609059721.838657379,29.445999,2000,100,0.055000
1609059721.863737822,15.230000,2001,101,0.055000
1609059721.864439726,9.303000,2011,102,0.055000
1609059721.888725281,9.230000,2000,102,0.055000
1609059721.889412880,28.455000,2010,100,0.024000
1609059721.913682222,29.079000,2001,100,0.055000
1609059721.914430380,14.785000,2011,101,0.024000
1609059721.938751698,14.401000,2000,101,0.055000
1609059721.939477205,8.513000,2010,102,0.055000
1609059721.963453054,8.270000,2001,102,0.055000
1609059721.964413166,28.858999,2011,100,0.055000
1609059722.013633490,29.554001,2000,100,0.055000
1609059722.038667917,15.139000,2001,101,0.055000
1609059722.038896799,8.801000,2011,102,0.268000
1609059722.063417912,9.144000,2000,102,0.055000
1609059722.064362526,28.563000,2010,100,0.055000
1609059722.088671923,29.188999,2001,100,0.055000
1609059722.089451790,14.732000,2011,101,0.055000
1609059722.113713980,14.362000,2000,101,0.024000
1609059722.114445210,8.481000,2010,102,0.055000
1609059722.138466120,8.256000,2001,102,0.024000
1609059722.139379740,28.968000,2011,100,0.055000
1609059722.188650608,29.653999,2000,100,0.055000
1609059722.213731050,15.187000,2001,101,0.024000
1609059722.213932037,8.657000,2011,102,0.268000
1609059722.238470554,9.160000,2000,102,0.055000
1609059722.239388227,28.660000,2010,100,0.055000
1609059722.263659954,29.326000,2001,100,0.055000
1609059722.264394522,14.693000,2011,101,0.055000
1609059722.288704872,14.290000,2000,101,0.055000
1609059722.289423943,8.443000,2010,102,0.055000
1609059722.313664675,8.225000,2001,102,0.055000
1609059722.314457655,29.059999,2011,100,0.055000
1609059722.363704681,29.737000,2000,100,0.055000
1609059722.388660908,15.077000,2001,101,0.055000
1609059722.389446735,9.205000,2011,102,0.024000
1609059722.413475037,9.090000,2000,102,0.055000
1609059722.414345741,28.747000,2010,100,0.024000
1609059722.438699961,29.374001,2001,100,0.055000
1609059722.439519882,14.659000,2011,101,0.055000
1609059722.463453054,14.188000,2000,101,0.055000
1609059722.464472294,8.410000,2010,102,0.055000
1609059722.488464832,8.194000,2001,102,0.055000
1609059722.489469290,29.146000,2011,100,0.055000
1609059722.538637638,29.825001,2000,100,0.055000
1609059722.563781261,15.062000,2001,101,0.055000
1609059722.564019203,8.679000,2011,102,0.268000
1609059722.588439941,9.085000,2000,102,0.055000
1609059722.589355707,28.827000,2010,100,0.024000
1609059722.613661766,29.489000,2001,100,0.024000
1609059722.614451885,14.646000,2011,101,0.024000
1609059722.638747215,14.292000,2000,101,0.024000
1609059722.639471769,8.364000,2010,102,0.055000
1609059722.663446665,8.158000,2001,102,0.055000
1609059722.664374352,29.235001,2011,100,0.055000
1609059722.713639259,29.900000,2000,100,0.024000
1609059722.738416195,15.066000,2001,101,0.055000
1609059722.738927603,8.673000,2011,102,0.268000
1609059722.763449907,9.009000,2000,102,0.055000
1609059722.764410257,28.899000,2010,100,0.055000
1609059722.788671970,29.534000,2001,100,0.055000
1609059722.789388180,14.635000,2011,101,0.055000
1609059722.813695908,14.283000,2000,101,0.024000
1609059722.814456224,8.275000,2010,102,0.055000
1609059722.838642597,8.118000,2001,102,0.055000
1609059722.839383602,29.301001,2011,100,0.055000
1609059722.888611555,29.973000,2000,100,0.055000
1609059722.913417339,15.049000,2001,101,0.055000
1609059722.913918495,8.654000,2011,102,0.268000
1609059722.938651562,8.966000,2000,102,0.055000
1609059722.939375639,28.983000,2010,100,0.055000
1609059722.963637829,29.648001,2001,100,0.055000
1609059722.964457273,14.663000,2011,101,0.055000
1609059722.988745213,14.285000,2000,101,0.055000
1609059722.989437580,8.226000,2010,102,0.055000
1609059723.013437986,8.066000,2001,102,0.055000
1609059723.014336348,29.339001,2011,100,0.055000
1609059723.063630342,30.058001,2000,100,0.055000
1609059723.088724852,15.138000,2001,101,0.055000
1609059723.088966131,8.590000,2011,102,0.268000
1609059723.113631487,8.923000,2000,102,0.055000
1609059723.114462852,29.058001,2010,100,0.024000
1609059723.138600826,29.691999,2001,100,0.055000
1609059723.139493704,14.667000,2011,101,0.055000
1609059723.163455248,14.245000,2000,101,0.024000
1609059723.164490223,8.198000,2010,102,0.024000
1609059723.188514233,8.009000,2001,102,0.055000
1609059723.189432383,29.459999,2011,100,0.055000
1609059723.238694906,30.131001,2000,100,0.024000
1609059723.263232470,14.713000,2001,101,0.268000
1609059723.264453173,8.947000,2011,102,0.055000
1609059723.288678646,8.864000,2000,102,0.055000
1609059723.313641310,29.774000,2001,100,0.055000
1609059723.314386129,14.641000,2011,101,0.055000
1609059723.338474274,14.225000,2000,101,0.055000
1609059723.339470387,8.079000,2010,102,0.055000
1609059723.363613605,7.954000,2001,102,0.024000
1609059723.364429235,29.542999,2011,100,0.055000
1609059723.413689375,30.211000,2000,100,0.055000
1609059723.438622952,15.103000,2001,101,0.024000
1609059723.439442396,8.856000,2011,102,0.055000
1609059723.463688135,8.822000,2000,102,0.055000
1609059723.464364290,29.222000,2010,100,0.055000
1609059723.488631487,29.863001,2001,100,0.055000
1609059723.489417791,14.658000,2011,101,0.055000
1609059723.513657570,14.304000,2000,101,0.055000
1609059723.514458895,8.031000,2010,102,0.055000
1609059723.538464308,7.870000,2001,102,0.055000
1609059723.539412737,29.613001,2011,100,0.055000
1609059723.588645458,30.280001,2000,100,0.055000
1609059723.613209724,14.785000,2001,101,0.268000
1609059723.614430428,8.801000,2011,102,0.055000
1609059723.638632298,8.703000,2000,102,0.055000
1609059723.639402628,29.308001,2010,100,0.055000
1609059723.663616657,29.930000,2001,100,0.024000
1609059723.664358854,14.699000,2011,101,0.024000
1609059723.688709497,14.389000,2000,101,0.024000
1609059723.689418077,7.927000,2010,102,0.055000
1609059723.713634729,7.776000,2001,102,0.055000
1609059723.714370012,29.674999,2011,100,0.055000
1609059723.763621569,30.344999,2000,100,0.055000
1609059723.788171291,14.848000,2001,101,0.268000
1609059723.789360523,8.693000,2011,102,0.055000
1609059723.813566923,8.612000,2000,102,0.055000
1609059723.814328432,29.358000,2010,100,0.055000
1609059723.838617325,30.003000,2001,100,0.055000
1609059723.839464188,14.758000,2011,101,0.055000
1609059723.863697529,14.445000,2000,101,0.055000
1609059723.864409447,7.783000,2010,102,0.055000
1609059723.888631344,7.683000,2001,102,0.055000
1609059723.889329672,29.735001,2011,100,0.055000
1609059723.938639402,30.400000,2000,100,0.055000
1609059723.963586092,15.292000,2001,101,0.055000
1609059723.964344978,8.578000,2011,102,0.055000
1609059723.988385916,8.490000,2000,102,0.055000
1609059723.989402771,29.445999,2010,100,0.055000
1609059724.013679266,30.094999,2001,100,0.055000
1609059724.014410973,14.784000,2011,101,0.055000
1609059724.038676500,14.565000,2000,101,0.055000
1609059724.039399862,7.653000,2010,102,0.055000
1609059724.063447952,7.579000,2001,102,0.055000
1609059724.064391851,29.770000,2011,100,0.024000
1609059724.113642931,30.476000,2000,100,0.055000
1609059724.138433218,15.427000,2001,101,0.055000
1609059724.139392376,8.445000,2011,102,0.055000
1609059724.163385391,8.381000,2000,102,0.055000
1609059724.164426565,29.452000,2010,100,0.024000
1609059724.188608646,30.091999,2001,100,0.055000
1609059724.189394712,14.873000,2011,101,0.055000
1609059724.213418484,14.557000,2000,101,0.055000
1609059724.214402199,7.533000,2010,102,0.055000
1609059724.238678694,7.461000,2001,102,0.055000
1609059724.239365101,29.799999,2011,100,0.055000
1609059724.288706779,30.500000,2000,100,0.055000
1609059724.313638687,15.500000,2001,101,0.055000
1609059724.314357519,8.264000,2011,102,0.055000
1609059724.338639021,8.248000,2000,102,0.055000
1609059724.339362383,29.469000,2010,100,0.055000
1609059724.363626003,30.105000,2001,100,0.024000
1609059724.364489555,14.974000,2011,101,0.055000
1609059724.388663292,14.783000,2000,101,0.055000
1609059724.389413118,7.424000,2010,102,0.055000
1609059724.413633585,7.342000,2001,102,0.055000
1609059724.414363861,29.798000,2011,100,0.024000
1609059724.463679314,30.399000,2000,100,0.055000
1609059724.488430262,15.659000,2001,101,0.024000
1609059724.489384890,8.128000,2011,102,0.055000
1609059724.513599873,8.124000,2000,102,0.055000
1609059724.514391422,29.452999,2010,100,0.055000
1609059724.538670778,30.083000,2001,100,0.055000
1609059724.539538145,15.130000,2011,101,0.055000
1609059724.563713074,14.902000,2000,101,0.055000
1609059724.564389944,7.291000,2010,102,0.055000
1609059724.588616610,7.201000,2001,102,0.055000
1609059724.589334488,29.763000,2011,100,0.055000
1609059724.638571501,30.370001,2000,100,0.055000
1609059724.663140059,15.346001,2001,101,0.268000
1609059724.664120197,7.927000,2011,102,0.055000
1609059724.689353943,29.469000,2010,100,0.024000
1609059724.713575363,30.037001,2001,100,0.055000
1609059724.714384079,15.145000,2011,101,0.055000
1609059724.738407135,14.913000,2000,101,0.055000
1609059724.739391565,7.162000,2010,102,0.055000
1609059724.763720512,7.068000,2001,102,0.024000
1609059724.764584541,29.740000,2011,100,0.055000
1609059724.813600779,30.313000,2000,100,0.055000
1609059724.838601828,15.877001,2001,101,0.055000
1609059724.838846207,7.447000,2011,102,0.268000
1609059724.863577127,7.837000,2000,102,0.055000
1609059724.864310980,29.371000,2010,100,0.055000
1609059724.888643503,30.013000,2001,100,0.024000
1609059724.889402628,15.355000,2011,101,0.055000
1609059724.913803339,15.120000,2000,101,0.055000
1609059724.914426088,7.070000,2010,102,0.055000
1609059724.938417673,6.926000,2001,102,0.055000
1609059724.939322948,29.665001,2011,100,0.055000
1609059724.988596439,30.240999,2000,100,0.055000
1609059725.013714552,16.094000,2001,101,0.055000
1609059725.013909340,7.297000,2011,102,0.268000
1609059725.063573599,29.811001,2001,100,0.055000
1609059725.064375401,15.535999,2011,101,0.024000
1609059725.088577032,15.224000,2000,101,0.055000
1609059725.089378357,6.895000,2010,102,0.024000
1609059725.113422632,6.781000,2001,102,0.055000
1609059725.114380598,29.594000,2011,100,0.055000
1609059725.163690805,30.180000,2000,100,0.055000
1609059725.188395262,16.193001,2001,101,0.055000
1609059725.188845158,7.166000,2011,102,0.268000
1609059725.213565588,7.553000,2000,102,0.055000
1609059725.214311361,29.243000,2010,100,0.055000
1609059725.238603354,29.872999,2001,100,0.055000
1609059725.239438057,15.702999,2011,101,0.055000
1609059725.263436556,15.311001,2000,101,0.055000
1609059725.264430761,6.722000,2010,102,0.055000
1609059725.288388968,6.651000,2001,102,0.055000
1609059725.289323330,29.521999,2011,100,0.055000
1609059725.338654518,30.103001,2000,100,0.055000
1609059725.363601446,16.290001,2001,101,0.055000
1609059725.363870621,7.026000,2011,102,0.268000
1609059725.388587236,7.416000,2000,102,0.055000
1609059725.389293671,29.141001,2010,100,0.055000
1609059725.413572311,29.804001,2001,100,0.024000
1609059725.414378881,15.756001,2011,101,0.055000
1609059725.438625097,15.497999,2000,101,0.024000
1609059725.439431906,6.572000,2010,102,0.024000
1609059725.463439941,6.507000,2001,102,0.055000
1609059725.464315891,29.407000,2011,100,0.055000
1609059725.513572216,30.066000,2000,100,0.055000
1609059725.538413048,16.473000,2001,101,0.024000
1609059725.538831949,6.823000,2011,102,0.268000
1609059725.588600636,29.704000,2001,100,0.055000
1609059725.589328766,15.902000,2011,101,0.055000
1609059725.613357782,15.636000,2000,101,0.055000
1609059725.614300013,6.435000,2010,102,0.055000
1609059725.639037132,6.369000,2001,102,0.055000
1609059725.639309406,29.330000,2011,100,0.024000
1609059725.688527822,29.983000,2000,100,0.055000
1609059725.713604450,16.575001,2001,101,0.055000
1609059725.713869333,6.764000,2011,102,0.268000
1609059725.738613605,7.131000,2000,102,0.055000
1609059725.739334106,28.988001,2010,100,0.055000
1609059725.763617992,29.660000,2001,100,0.024000
1609059725.764463186,16.039000,2011,101,0.055000
1609059725.788373232,15.698999,2000,101,0.055000
1609059725.789401054,6.361000,2010,102,0.055000
1609059725.813374043,6.228000,2001,102,0.055000
1609059725.814302921,29.240999,2011,100,0.055000
1609059725.863556623,29.888000,2000,100,0.055000
1609059725.888342857,16.764999,2001,101,0.055000
1609059725.888829947,6.584000,2011,102,0.268000
1609059725.913546085,6.986000,2000,102,0.055000
1609059725.914276838,28.927999,2010,100,0.055000
1609059725.938621759,29.542999,2001,100,0.024000
1609059725.939292669,16.226000,2011,101,0.024000
1609059725.963600159,15.934999,2000,101,0.024000
1609059725.964570522,6.189000,2010,102,0.055000
1609059725.988433123,6.088000,2001,102,0.055000
1609059725.989304066,29.141001,2011,100,0.055000
1609059726.038547516,29.782000,2000,100,0.055000
1609059726.063343048,16.871000,2001,101,0.055000
1609059726.063834190,6.449000,2011,102,0.268000
1609059726.089327574,29.094999,2010,100,0.055000
1609059726.113564253,29.451000,2001,100,0.055000
1609059726.114385366,16.340000,2011,101,0.055000
1609059726.138569832,16.041000,2000,101,0.055000
1609059726.139328241,6.038000,2010,102,0.055000
1609059726.163376093,5.943000,2001,102,0.055000
1609059726.164332151,29.006001,2011,100,0.024000
1609059726.213531256,29.652000,2000,100,0.055000
1609059726.238410711,17.023001,2001,101,0.055000
1609059726.238854170,6.268000,2011,102,0.268000
1609059726.263368607,6.699000,2000,102,0.055000
1609059726.264475822,28.673000,2010,100,0.024000
1609059726.288551331,29.277000,2001,100,0.055000
1609059726.289373398,16.506001,2011,101,0.055000
1609059726.313368320,16.165001,2000,101,0.055000
1609059726.314332247,5.920000,2010,102,0.055000
1609059726.338674307,5.877000,2001,102,0.055000
1609059726.339332581,28.874001,2011,100,0.055000
1609059726.388579369,29.500000,2000,100,0.055000
1609059726.388885736,16.983000,2010,101,0.268000
1609059726.413582563,17.173000,2001,101,0.055000
1609059726.413836241,6.096000,2011,102,0.268000
1609059726.438540459,6.553000,2000,102,0.055000
1609059726.439322948,28.525999,2010,100,0.055000
1609059726.463584661,29.159000,2001,100,0.055000
1609059726.464345217,16.716000,2011,101,0.055000
1609059726.488582611,16.431999,2000,101,0.055000
1609059726.489284992,5.800000,2010,102,0.055000
1609059726.513663292,5.741000,2001,102,0.055000
1609059726.514365673,28.709999,2011,100,0.055000
1609059726.563570499,29.343000,2000,100,0.055000
1609059726.588643312,17.337999,2001,101,0.055000
1609059726.588860035,6.085000,2011,102,0.268000
1609059726.613412619,6.414000,2000,102,0.055000
1609059726.614417076,28.660999,2010,100,0.055000
1609059726.638611555,29.006001,2001,100,0.024000
1609059726.639365196,16.877001,2011,101,0.055000
1609059726.663370371,16.552999,2000,101,0.055000
1609059726.664384604,5.724000,2010,102,0.055000
1609059726.688323975,5.532000,2001,102,0.024000
1609059726.689312458,28.568001,2011,100,0.055000
1609059726.738523722,29.188999,2000,100,0.024000
1609059726.763592482,17.504000,2001,101,0.055000
1609059726.763929844,5.948000,2011,102,0.268000
1609059726.788368702,6.256000,2000,102,0.055000
1609059726.789370298,28.225000,2010,100,0.055000
1609059726.813574553,28.820000,2001,100,0.024000
1609059726.814389467,17.039000,2011,101,0.055000
1609059726.838543415,16.684999,2000,101,0.055000
1609059726.839279890,5.542000,2010,102,0.055000
1609059726.863585711,5.486000,2001,102,0.055000
1609059726.864261627,28.408001,2011,100,0.055000
1609059726.913572073,29.040001,2000,100,0.055000
1609059726.938801527,5.822000,2011,102,0.268000
1609059726.963633299,6.244000,2000,102,0.055000
1609059726.964313269,28.114000,2010,100,0.055000
1609059726.988550663,28.683001,2001,100,0.055000
1609059726.989384174,17.150999,2011,101,0.055000
1609059727.013336658,16.909000,2000,101,0.024000
1609059727.014351130,5.481000,2010,102,0.055000
1609059727.038639307,5.354000,2001,102,0.055000
1609059727.039314270,28.273001,2011,100,0.024000
1609059727.088500738,29.014000,2000,100,0.055000
1609059727.113566637,17.797001,2001,101,0.055000
1609059727.113818645,5.682000,2011,102,0.268000
1609059727.138608217,6.129000,2000,102,0.055000
1609059727.163551807,28.542000,2001,100,0.055000
1609059727.164386511,17.349001,2011,101,0.055000
1609059727.188569546,16.983000,2000,101,0.055000
1609059727.189352989,5.358000,2010,102,0.055000
1609059727.213664532,5.238000,2001,102,0.055000
1609059727.214342356,28.125999,2011,100,0.055000
1609059727.263559818,28.768999,2000,100,0.055000
1609059727.288568497,17.951000,2001,101,0.055000
1609059727.288851023,5.661000,2011,102,0.268000
1609059727.313656807,6.001000,2000,102,0.055000
1609059727.314366102,27.785000,2010,100,0.056000
1609059727.338539600,28.412001,2001,100,0.055000
1609059727.339348793,17.469999,2011,101,0.024000
1609059727.363586664,17.177000,2000,101,0.055000
1609059727.365378857,5.263000,2010,102,0.055000
1609059727.388384819,4.977000,2001,102,0.055000
1609059727.389297009,28.042000,2011,100,0.055000
1609059727.438575029,28.641001,2000,100,0.055000
1609059727.463388443,18.166000,2001,101,0.055000
1609059727.463843822,5.575000,2011,102,0.268000
1609059727.488065720,5.266000,2000,102,0.268000
1609059727.489362001,27.700001,2010,100,0.055000
1609059727.513556957,28.297001,2001,100,0.055000
1609059727.514437914,17.721001,2011,101,0.055000
1609059727.538560152,17.315001,2000,101,0.055000
1609059727.539348364,5.182000,2010,102,0.055000
1609059727.563675404,4.991000,2001,102,0.055000
1609059727.564317226,27.879999,2011,100,0.055000
1609059727.638536453,18.301001,2001,101,0.055000
1609059727.638791800,5.226000,2011,102,0.268000
1609059727.665537357,5.734000,2000,102,0.055000
1609059727.665775061,27.542999,2010,100,0.056000
1609059727.688525438,28.190001,2001,100,0.055000
1609059727.689357758,17.858000,2011,101,0.055000
1609059727.713543892,17.514999,2000,101,0.055000
1609059727.714310884,4.987000,2010,102,0.055000
1609059727.738694429,4.924000,2001,102,0.055000
1609059727.739264727,27.764999,2011,100,0.024000
1609059727.788568497,28.365000,2000,100,0.055000
1609059727.813553095,18.469999,2001,101,0.024000
1609059727.814338684,5.702000,2011,102,0.055000
1609059727.838591576,5.612000,2000,102,0.055000
1609059727.839673996,27.483000,2010,100,0.024000
1609059727.863591909,28.080000,2001,100,0.024000
1609059727.864354610,17.971001,2011,101,0.055000
1609059727.888360023,17.728001,2000,101,0.055000
1609059727.889307022,4.927000,2010,102,0.055000
1609059727.913602114,4.772000,2001,102,0.055000
1609059727.914276600,27.639000,2011,100,0.055000
1609059727.963592052,28.294001,2000,100,0.055000
1609059727.988568544,18.631001,2001,101,0.055000
1609059727.989379406,5.632000,2011,102,0.024000
1609059728.013324022,5.393000,2000,102,0.055000
1609059728.014340162,27.319000,2010,100,0.056000
1609059728.038597107,27.968000,2001,100,0.055000
1609059728.039373398,18.219000,2011,101,0.055000
1609059728.063325644,17.902000,2000,101,0.055000
1609059728.064306021,4.832000,2010,102,0.055000
1609059728.088598013,4.670000,2001,102,0.055000
1609059728.089253902,27.518000,2011,100,0.024000
1609059728.138618946,28.131001,2000,100,0.055000
1609059728.163614035,18.801001,2001,101,0.024000
1609059728.164415359,5.428000,2011,102,0.055000
1609059728.188593388,5.381000,2000,102,0.055000
1609059728.189276218,27.190001,2010,100,0.055000
1609059728.213559866,27.878000,2001,100,0.055000
1609059728.214386702,18.304001,2011,101,0.024000
1609059728.238573313,18.017000,2000,101,0.055000
1609059728.239274502,4.742000,2010,102,0.055000
1609059728.263608932,4.577000,2001,102,0.055000
1609059728.264350653,27.386999,2011,100,0.024000
1609059728.313555002,28.038000,2000,100,0.055000
1609059728.338361740,18.997000,2001,101,0.024000
1609059728.338829041,4.999000,2011,102,0.268000
1609059728.363057375,4.705000,2000,102,0.268000
1609059728.364322424,27.066999,2010,100,0.055000
1609059728.388598680,27.746000,2001,100,0.055000
1609059728.389355421,18.746000,2011,101,0.055000
1609059728.413543463,18.172001,2000,101,0.055000
1609059728.414468050,4.621000,2010,102,0.024000
1609059728.438642502,4.492000,2001,102,0.055000
1609059728.439243793,27.250000,2011,100,0.024000
1609059728.488563299,27.905001,2000,100,0.055000
1609059728.513575077,19.122000,2001,101,0.055000
1609059728.513803244,4.931000,2011,102,0.268000
1609059728.538608313,5.198000,2000,102,0.024000
1609059728.563611984,27.617001,2001,100,0.024000
1609059728.588582516,18.333000,2000,101,0.055000
1609059728.613608360,4.409000,2001,102,0.055000
1609059728.589307785,4.598000,2010,102,0.055000
1609059728.614220619,27.096001,2011,100,0.024000
1609059728.663544893,27.759001,2000,100,0.055000
1609059728.688574791,19.281000,2001,101,0.055000
1609059728.689291477,5.254000,2011,102,0.055000
1609059728.713051796,4.644000,2000,102,0.268000
1609059728.714313984,26.775000,2010,100,0.056000
1609059728.738543272,27.452000,2001,100,0.024000
1609059728.739315510,18.886000,2011,101,0.055000
1609059728.763343096,18.556000,2000,101,0.055000
1609059728.764332771,4.544000,2010,102,0.055000
1609059728.788371801,4.214000,2001,102,0.055000
1609059728.789266109,26.941000,2011,100,0.055000
1609059728.838520050,27.569000,2000,100,0.055000
1609059728.863568306,19.461000,2001,101,0.055000
1609059728.864636183,5.153000,2011,102,0.055000
1609059728.888607025,5.013000,2000,102,0.055000
1609059728.889276743,26.601999,2010,100,0.055000
1609059728.913548470,27.243999,2001,100,0.055000
1609059728.914298534,19.256001,2011,101,0.055000
1609059728.938560247,18.679001,2000,101,0.055000
1609059728.939312696,4.507000,2010,102,0.055000
1609059728.963653326,4.258000,2001,102,0.055000
1609059728.964356184,26.764999,2011,100,0.055000
1609059729.013510942,27.398001,2000,100,0.055000
1609059729.038555384,19.591000,2001,101,0.055000
1609059729.039075613,5.074000,2011,102,0.055000
1609059729.063613415,4.939000,2000,102,0.055000
1609059729.064285755,26.434000,2010,100,0.055000
1609059729.088522911,27.100000,2001,100,0.055000
1609059729.089327335,19.416000,2011,101,0.055000
1609059729.113611698,18.818001,2000,101,0.055000
1609059729.114707708,4.521000,2010,102,0.055000
1609059729.138652086,4.201000,2001,102,0.055000
1609059729.139223337,26.580999,2011,100,0.024000
1609059729.188547850,27.222000,2000,100,0.055000
1609059729.213620424,19.788000,2001,101,0.024000
1609059729.214309931,4.996000,2011,102,0.055000
1609059729.238043070,4.343000,2000,102,0.268000
1609059729.239264965,26.242001,2010,100,0.055000
1609059729.263557911,26.893000,2001,100,0.024000
1609059729.264399529,19.587999,2011,101,0.055000
1609059729.288582802,18.975000,2000,101,0.055000
1609059729.289335251,4.494000,2010,102,0.055000
1609059729.313627243,4.150000,2001,102,0.024000
1609059729.314282417,26.399000,2011,100,0.055000
1609059729.363568544,27.045000,2000,100,0.055000
1609059729.388345480,19.934999,2001,101,0.055000
1609059729.389383793,5.038000,2011,102,0.055000
1609059729.413598061,4.816000,2000,102,0.055000
1609059729.414257050,26.032000,2010,100,0.055000
1609059729.438602448,26.712000,2001,100,0.055000
1609059729.439339638,19.516001,2011,101,0.024000
1609059729.463569641,19.167999,2000,101,0.055000
1609059729.464284420,4.449000,2010,102,0.055000
1609059729.488592148,4.118000,2001,102,0.055000
1609059729.489237785,26.226999,2011,100,0.024000
1609059729.538567543,26.865000,2000,100,0.055000
1609059729.563354254,20.129999,2001,101,0.055000
1609059729.564346790,5.007000,2011,102,0.055000
1609059729.588611603,4.808000,2000,102,0.055000
1609059729.589287758,25.896000,2010,100,0.055000
1609059729.613572598,26.535999,2001,100,0.055000
1609059729.614045620,19.594999,2011,101,0.055000
1609059729.638528585,19.305000,2000,101,0.055000
1609059729.639317513,4.413000,2010,102,0.055000
1609059729.663610697,4.099000,2001,102,0.055000
1609059729.664257765,26.048000,2011,100,0.055000
1609059729.713480949,26.694000,2000,100,0.024000
1609059729.738394260,20.285000,2001,101,0.055000
1609059729.739416838,4.995000,2011,102,0.055000
1609059729.763607740,4.805000,2000,102,0.055000
1609059729.764376163,25.764999,2010,100,0.056000
1609059729.788537502,26.360001,2001,100,0.024000
1609059729.789122343,19.747000,2011,101,0.055000
1609059729.813549757,19.469999,2000,101,0.055000
1609059729.814399242,4.459000,2010,102,0.055000
1609059729.838336706,3.962000,2001,102,0.024000
1609059729.839233160,25.878000,2011,100,0.055000
1609059729.888518572,26.516001,2000,100,0.055000
1609059729.913301945,20.358999,2001,101,0.055000
1609059729.914291382,5.025000,2011,102,0.055000
1609059729.938594341,4.734000,2000,102,0.055000
1609059729.939311028,25.541000,2010,100,0.055000
1609059729.963487625,26.197001,2001,100,0.055000
1609059729.964370489,19.974001,2011,101,0.055000
1609059729.988548517,19.618999,2000,101,0.024000
1609059729.989285469,4.513000,2010,102,0.055000
1609059730.013582945,4.090000,2001,102,0.055000
1609059730.014328718,25.698000,2011,100,0.055000
1609059730.063465118,26.347000,2000,100,0.055000
1609059730.088568211,20.497000,2001,101,0.055000
1609059730.089303017,4.927000,2011,102,0.055000
1609059730.113683224,4.690000,2000,102,0.055000
1609059730.114381790,25.407000,2010,100,0.056000
1609059730.138527870,26.023001,2001,100,0.055000
1609059730.139292955,20.035000,2011,101,0.055000
1609059730.163551807,19.757000,2000,101,0.024000
1609059730.164357424,4.585000,2010,102,0.055000
1609059730.188581705,4.100000,2001,102,0.055000
1609059730.189227819,25.527000,2011,100,0.055000
1609059730.238503218,26.165001,2000,100,0.055000
1609059730.263546705,20.662001,2001,101,0.055000
1609059730.264338017,5.022000,2011,102,0.055000
1609059730.288564920,4.741000,2000,102,0.055000
1609059730.289317131,25.270000,2010,100,0.055000
1609059730.313525438,25.843000,2001,100,0.024000
1609059730.338525772,19.847000,2000,101,0.055000
1609059730.339293957,4.643000,2010,102,0.055000
1609059730.363595724,4.113000,2001,102,0.055000
1609059730.364963770,25.368999,2011,100,0.055000
1609059730.413494349,25.999001,2000,100,0.055000
1609059730.438510418,20.790001,2001,101,0.024000
1609059730.439296007,5.073000,2011,102,0.055000
1609059730.463341951,4.600000,2000,102,0.055000
1609059730.464336157,25.035999,2010,100,0.056000
1609059730.488543749,25.672001,2001,100,0.024000
1609059730.489319563,20.388000,2011,101,0.024000
1609059730.513559818,19.979000,2000,101,0.024000
1609059730.514297962,4.830000,2010,102,0.055000
1609059730.538573503,4.137000,2001,102,0.024000
1609059730.539236784,25.177000,2011,100,0.055000
1609059730.588463545,25.826000,2000,100,0.055000
1609059730.589256525,21.256001,2010,101,0.055000
1609059730.613554001,20.955000,2001,101,0.055000
1609059730.614294291,5.097000,2011,102,0.055000
1609059730.638568401,4.726000,2000,102,0.055000
1609059730.639267683,24.896999,2010,100,0.056000
1609059730.663576126,25.541000,2001,100,0.056000
1609059730.664375067,20.487000,2011,101,0.055000
1609059730.688531876,20.146000,2000,101,0.055000
1609059730.689328194,4.627000,2010,102,0.055000
1609059730.714257717,25.021000,2011,100,0.055000
1609059730.763497353,25.667999,2000,100,0.055000
1609059730.788531303,21.080999,2001,101,0.055000
1609059730.789274693,5.167000,2011,102,0.055000
1609059730.813575029,4.722000,2000,102,0.024000
1609059730.814322710,24.697001,2010,100,0.056000
1609059730.838588953,25.382999,2001,100,0.055000
1609059730.863313437,20.275999,2000,101,0.055000
1609059730.864284992,4.662000,2010,102,0.024000
1609059730.888310432,4.123000,2001,102,0.024000
1609059730.889233828,24.857000,2011,100,0.055000
1609059730.938508511,25.500999,2000,100,0.055000
1609059730.963318825,21.202999,2001,101,0.024000
1609059730.964371204,5.201000,2011,102,0.055000
1609059730.988592863,4.827000,2000,102,0.055000
1609059731.038353682,20.392000,2000,101,0.055000
1609059731.039295435,4.756000,2010,102,0.055000
1609059731.063284636,4.211000,2001,102,0.024000
1609059731.064249277,24.701000,2011,100,0.055000
1609059731.113489866,25.346001,2000,100,0.055000
1609059731.138942719,21.309000,2001,101,0.055000
1609059731.139451981,5.222000,2011,102,0.055000
1609059731.163581371,4.822000,2000,102,0.055000
1609059731.164311409,24.391001,2010,100,0.056000
1609059731.213507891,20.486000,2000,101,0.055000
1609059731.214306355,4.923000,2010,102,0.055000
1609059731.238278627,4.289000,2001,102,0.055000
1609059731.241257668,24.544001,2011,100,0.055000
1609059731.288491249,25.193001,2000,100,0.024000
1609059731.313315392,21.253000,2001,101,0.055000
1609059731.314288139,5.267000,2011,102,0.055000
1609059731.338605642,4.849000,2000,102,0.055000
1609059731.339287043,24.280001,2010,100,0.056000
1609059731.363508224,24.893999,2001,100,0.055000
1609059731.388540030,20.549000,2000,101,0.055000
1609059731.389216661,4.981000,2010,102,0.055000
1609059731.413274765,4.372000,2001,102,0.024000
1609059731.414264679,24.398001,2011,100,0.055000
1609059731.463523865,25.052999,2000,100,0.055000
1609059731.488507032,21.437000,2001,101,0.055000
1609059731.489266634,5.434000,2011,102,0.024000
1609059731.513611555,4.968000,2000,102,0.024000
1609059731.514300585,24.143999,2010,100,0.056000
1609059731.538538694,24.794001,2001,100,0.055000
1609059731.564291716,5.047000,2010,102,0.055000
1609059731.588482618,4.465000,2001,102,0.055000
1609059731.589233160,24.280001,2011,100,0.055000
1609059731.638477325,24.974001,2000,100,0.055000
1609059731.663504601,21.464001,2001,101,0.055000
1609059731.664190054,5.515000,2011,102,0.055000
1609059731.688253403,4.928000,2000,102,0.055000
1609059731.689269543,24.014000,2010,100,0.024000
1609059731.713596582,24.628000,2001,100,0.055000
1609059731.739237785,5.153000,2010,102,0.055000
1609059731.763485193,4.566000,2001,102,0.055000
1609059731.764231205,24.163000,2011,100,0.055000
1609059731.813480377,24.785999,2000,100,0.055000
1609059731.838525772,21.462999,2001,101,0.055000
1609059731.839274645,5.642000,2011,102,0.055000
1609059731.863289595,5.059000,2000,102,0.055000
1609059731.864561558,23.909000,2010,100,0.055000
1609059731.888506889,24.559000,2001,100,0.055000
1609059731.889277935,21.018999,2011,101,0.055000
1609059731.913482666,20.608999,2000,101,0.024000
1609059731.914305925,5.334000,2010,102,0.055000
1609059731.938509703,4.676000,2001,102,0.055000
1609059731.939234495,24.066999,2011,100,0.024000
1609059731.988545656,24.716999,2000,100,0.055000
1609059732.013312578,21.465000,2001,101,0.055000
1609059732.014252186,5.765000,2011,102,0.055000
1609059732.038486958,5.188000,2000,102,0.055000
1609059732.039237738,23.801001,2010,100,0.055000
1609059732.063440561,24.412001,2001,100,0.055000
1609059732.088479996,20.629000,2000,101,0.024000
1609059732.089319229,5.605000,2010,102,0.055000
1609059732.113476992,4.785000,2001,102,0.024000
1609059732.114192724,23.999001,2011,100,0.055000
1609059732.163465500,24.620001,2000,100,0.055000
1609059732.188590765,21.507000,2001,101,0.055000
1609059732.189256668,5.887000,2011,102,0.055000
1609059732.213558435,5.414000,2000,102,0.055000
1609059732.214205503,39.641998,2010,100,0.055000
1609059732.238504887,24.311001,2001,100,0.055000
1609059732.263486385,20.594999,2000,101,0.055000
1609059732.264271259,5.575000,2010,102,0.055000
1609059732.288541794,4.900000,2001,102,0.055000
1609059732.289561272,23.856001,2011,100,0.024000
1609059732.338464499,24.476000,2000,100,0.055000
1609059732.363516808,21.434999,2001,101,0.024000
1609059732.364297867,5.968000,2011,102,0.055000
1609059732.388520956,5.488000,2000,102,0.055000
1609059732.389245510,23.539000,2010,100,0.055000
1609059732.413558722,24.160000,2001,100,0.055000
1609059732.438522816,20.645000,2000,101,0.055000
1609059732.439213514,5.630000,2010,102,0.024000
1609059732.463542938,5.021000,2001,102,0.055000
1609059732.464199781,23.740000,2011,100,0.024000
1609059732.513485670,24.396999,2000,100,0.055000
1609059732.514183998,21.452999,2010,101,0.268000
1609059732.538455725,21.455999,2001,101,0.055000
1609059732.539246798,6.092000,2011,102,0.055000
1609059732.563543081,5.615000,2000,102,0.024000
1609059732.564277172,23.386000,2010,100,0.024000
1609059732.588525772,24.112000,2001,100,0.055000
1609059732.613466978,20.660000,2000,101,0.055000
1609059732.614357710,5.804000,2010,102,0.024000
1609059732.638493299,5.161000,2001,102,0.055000
1609059732.639242411,23.632000,2011,100,0.055000
1609059732.688472986,24.278999,2000,100,0.055000
1609059732.713464975,21.473000,2001,101,0.024000
1609059732.714214087,6.221000,2011,102,0.055000
1609059732.738332748,5.653000,2000,102,0.024000
1609059732.739264011,39.601002,2010,100,0.055000
1609059732.763499260,23.955999,2001,100,0.055000
1609059732.764305592,21.160000,2011,101,0.055000
1609059732.788498163,20.681000,2000,101,0.055000
1609059732.789237738,5.931000,2010,102,0.055000
1609059732.814160347,23.559000,2011,100,0.055000
1609059732.863442898,24.171000,2000,100,0.055000
1609059732.864178896,21.542000,2010,101,0.268000
1609059732.888493776,21.483999,2001,101,0.055000
1609059732.889433861,6.358000,2011,102,0.055000
1609059732.913304329,5.817000,2000,102,0.055000
1609059732.914229870,23.205000,2010,100,0.055000
1609059732.938538074,23.878000,2001,100,0.055000
1609059732.963551521,20.658001,2000,101,0.055000
1609059732.964197636,6.035000,2010,102,0.055000
1609059732.988455296,5.414000,2001,102,0.055000
1609059732.989144564,23.410000,2011,100,0.055000
1609059733.038461924,23.997000,2000,100,0.055000
1609059733.063505650,21.510000,2001,101,0.055000
1609059733.064179182,6.499000,2011,102,0.055000
1609059733.088568687,6.028000,2000,102,0.055000
1609059733.089157820,23.073000,2010,100,0.055000
1609059733.113513470,23.715000,2001,100,0.024000
1609059733.138497829,20.722000,2000,101,0.055000
1609059733.139218569,6.138000,2010,102,0.024000
1609059733.163457155,5.543000,2001,102,0.055000
1609059733.164217949,23.278999,2011,100,0.024000
1609059733.213437319,23.808001,2000,100,0.024000
1609059733.238296270,21.525999,2001,101,0.024000
1609059733.239179134,6.638000,2011,102,0.055000
1609059733.263523817,6.152000,2000,102,0.055000
1609059733.264240265,22.950001,2010,100,0.055000
1609059733.288502216,23.631001,2001,100,0.055000
1609059733.288974285,21.205000,2011,101,0.024000
1609059733.313479662,20.716999,2000,101,0.055000
1609059733.314217567,6.342000,2010,102,0.055000
1609059733.338470459,5.677000,2001,102,0.024000
1609059733.339184999,23.158001,2011,100,0.024000
1609059733.388413906,23.804001,2000,100,0.055000
1609059733.413278818,21.589001,2001,101,0.055000
1609059733.414221048,6.768000,2011,102,0.055000
1609059733.438571930,6.284000,2000,102,0.055000
1609059733.439196587,22.830999,2010,100,0.055000
1609059733.463540792,23.509001,2001,100,0.055000
1609059733.463960409,21.193001,2011,101,0.055000
1609059733.488488197,20.740000,2000,101,0.055000
1609059733.513466120,5.814000,2001,102,0.024000
1609059733.514164209,23.039000,2011,100,0.055000
1609059733.563424587,23.688999,2000,100,0.055000
1609059733.588446379,21.527000,2001,101,0.024000
1609059733.589193106,6.900000,2011,102,0.024000
1609059733.613539934,6.400000,2000,102,0.055000
1609059733.614175320,22.752001,2010,100,0.024000
1609059733.638484001,23.391001,2001,100,0.055000
1609059733.639165163,21.205000,2011,101,0.055000
1609059733.663450003,20.760000,2000,101,0.055000
1609059733.688446522,5.961000,2001,102,0.055000
1609059733.689154625,22.938999,2011,100,0.055000
1609059733.738461494,23.586000,2000,100,0.055000
1609059733.763478994,21.537001,2001,101,0.055000
1609059733.764305592,7.041000,2011,102,0.055000
1609059733.788519144,6.543000,2000,102,0.055000
1609059733.789183855,22.660000,2010,100,0.055000
1609059733.813458681,23.264999,2001,100,0.055000
1609059733.838486195,20.766001,2000,101,0.055000
1609059733.863449574,6.094000,2001,102,0.055000
1609059733.864135265,22.853001,2011,100,0.055000
1609059733.913382292,23.541000,2000,100,0.055000
1609059733.938478470,21.506001,2001,101,0.055000
1609059733.939282656,7.229000,2011,102,0.055000
1609059733.963579178,6.655000,2000,102,0.024000
1609059733.964209557,22.539000,2010,100,0.055000
1609059733.988435268,23.173000,2001,100,0.055000
1609059734.013430834,20.743999,2000,101,0.024000
1609059734.038444519,6.233000,2001,102,0.055000
1609059734.039117098,22.783001,2011,100,0.055000
1609059734.088398933,23.433001,2000,100,0.055000
1609059734.113543987,21.535000,2001,101,0.055000
1609059734.114204884,7.381000,2011,102,0.055000
1609059734.138277769,6.746000,2000,102,0.055000
1609059734.139179945,22.469000,2010,100,0.055000
1609059734.163559198,23.139999,2001,100,0.055000
1609059734.188466311,20.657000,2000,101,0.055000
1609059734.214164019,22.715000,2011,100,0.055000
1609059734.263412952,23.341999,2000,100,0.055000
1609059734.288476229,21.438999,2001,101,0.055000
1609059734.289218426,7.545000,2011,102,0.055000
1609059734.313528538,7.012000,2000,102,0.055000
1609059734.314181328,22.400000,2010,100,0.055000
1609059734.338524818,23.073999,2001,100,0.055000
1609059734.363493919,20.650999,2000,101,0.055000
1609059734.364650726,7.196000,2010,102,0.055000
1609059734.388475657,6.509000,2001,102,0.055000
1609059734.389149427,22.664000,2011,100,0.055000
1609059734.438464642,23.278999,2000,100,0.055000
1609059734.463528395,21.389999,2001,101,0.024000
1609059734.464195251,7.686000,2011,102,0.055000
1609059734.488471985,7.154000,2000,102,0.055000
1609059734.489148617,22.341000,2010,100,0.055000
1609059734.513465166,23.020000,2001,100,0.024000
1609059734.538538218,20.601999,2000,101,0.055000
1609059734.541536570,7.335000,2010,102,0.024000
1609059734.564168930,22.611000,2011,100,0.024000
1609059734.613439560,23.268999,2000,100,0.055000
1609059734.638266802,21.334000,2001,101,0.055000
1609059734.639208078,7.827000,2011,102,0.055000
1609059734.663568974,7.257000,2000,102,0.055000
1609059734.664165974,22.295000,2010,100,0.055000
1609059734.688468695,22.929001,2001,100,0.055000
1609059734.689136982,20.995001,2011,101,0.024000
1609059734.713445902,20.509001,2000,101,0.055000
1609059734.739170551,22.573999,2011,100,0.055000
1609059734.788441658,23.235001,2000,100,0.055000
1609059734.788687944,21.080000,2010,101,0.129000
1609059734.813222170,21.270000,2001,101,0.055000
1609059734.814244747,7.968000,2011,102,0.055000
1609059734.838425398,7.324000,2000,102,0.055000
1609059734.839148045,22.247999,2010,100,0.055000
1609059734.863455772,22.886000,2001,100,0.055000
1609059734.864111185,20.950001,2011,101,0.055000
1609059734.888409376,20.466000,2000,101,0.055000
1609059734.914124489,22.534000,2011,100,0.055000
1609059734.963402271,23.076000,2000,100,0.055000
1609059734.988450527,21.221001,2001,101,0.055000
1609059734.989218950,8.102000,2011,102,0.055000
1609059735.013505459,7.576000,2000,102,0.055000
1609059735.014429808,22.212999,2010,100,0.055000
1609059735.038435936,22.847000,2001,100,0.055000
1609059735.039148569,20.909000,2011,101,0.055000
1609059735.063458920,20.447001,2000,101,0.055000
1609059735.064227581,7.723000,2010,102,0.055000
1609059735.089142084,22.504999,2011,100,0.055000
1609059735.138415575,23.127001,2000,100,0.055000
1609059735.139122009,21.598000,2010,101,0.055000
1609059735.163483381,21.243999,2001,101,0.055000
1609059735.164284468,8.236000,2011,102,0.055000
1609059735.188208818,7.637000,2000,102,0.055000
1609059735.189094782,22.184999,2010,100,0.055000
1609059735.213411570,22.816000,2001,100,0.055000
1609059735.238396883,20.357000,2000,101,0.055000
1609059735.238897085,7.775000,2010,102,0.055000
1609059735.263422728,7.179000,2001,102,0.055000
1609059735.264178514,22.488001,2011,100,0.055000
1609059735.313486338,23.058001,2000,100,0.055000
1609059735.338198662,21.125000,2001,101,0.055000
1609059735.339175224,8.282000,2011,102,0.055000
1609059735.363501310,7.798000,2000,102,0.055000
1609059735.364187002,22.150999,2010,100,0.024000
1609059735.388412714,22.787001,2001,100,0.024000
1609059735.389145851,20.820000,2011,101,0.055000
1609059735.413427353,20.347000,2000,101,0.055000
1609059735.438412905,7.295000,2001,102,0.055000
1609059735.439134359,22.462999,2011,100,0.024000
1609059735.488392830,23.035999,2000,100,0.055000
1609059735.513467550,21.141001,2001,101,0.055000
1609059735.514202595,8.442000,2011,102,0.055000
1609059735.539141417,22.134001,2010,100,0.055000
1609059735.539347410,7.912000,2000,102,0.024000
1609059735.563407660,22.799000,2001,100,0.055000
1609059735.564154148,20.778000,2011,101,0.055000
1609059735.588413715,20.271000,2000,101,0.055000
1609059735.588961601,8.048000,2010,102,0.055000
1609059735.614116907,22.452000,2011,100,0.024000
1609059735.663382769,23.065001,2000,100,0.055000
1609059735.664158583,21.455000,2010,101,0.055000
1609059735.688515663,21.083000,2001,101,0.055000
1609059735.689213991,8.597000,2011,102,0.055000
1609059735.713499069,8.041000,2000,102,0.024000
1609059735.714130163,22.120001,2010,100,0.024000
1609059735.738437653,22.782000,2001,100,0.055000
1609059735.739242554,20.731001,2011,101,0.055000
1609059735.763414383,20.253000,2000,101,0.024000
1609059735.764244795,8.203000,2010,102,0.055000
1609059735.788421631,7.522000,2001,102,0.055000
1609059735.789120436,22.436001,2011,100,0.055000
1609059735.838393688,23.059000,2000,100,0.055000
1609059735.839211226,21.375000,2010,101,0.055000
1609059735.863519669,21.044001,2001,101,0.055000
1609059735.864400864,8.674000,2011,102,0.024000
1609059735.888527393,8.155000,2000,102,0.055000
1609059735.889402866,22.101000,2010,100,0.024000
1609059735.913462877,22.725000,2001,100,0.055000
1609059735.914133787,20.686001,2011,101,0.055000
1609059735.938416719,20.171000,2000,101,0.055000
1609059735.964141607,22.426001,2011,100,0.055000
1609059736.013397455,23.091999,2000,100,0.055000
1609059736.038230658,20.952999,2001,101,0.055000
1609059736.039189577,8.781000,2011,102,0.055000
1609059736.063178301,8.191000,2000,102,0.055000
1609059736.064144373,22.097000,2010,100,0.055000
1609059736.088442326,22.760000,2001,100,0.055000
1609059736.113503933,20.150999,2000,101,0.055000
1609059736.113868475,8.382000,2010,102,0.055000
1609059736.138403654,7.741000,2001,102,0.055000
1609059736.139110088,22.431999,2011,100,0.055000
1609059736.188421726,22.986000,2000,100,0.055000
1609059736.213428497,20.856001,2001,101,0.055000
1609059736.214117289,8.891000,2011,102,0.055000
1609059736.238244772,8.341000,2000,102,0.055000
1609059736.239121199,22.101000,2010,100,0.055000
1609059736.263411999,22.722000,2001,100,0.024000
1609059736.264158010,20.580000,2011,101,0.055000
1609059736.288445950,20.047001,2000,101,0.055000
1609059736.313448906,7.840000,2001,102,0.055000
1609059736.314092875,22.440001,2011,100,0.055000
1609059736.363445282,23.100000,2000,100,0.024000
1609059736.388435364,20.780001,2001,101,0.055000
1609059736.389164209,8.994000,2011,102,0.055000
1609059736.413423538,8.447000,2000,102,0.055000
1609059736.414288282,22.114000,2010,100,0.024000
1609059736.438428164,22.736000,2001,100,0.055000
1609059736.439110279,20.507999,2011,101,0.055000
1609059736.463376999,20.020000,2000,101,0.055000
1609059736.463920832,8.549000,2010,102,0.055000
1609059736.489110708,22.459000,2011,100,0.055000
1609059736.538426161,23.075001,2000,100,0.055000
1609059736.563192844,20.745001,2001,101,0.055000
1609059736.564163208,9.108000,2011,102,0.055000
1609059736.588206291,8.557000,2000,102,0.055000
1609059736.589142799,22.132000,2010,100,0.024000
1609059736.613397360,22.790001,2001,100,0.055000
1609059736.614122152,20.433001,2011,101,0.024000
1609059736.638411522,19.940001,2000,101,0.055000
1609059736.638907194,8.682000,2010,102,0.055000
1609059736.663430929,8.064000,2001,102,0.055000
1609059736.664093256,22.481001,2011,100,0.055000
1609059736.713351011,23.149000,2000,100,0.055000
1609059736.738202095,20.653000,2001,101,0.055000
1609059736.739146948,9.227000,2011,102,0.055000
1609059736.763208389,8.677000,2000,102,0.055000
1609059736.764152765,22.165001,2010,100,0.055000
1609059736.788477659,22.746000,2001,100,0.055000
1609059736.789149761,20.341000,2011,101,0.055000
1609059736.813433647,19.797001,2000,101,0.055000
1609059736.813897371,8.757000,2010,102,0.055000
1609059736.838402748,8.182000,2001,102,0.055000
1609059736.839097977,22.528000,2011,100,0.055000
1609059736.888392210,23.191999,2000,100,0.024000
1609059736.889069796,20.462000,2010,101,0.268000
1609059736.913187742,20.542000,2001,101,0.055000
1609059736.914126635,9.342000,2011,102,0.024000
1609059736.938375473,8.805000,2000,102,0.055000
1609059736.939076424,22.200001,2010,100,0.055000
1609059736.963340998,22.827999,2001,100,0.055000
1609059736.964118481,20.237000,2011,101,0.055000
1609059736.988448620,19.736000,2000,101,0.055000
1609059736.988864660,8.880000,2010,102,0.024000
1609059737.013470173,8.294000,2001,102,0.055000
1609059737.014089823,22.539000,2011,100,0.055000
1609059737.063378572,23.235001,2000,100,0.024000
1609059737.063654423,20.452999,2010,101,0.268000
1609059737.088188887,20.434000,2001,101,0.055000
1609059737.089222670,9.391000,2011,102,0.055000
1609059737.113350391,8.937000,2000,102,0.055000
1609059737.115379095,22.254000,2010,100,0.055000
1609059737.138353586,22.867001,2001,100,0.024000
1609059737.139059782,20.118000,2011,101,0.055000
1609059737.163386822,19.625999,2000,101,0.055000
1609059737.163980246,8.996000,2010,102,0.055000
1609059737.189114094,22.641001,2011,100,0.055000
1609059737.238398314,23.302000,2000,100,0.055000
1609059737.239173412,20.709999,2010,101,0.055000
1609059737.263224125,20.302000,2001,101,0.055000
1609059737.264267445,9.535000,2011,102,0.055000
1609059737.288434982,9.080000,2000,102,0.055000
1609059737.289189816,22.309000,2010,100,0.055000
1609059737.313373566,22.955000,2001,100,0.055000
1609059737.314114809,20.011000,2011,101,0.055000
1609059737.338405371,19.488001,2000,101,0.055000
1609059737.339157820,9.221000,2010,102,0.055000
1609059737.363454580,8.551000,2001,102,0.055000
1609059737.364143133,22.705999,2011,100,0.055000
1609059737.413341522,23.329000,2000,100,0.055000
1609059737.414063215,20.598000,2010,101,0.055000
1609059737.438195229,20.118000,2001,101,0.055000
1609059737.439151287,9.704000,2011,102,0.055000
1609059737.463379383,9.225000,2000,102,0.024000
1609059737.464125395,22.368000,2010,100,0.055000
1609059737.488403559,22.990000,2001,100,0.055000
1609059737.488898277,19.882999,2011,101,0.055000
1609059737.513370752,19.333000,2000,101,0.055000
1609059737.514178038,9.220000,2010,102,0.024000
1609059737.538425446,8.654000,2001,102,0.055000
1609059737.539130211,22.773001,2011,100,0.055000
1609059737.588405371,23.406000,2000,100,0.055000
1609059737.589071274,20.473000,2010,101,0.055000
1609059737.613434315,19.988001,2001,101,0.055000
1609059737.614158154,9.874000,2011,102,0.055000
1609059737.638380766,9.353000,2000,102,0.024000
1609059737.639079094,22.448000,2010,100,0.055000
1609059737.663379192,23.063999,2001,100,0.055000
1609059737.688454628,19.237000,2000,101,0.055000
1609059737.689144135,9.385000,2010,102,0.055000
1609059737.713443518,8.778000,2001,102,0.024000
1609059737.714161396,22.855000,2011,100,0.055000
1609059737.763376236,23.482000,2000,100,0.055000
1609059737.788240194,19.900999,2001,101,0.024000
1609059737.789203167,10.011000,2011,102,0.055000
1609059737.813441038,9.475000,2000,102,0.024000
1609059737.814089298,22.520000,2010,100,0.055000
1609059737.840824604,23.135000,2001,100,0.055000
1609059737.841188431,19.624001,2011,101,0.055000
1609059737.863427639,19.115999,2000,101,0.024000
1609059737.864167929,9.432000,2010,102,0.055000
1609059737.888428926,8.885000,2001,102,0.024000
1609059737.889100075,22.976999,2011,100,0.024000
1609059737.938350439,23.511000,2000,100,0.055000
1609059737.938650131,19.921000,2010,101,0.268000
1609059737.963392735,19.750000,2001,101,0.024000
1609059737.964139700,10.148000,2011,102,0.055000
1609059737.988390446,9.576000,2000,102,0.055000
1609059737.989127159,22.601999,2010,100,0.055000
1609059738.013426542,23.245001,2001,100,0.055000
1609059738.014104843,19.511000,2011,101,0.055000
1609059738.038437128,18.985001,2000,101,0.055000
1609059738.039126158,9.559000,2010,102,0.055000
1609059738.063372135,8.974000,2001,102,0.024000
1609059738.064105511,23.025999,2011,100,0.055000
1609059738.113468885,23.653999,2000,100,0.055000
1609059738.139782429,19.656000,2001,101,0.055000
1609059738.139918566,10.233000,2011,102,0.055000
1609059738.163338423,9.678000,2000,102,0.055000
1609059738.164047956,22.681000,2010,100,0.055000
1609059738.188340187,23.330000,2001,100,0.055000
1609059738.189071417,19.393000,2011,101,0.055000
1609059738.213369846,18.868999,2000,101,0.055000
1609059738.214146614,9.575000,2010,102,0.055000
1609059738.238373995,9.061000,2001,102,0.055000
1609059738.239069223,23.114000,2011,100,0.024000
1609059738.288374186,23.738001,2000,100,0.055000
1609059738.289070368,19.955999,2010,101,0.055000
1609059738.313369513,19.504000,2001,101,0.055000
1609059738.314165831,10.326000,2011,102,0.055000
1609059738.338353157,9.726000,2000,102,0.055000
1609059738.339083195,22.757000,2010,100,0.055000
1609059738.363367319,23.412001,2001,100,0.055000
1609059738.364124775,19.285000,2011,101,0.055000
1609059738.388393641,18.760000,2000,101,0.055000
1609059738.413397074,9.146000,2001,102,0.055000
1609059738.414073706,23.205000,2011,100,0.024000
1609059738.463350773,23.829000,2000,100,0.055000
1609059738.488366604,19.392000,2001,101,0.055000
1609059738.489150286,10.371000,2011,102,0.055000
1609059738.513386965,9.832000,2000,102,0.055000
1609059738.514094830,22.851000,2010,100,0.055000
1609059738.538341999,23.507000,2001,100,0.055000
1609059738.539118767,19.179001,2011,101,0.055000
1609059738.563384295,18.643999,2000,101,0.055000
1609059738.564177990,9.627000,2010,102,0.055000
1609059738.588408947,9.227000,2001,102,0.024000
1609059738.589398384,23.294001,2011,100,0.055000
1609059738.638358593,23.952999,2000,100,0.055000
1609059738.639056444,19.614000,2010,101,0.055000
1609059738.663405657,19.237000,2001,101,0.055000
1609059738.664151192,10.470000,2011,102,0.055000
1609059738.688396692,9.919000,2000,102,0.055000
1609059738.689057589,22.959000,2010,100,0.055000
1609059738.713355303,23.556000,2001,100,0.055000
1609059738.714059114,19.075001,2011,101,0.024000
1609059738.738373041,18.532000,2000,101,0.055000
1609059738.738869667,9.783000,2010,102,0.055000
1609059738.763354301,9.288000,2001,102,0.055000
1609059738.764133930,23.396000,2011,100,0.024000
1609059738.813366890,24.059000,2000,100,0.055000
1609059738.814084530,19.618999,2010,101,0.055000
1609059738.838362455,19.152000,2001,101,0.055000
1609059738.839133263,10.437000,2011,102,0.055000
1609059738.863405704,9.990000,2000,102,0.024000
1609059738.864048481,23.048000,2010,100,0.024000
1609059738.888350010,23.684999,2001,100,0.024000
1609059738.889074802,18.940001,2011,101,0.055000
1609059738.913352728,18.381001,2000,101,0.055000
1609059738.914094925,9.854000,2010,102,0.055000
1609059738.938362598,9.345000,2001,102,0.024000
1609059738.939068556,23.492001,2011,100,0.024000
1609059738.988320589,24.160000,2000,100,0.055000
1609059738.989081621,19.490000,2010,101,0.055000
1609059739.013149738,18.995001,2001,101,0.055000
1609059739.014078617,10.505000,2011,102,0.055000
1609059739.038352728,10.067000,2000,102,0.055000
1609059739.039147139,23.150000,2010,100,0.055000
1609059739.063333988,23.753000,2001,100,0.055000
1609059739.064048767,18.825001,2011,101,0.055000
1609059739.088314772,18.294001,2000,101,0.024000
1609059739.089003086,9.977000,2010,102,0.055000
1609059739.113395452,9.417000,2001,102,0.055000
1609059739.114053011,23.604000,2011,100,0.055000
1609059739.163318157,24.268999,2000,100,0.055000
1609059739.164093256,19.375999,2010,101,0.055000
1609059739.188189507,18.882000,2001,101,0.055000
1609059739.189009428,10.536000,2011,102,0.055000
1609059739.213305950,10.130000,2000,102,0.055000
1609059739.214027643,23.264000,2010,100,0.024000
1609059739.238383532,23.902000,2001,100,0.024000
1609059739.239064693,18.697001,2011,101,0.055000
1609059739.263406754,18.157000,2000,101,0.055000
1609059739.264279127,10.005000,2010,102,0.055000
1609059739.288394213,9.491000,2001,102,0.024000
1609059739.289145470,23.718000,2011,100,0.024000
1609059739.338394880,24.375999,2000,100,0.055000
1609059739.339079142,18.993000,2010,101,0.268000
1609059739.363153934,18.733000,2001,101,0.055000
1609059739.364361763,10.630000,2011,102,0.055000
1609059739.388345480,10.213000,2000,102,0.055000
1609059739.389110327,23.381001,2010,100,0.055000
1609059739.413366318,24.011999,2001,100,0.055000
1609059739.414070606,18.556999,2011,101,0.055000
1609059739.438416958,18.018000,2000,101,0.055000
1609059739.439033747,10.058000,2010,102,0.055000
1609059739.463394403,9.536000,2001,102,0.055000
1609059739.464059114,23.841000,2011,100,0.055000
1609059739.513384581,24.465000,2000,100,0.055000
1609059739.514032602,19.025999,2010,101,0.055000
1609059739.538401127,18.597000,2001,101,0.055000
1609059739.539092064,10.677000,2011,102,0.055000
1609059739.563398838,10.275000,2000,102,0.055000
1609059739.564158916,23.495001,2010,100,0.055000
1609059739.588362932,24.139999,2001,100,0.055000
1609059739.589018822,18.426001,2011,101,0.055000
1609059739.613344431,17.882000,2000,101,0.055000
1609059739.614219189,10.111000,2010,102,0.055000
1609059739.638357878,9.611000,2001,102,0.055000
1609059739.639045715,23.968000,2011,100,0.055000
1609059739.688317060,24.632000,2000,100,0.055000
1609059739.689045429,18.943001,2010,101,0.055000
1609059739.713449240,18.440001,2001,101,0.055000
1609059739.714121103,10.855000,2011,102,0.055000
1609059739.738375425,10.338000,2000,102,0.055000
1609059739.739067078,23.624001,2010,100,0.024000
1609059739.763492346,24.260000,2001,100,0.055000
1609059739.764153004,18.264999,2011,101,0.055000
1609059739.788360596,17.690001,2000,101,0.055000
1609059739.813326597,9.662000,2001,102,0.055000
1609059739.814062119,24.132000,2011,100,0.055000
1609059739.863361835,24.725000,2000,100,0.055000
1609059739.863648891,18.336000,2010,101,0.129000
1609059739.888178587,18.334000,2001,101,0.055000
1609059739.888883352,10.841000,2011,102,0.055000
1609059739.913309336,10.402000,2000,102,0.055000
1609059739.914034843,23.754000,2010,100,0.055000
1609059739.938342094,24.389999,2001,100,0.055000
1609059739.939100266,18.128000,2011,101,0.055000
1609059739.963393211,17.534000,2000,101,0.055000
1609059739.964136124,10.209000,2010,102,0.055000
1609059739.988337278,9.708000,2001,102,0.055000
1609059739.989067078,24.230000,2011,100,0.024000
1609059740.038365602,24.855000,2000,100,0.055000
1609059740.039066315,18.408001,2010,101,0.268000
1609059740.063357353,18.179001,2001,101,0.055000
1609059740.063878059,10.893000,2011,102,0.055000
1609059740.088365078,10.472000,2000,102,0.024000
1609059740.089034796,23.875999,2010,100,0.055000
1609059740.113328457,24.523001,2001,100,0.055000
1609059740.114303112,17.965000,2011,101,0.055000
1609059740.138368845,17.384001,2000,101,0.055000
1609059740.139084816,10.277000,2010,102,0.055000
1609059740.163333178,9.765000,2001,102,0.024000
1609059740.164112329,24.364000,2011,100,0.055000
1609059740.213329077,24.955000,2000,100,0.055000
1609059740.214098692,18.211000,2010,101,0.268000
1609059740.238319397,18.021000,2001,101,0.055000
1609059740.239015579,10.942000,2011,102,0.055000
1609059740.263348579,10.527000,2000,102,0.055000
1609059740.264176607,24.021000,2010,100,0.055000
1609059740.288349390,24.629999,2001,100,0.055000
1609059740.313405275,17.228001,2000,101,0.055000
1609059740.313991070,10.328000,2010,102,0.055000
1609059740.338356972,9.810000,2001,102,0.055000
1609059740.339122295,24.476000,2011,100,0.055000
1609059740.388290644,25.105000,2000,100,0.055000
1609059740.413114071,17.857000,2001,101,0.055000
1609059740.413809061,10.941000,2011,102,0.055000
1609059740.438346148,10.570000,2000,102,0.055000
1609059740.439000368,24.160999,2010,100,0.055000
1609059740.463324785,24.811001,2001,100,0.055000
1609059740.464060307,17.664000,2011,101,0.055000
1609059740.488382578,17.072001,2000,101,0.055000
1609059740.489072800,10.317000,2010,102,0.055000
1609059740.513375282,9.853000,2001,102,0.055000
1609059740.514060497,24.659000,2011,100,0.055000
1609059740.563355446,25.218000,2000,100,0.055000
1609059740.563631296,17.670000,2010,101,0.129000
1609059740.588165283,17.737000,2001,101,0.055000
1609059740.589037657,10.958000,2011,102,0.055000
1609059740.613348484,10.614000,2000,102,0.055000
1609059740.614037037,24.309999,2010,100,0.055000
1609059740.638336420,24.955000,2001,100,0.055000
1609059740.663305998,16.955000,2000,101,0.024000
1609059740.664031267,10.387000,2010,102,0.055000
1609059740.688307762,9.899000,2001,102,0.055000
1609059740.689073086,24.806999,2011,100,0.055000
1609059740.738317490,25.469000,2000,100,0.055000
1609059740.763437986,17.538000,2001,101,0.055000
1609059740.764069319,11.028000,2011,102,0.055000
1609059740.788373470,10.675000,2000,102,0.055000
1609059740.789052725,24.468000,2010,100,0.055000
1609059740.813323498,25.110001,2001,100,0.055000
1609059740.814039946,17.337000,2011,101,0.055000
1609059740.838375807,16.799000,2000,101,0.055000
1609059740.863361835,9.930000,2001,102,0.024000
1609059740.864038467,24.958000,2011,100,0.055000
1609059740.913284779,25.587999,2000,100,0.055000
1609059740.938116312,17.347000,2001,101,0.055000
1609059740.938557625,10.446000,2011,102,0.268000
1609059740.963350296,10.729000,2000,102,0.055000
1609059740.964054823,24.610001,2010,100,0.055000
1609059740.988329649,25.250000,2001,100,0.055000
1609059740.989088774,17.188999,2011,101,0.055000
1609059741.013318062,16.608000,2000,101,0.055000
1609059741.014078140,10.446000,2010,102,0.055000
1609059741.038334608,9.970000,2001,102,0.055000
1609059741.039032936,25.108000,2011,100,0.055000
1609059741.088314056,25.771000,2000,100,0.055000
1609059741.113292694,17.232000,2001,101,0.055000
1609059741.114087105,11.066000,2011,102,0.055000
1609059741.138306141,10.775000,2000,102,0.024000
1609059741.139052629,24.761000,2010,100,0.055000
1609059741.163321972,25.357000,2001,100,0.055000
1609059741.164086580,17.030001,2011,101,0.055000
1609059741.188319206,16.497999,2000,101,0.055000
1609059741.189062357,10.437000,2010,102,0.055000
1609059741.213299990,10.006000,2001,102,0.055000
1609059741.214015484,25.282000,2011,100,0.055000
1609059741.263297558,25.912001,2000,100,0.024000
1609059741.264153004,17.280001,2010,101,0.268000
1609059741.288138151,17.084000,2001,101,0.055000
1609059741.289021730,11.139000,2011,102,0.055000
1609059741.313349247,10.809000,2000,102,0.055000
1609059741.314051390,24.886999,2010,100,0.055000
1609059741.338311434,25.535000,2001,100,0.024000
1609059741.338990927,16.906000,2011,101,0.055000
1609059741.363340378,16.316999,2000,101,0.055000
1609059741.364100933,10.463000,2010,102,0.055000
1609059741.388292074,10.036000,2001,102,0.055000
1609059741.389050722,25.378000,2011,100,0.055000
1609059741.438317776,26.042000,2000,100,0.055000
1609059741.439024925,17.150999,2010,101,0.268000
1609059741.463120699,16.957001,2001,101,0.055000
1609059741.463576078,10.676000,2011,102,0.268000
1609059741.488319635,10.887000,2000,102,0.055000
1609059741.489036322,25.021000,2010,100,0.024000
1609059741.513365507,25.652000,2001,100,0.055000
1609059741.514059544,16.782000,2011,101,0.024000
1609059741.538316250,16.240000,2000,101,0.055000
1609059741.539035559,10.529000,2010,102,0.055000
1609059741.563330889,10.055000,2001,102,0.055000
1609059741.563864946,25.539000,2011,100,0.055000
1609059741.613281012,26.158001,2000,100,0.055000
1609059741.614048004,17.068001,2010,101,0.268000
1609059741.638142347,16.843000,2001,101,0.055000
1609059741.638568401,10.650000,2011,102,0.268000
1609059741.663314342,10.904000,2000,102,0.055000
1609059741.664046288,25.136000,2010,100,0.055000
1609059741.688537121,25.771000,2001,100,0.055000
1609059741.689037561,16.657000,2011,101,0.055000
1609059741.713320732,16.118999,2000,101,0.055000
1609059741.738309860,10.069000,2001,102,0.055000
1609059741.739001751,25.620001,2011,100,0.055000
1609059741.788292885,26.271999,2000,100,0.055000
1609059741.789011478,17.127001,2010,101,0.055000
1609059741.813392639,16.781000,2001,101,0.055000
1609059741.814034700,11.190000,2011,102,0.055000
1609059741.838295221,10.954000,2000,102,0.055000
1609059741.839011431,25.240000,2010,100,0.055000
1609059741.863309860,25.879000,2001,100,0.055000
1609059741.864023447,16.566000,2011,101,0.024000
1609059741.888349533,16.038000,2000,101,0.024000
1609059741.889040470,10.483000,2010,102,0.055000
1609059741.913380861,10.061000,2001,102,0.055000
1609059741.914084435,25.719999,2011,100,0.055000
1609059741.963290453,26.378000,2000,100,0.055000
1609059741.964065552,17.004000,2010,101,0.055000
1609059741.988136768,16.688000,2001,101,0.055000
1609059741.988595724,10.576000,2011,102,0.268000
1609059742.013276100,10.869000,2000,102,0.055000
1609059742.014036179,25.337999,2010,100,0.055000
1609059742.038274050,25.971001,2001,100,0.055000
1609059742.038979292,16.476999,2011,101,0.055000
1609059742.063280821,15.905001,2000,101,0.055000
1609059742.063990593,10.462000,2010,102,0.055000
1609059742.088260889,10.049000,2001,102,0.055000
1609059742.089004278,25.823999,2011,100,0.055000
1609059742.138278246,26.465000,2000,100,0.055000
1609059742.138524532,16.525999,2010,101,0.129000
1609059742.163390636,16.608999,2001,101,0.055000
1609059742.163629055,10.611000,2011,102,0.268000
1609059742.188273907,10.843000,2000,102,0.055000
1609059742.189016581,25.437000,2010,100,0.055000
1609059742.213281870,26.066999,2001,100,0.055000
1609059742.214001656,16.392000,2011,101,0.055000
1609059742.238275051,15.872000,2000,101,0.024000
1609059742.263292789,10.058000,2001,102,0.055000
1609059742.264038801,25.907000,2011,100,0.055000
1609059742.313242197,26.546000,2000,100,0.055000
1609059742.338209391,16.444000,2001,101,0.055000
1609059742.339024544,11.143000,2011,102,0.055000
1609059742.363348722,10.839000,2000,102,0.055000
1609059742.364137173,25.528000,2010,100,0.055000
1609059742.388346672,26.157000,2001,100,0.024000
1609059742.389040709,16.332001,2011,101,0.055000
1609059742.413317919,15.797001,2000,101,0.055000
1609059742.414028406,10.388000,2010,102,0.055000
1609059742.438313007,9.978000,2001,102,0.055000
1609059742.439030886,25.993000,2011,100,0.055000
1609059742.488275766,26.642000,2000,100,0.055000
1609059742.513108492,16.445999,2001,101,0.055000
1609059742.513993263,11.094000,2011,102,0.055000
1609059742.538264751,10.840000,2000,102,0.055000
1609059742.539032459,25.618999,2010,100,0.055000
1609059742.563276052,26.259001,2001,100,0.024000
1609059742.564096212,16.250000,2011,101,0.055000
1609059742.588277102,15.726000,2000,101,0.024000
1609059742.588997364,10.350000,2010,102,0.055000
1609059742.613308907,9.950000,2001,102,0.055000
1609059742.614490032,26.101999,2011,100,0.055000
1609059742.663296700,26.739000,2000,100,0.055000
1609059742.663984776,16.464001,2010,101,0.055000
1609059742.688381910,16.455999,2001,101,0.055000
1609059742.689036369,11.051000,2011,102,0.055000
1609059742.713273048,10.771000,2000,102,0.055000
1609059742.714180708,25.726000,2010,100,0.055000
1609059742.738310814,26.358999,2001,100,0.055000
1609059742.739004135,16.165001,2011,101,0.055000
1609059742.763330221,15.608999,2000,101,0.055000
1609059742.764100790,10.345000,2010,102,0.055000
1609059742.788271904,9.917000,2001,102,0.055000
1609059742.789004326,26.197001,2011,100,0.055000
1609059742.838307381,26.816000,2000,100,0.055000
1609059742.838999271,16.621000,2010,101,0.055000
1609059742.863119125,16.212999,2001,101,0.055000
1609059742.863987207,11.053000,2011,102,0.055000
1609059742.888270378,10.745000,2000,102,0.055000
1609059742.888972998,25.837000,2010,100,0.024000
1609059742.913274050,26.426001,2001,100,0.024000
1609059742.913811684,16.122999,2011,101,0.024000
1609059742.938271046,15.563000,2000,101,0.055000
1609059742.938997507,10.256000,2010,102,0.055000
1609059742.963280916,9.881000,2001,102,0.055000
1609059742.964018822,26.309999,2011,100,0.055000
1609059743.013294458,26.957001,2000,100,0.055000
1609059743.013551474,16.266001,2010,101,0.268000
1609059743.038328648,16.285000,2001,101,0.055000
1609059743.038977146,11.017000,2011,102,0.055000
1609059743.063323975,10.718000,2000,102,0.055000
1609059743.064002514,25.934999,2010,100,0.055000
1609059743.088270664,26.580999,2001,100,0.055000
1609059743.089059830,16.066999,2011,101,0.024000
1609059743.113281250,15.438999,2000,101,0.055000
1609059743.114047050,10.254000,2010,102,0.055000
1609059743.138331652,9.834000,2001,102,0.055000
1609059743.139079094,26.413000,2011,100,0.024000
1609059743.188279867,27.076000,2000,100,0.055000
1609059743.188577175,16.101000,2010,101,0.268000
1609059743.213364840,16.195000,2001,101,0.055000
1609059743.213619232,10.629000,2011,102,0.268000
1609059743.239009857,26.063000,2010,100,0.055000
1609059743.263276577,26.684999,2001,100,0.055000
1609059743.264053345,15.899000,2011,101,0.055000
1609059743.288279295,15.386999,2000,101,0.055000
1609059743.313254118,9.836000,2001,102,0.055000
1609059743.313962698,26.525000,2011,100,0.055000
1609059743.363259077,27.181000,2000,100,0.055000
1609059743.363565922,16.174000,2010,101,0.268000
1609059743.388092756,16.031000,2001,101,0.055000
1609059743.389017582,10.934000,2011,102,0.055000
1609059743.413280725,10.636000,2000,102,0.055000
1609059743.414029837,26.173000,2010,100,0.024000
1609059743.438257933,26.805000,2001,100,0.055000
1609059743.439067125,15.811001,2011,101,0.024000
1609059743.463294029,15.292999,2000,101,0.055000
1609059743.464012384,10.162000,2010,102,0.055000
1609059743.488279343,9.834000,2001,102,0.024000
1609059743.488993645,26.606001,2011,100,0.055000
1609059743.538270950,27.271999,2000,100,0.024000
1609059743.538591385,16.087000,2010,101,0.268000
1609059743.563373804,16.018000,2001,101,0.055000
1609059743.563641071,10.528000,2011,102,0.268000
1609059743.588264704,10.573000,2000,102,0.055000
1609059743.588982582,26.285000,2010,100,0.055000
1609059743.613283157,26.931000,2001,100,0.055000
1609059743.614048004,15.791000,2011,101,0.024000
1609059743.638368607,15.163000,2000,101,0.055000
1609059743.639021873,10.105000,2010,102,0.024000
1609059743.663319588,9.719000,2001,102,0.055000
1609059743.664035797,26.764000,2011,100,0.055000
1609059743.713279724,27.355000,2000,100,0.055000
1609059743.713583708,15.753000,2010,101,0.129000
1609059743.738385201,15.936001,2001,101,0.055000
1609059743.738640308,10.323000,2011,102,0.268000
1609059743.763225794,10.522000,2000,102,0.024000
1609059743.764044285,26.408001,2010,100,0.055000
1609059743.788292170,27.049999,2001,100,0.055000
1609059743.788966417,15.611000,2011,101,0.055000
1609059743.813262463,15.067000,2000,101,0.055000
1609059743.814000130,10.054000,2010,102,0.055000
1609059743.838309050,9.716000,2001,102,0.055000
1609059743.839015245,26.875000,2011,100,0.055000
1609059743.888267994,27.434999,2000,100,0.055000
1609059743.888980150,15.948999,2010,101,0.268000
1609059743.913060427,15.764000,2001,101,0.055000
1609059743.913496971,10.469000,2011,102,0.268000
1609059743.938268661,10.488000,2000,102,0.055000
1609059743.938985586,26.535999,2010,100,0.024000
1609059743.963304996,27.139999,2001,100,0.024000
1609059743.963847399,15.444000,2011,101,0.055000
1609059743.988293171,15.014000,2000,101,0.055000
1609059743.989028692,10.010000,2010,102,0.055000
1609059744.013304710,9.642000,2001,102,0.055000
1609059744.014003754,27.010000,2011,100,0.055000
1609059744.063283443,27.520000,2000,100,0.055000
1609059744.063590765,15.823000,2010,101,0.268000
1609059744.088070869,15.674999,2001,101,0.055000
1609059744.088498354,10.238000,2011,102,0.268000
1609059744.113311052,10.458000,2000,102,0.055000
1609059744.113971472,26.665001,2010,100,0.024000
1609059744.138298035,27.273001,2001,100,0.024000
1609059744.138780832,15.351000,2011,101,0.055000
1609059744.163295269,14.896000,2000,101,0.055000
1609059744.164069414,9.951000,2010,102,0.055000
1609059744.188305140,9.579000,2001,102,0.055000
1609059744.188985586,27.127001,2011,100,0.024000
1609059744.238266945,27.688999,2000,100,0.055000
1609059744.238965273,16.007999,2010,101,0.055000
1609059744.263339758,15.667000,2001,101,0.055000
1609059744.263609409,10.111000,2011,102,0.268000
1609059744.288267374,10.448000,2000,102,0.055000
1609059744.296958208,26.791000,2010,100,0.055000
1609059744.313249350,27.438999,2001,100,0.055000
1609059744.313994169,15.372999,2011,101,0.055000
1609059744.338238001,14.842000,2000,101,0.055000
1609059744.363265514,9.533000,2001,102,0.055000
1609059744.364040136,27.256001,2011,100,0.024000
1609059744.413247347,27.926001,2000,100,0.055000
1609059744.413590908,15.622000,2010,101,0.268000
1609059744.438377857,15.635000,2001,101,0.055000
1609059744.438618422,10.173000,2011,102,0.268000
1609059744.463279486,10.394000,2000,102,0.055000
1609059744.464019775,26.915001,2010,100,0.055000
1609059744.488271952,27.566999,2001,100,0.024000
1609059744.489286661,15.240000,2011,101,0.055000
1609059744.513274193,14.728000,2000,101,0.055000
1609059744.513758421,9.867000,2010,102,0.055000
1609059744.538279057,9.524000,2001,102,0.055000
1609059744.538980722,27.375000,2011,100,0.024000
1609059744.588284731,28.044001,2000,100,0.055000
1609059744.588538647,15.495001,2010,101,0.268000
1609059744.613016844,15.443001,2001,101,0.055000
1609059744.613516331,10.176000,2011,102,0.268000
1609059744.638272524,10.364000,2000,102,0.055000
1609059744.638972282,27.033001,2010,100,0.055000
1609059744.663282156,27.679001,2001,100,0.024000
1609059744.664050817,15.209000,2011,101,0.055000
1609059744.688094378,14.658000,2000,101,0.055000
1609059744.713273287,9.471000,2001,102,0.055000
1609059744.713930368,27.480000,2011,100,0.055000
1609059744.763253212,28.104000,2000,100,0.055000
1609059744.763532400,15.483999,2010,101,0.268000
1609059744.788028479,15.382999,2001,101,0.055000
1609059744.788439035,10.051000,2011,102,0.268000
1609059744.813181400,10.315000,2000,102,0.055000
1609059744.813998222,27.132999,2010,100,0.055000
1609059744.838241100,27.775999,2001,100,0.024000
1609059744.838999987,15.143000,2011,101,0.024000
1609059744.863037825,14.638000,2000,101,0.024000
1609059744.863940954,9.706000,2010,102,0.055000
1609059744.888198376,9.427000,2001,102,0.055000
1609059744.888962746,27.577999,2011,100,0.055000
1609059744.938245058,28.238001,2000,100,0.055000
1609059744.938497782,15.431000,2010,101,0.268000
1609059744.963072777,15.261000,2001,101,0.024000
1609059744.963526964,10.127000,2011,102,0.268000
1609059744.988030434,10.298000,2000,102,0.055000
1609059744.988986969,27.207001,2010,100,0.055000
1609059745.013326883,27.864000,2001,100,0.055000
1609059745.014040947,15.103000,2011,101,0.024000
1609059745.038302422,14.631000,2000,101,0.055000
1609059745.038818836,9.649000,2010,102,0.055000
1609059745.063227892,9.330000,2001,102,0.055000
1609059745.063995123,27.650999,2011,100,0.055000
1609059745.113256216,28.270000,2000,100,0.055000
1609059745.113580942,15.358000,2010,101,0.268000
1609059745.138055086,15.355000,2001,101,0.024000
1609059745.138986111,10.371000,2011,102,0.055000
1609059745.163260221,10.199000,2000,102,0.055000
1609059745.164399624,27.285999,2010,100,0.055000
1609059745.188256502,27.929001,2001,100,0.055000
1609059745.189049721,15.038000,2011,101,0.055000
1609059745.213318348,14.529000,2000,101,0.055000
1609059745.213955879,9.576000,2010,102,0.055000
1609059745.238223553,9.257000,2001,102,0.055000
1609059745.238981724,27.715000,2011,100,0.024000
1609059745.288229704,28.330000,2000,100,0.055000
1609059745.313339472,15.349001,2001,101,0.055000
1609059745.313595057,9.914000,2011,102,0.268000
1609059745.338204861,10.121000,2000,102,0.055000
1609059745.338940859,27.344000,2010,100,0.055000
1609059745.363243341,27.990000,2001,100,0.024000
1609059745.388034582,14.556000,2000,101,0.024000
1609059745.388988018,9.572000,2010,102,0.055000
1609059745.413222313,9.225000,2001,102,0.055000
1609059745.413924694,27.802999,2011,100,0.055000
1609059745.463248014,28.332001,2000,100,0.055000
1609059745.463469267,15.070000,2010,101,0.129000
1609059745.488295317,15.340000,2001,101,0.055000
1609059745.488954782,10.209000,2011,102,0.055000
1609059745.513215780,10.043000,2000,102,0.055000
1609059745.513956070,27.410999,2010,100,0.055000
1609059745.538235903,28.054001,2001,100,0.055000
1609059745.539000511,15.036000,2011,101,0.055000
1609059745.563033581,14.548000,2000,101,0.055000
1609059745.564026833,9.490000,2010,102,0.055000
1609059745.588202477,9.121000,2001,102,0.055000
1609059745.588961840,27.825001,2011,100,0.055000
1609059745.638214111,28.441000,2000,100,0.055000
1609059745.638450623,15.060000,2010,101,0.129000
1609059745.663314819,15.333000,2001,101,0.055000
1609059745.663964033,10.136000,2011,102,0.055000
1609059745.688076019,9.908000,2000,102,0.055000
1609059745.689008474,27.462999,2010,100,0.024000
1609059745.713273048,28.075001,2001,100,0.055000
1609059745.713963747,15.020000,2011,101,0.055000
1609059745.738086462,14.501000,2000,101,0.055000
1609059745.738759041,9.341000,2010,102,0.055000
1609059745.763233662,9.047000,2001,102,0.024000
1609059745.764009476,27.875999,2011,100,0.055000
1609059745.813634396,28.489000,2000,100,0.055000
1609059745.813866854,15.080000,2010,101,0.129000
1609059745.838300705,15.319000,2001,101,0.055000
1609059745.838949680,10.062000,2011,102,0.055000
1609059745.863207579,9.922000,2000,102,0.055000
1609059745.863945961,27.509001,2010,100,0.055000
1609059745.888205767,28.156000,2001,100,0.055000
1609059745.889009714,14.958000,2011,101,0.055000
1609059745.913059235,14.496000,2000,101,0.055000
1609059745.913994789,9.309000,2010,102,0.055000
1609059745.938225985,8.987000,2001,102,0.055000
1609059745.938914537,27.913000,2011,100,0.055000
1609059745.988254070,28.568001,2000,100,0.055000
1609059745.988591433,15.058000,2010,101,0.129000
1609059746.013320446,15.311001,2001,101,0.055000
1609059746.013965607,10.002000,2011,102,0.055000
1609059746.038287640,9.891000,2000,102,0.055000
1609059746.038905859,27.552999,2010,100,0.055000
1609059746.063212156,28.165001,2001,100,0.055000
1609059746.064032793,15.000000,2011,101,0.055000
1609059746.088015556,14.486000,2000,101,0.055000
1609059746.088979959,9.246000,2010,102,0.055000
1609059746.113204479,8.929000,2001,102,0.055000
1609059746.113914967,27.950001,2011,100,0.024000
1609059746.163208246,28.601000,2000,100,0.055000
1609059746.188324928,15.319000,2001,101,0.055000
1609059746.188934803,9.945000,2011,102,0.055000
1609059746.213215113,9.806000,2000,102,0.055000
1609059746.213939667,27.580000,2010,100,0.055000
1609059746.238201141,28.226999,2001,100,0.055000
1609059746.238979340,15.001000,2011,101,0.024000
1609059746.263105154,14.486000,2000,101,0.055000
1609059746.264102221,9.199000,2010,102,0.055000
1609059746.288269043,8.917000,2001,102,0.055000
1609059746.289161682,27.976999,2011,100,0.024000
1609059746.338194370,28.622999,2000,100,0.055000
1609059746.338452578,15.275999,2010,101,0.268000
1609059746.362999916,15.283001,2001,101,0.055000
1609059746.364512444,9.898000,2011,102,0.055000
1609059746.388288498,9.832000,2000,102,0.055000
1609059746.388921976,27.598000,2010,100,0.055000
1609059746.413170099,28.250000,2001,100,0.055000
1609059746.413998365,14.962000,2011,101,0.055000
1609059746.437985659,14.451000,2000,101,0.055000
1609059746.439033508,9.193000,2010,102,0.055000
1609059746.463223696,8.829000,2001,102,0.055000
1609059746.463924170,27.987000,2011,100,0.055000
1609059746.513212681,28.646999,2000,100,0.055000
1609059746.514025927,15.320999,2010,101,0.268000
1609059746.538357019,15.336000,2001,101,0.055000
1609059746.538708925,9.330000,2011,102,0.268000
1609059746.562992334,9.675000,2000,102,0.055000
1609059746.563983440,27.615000,2010,100,0.055000
1609059746.588242769,28.264000,2001,100,0.055000
1609059746.589034081,15.061000,2011,101,0.055000
1609059746.613009214,14.514000,2000,101,0.024000
1609059746.614497900,9.126000,2010,102,0.055000
1609059746.638224363,8.809000,2001,102,0.055000
1609059746.638951302,28.004000,2011,100,0.055000
1609059746.688222408,28.500000,2000,100,0.055000
1609059746.688493967,15.351999,2010,101,0.268000
1609059746.713306427,15.353001,2001,101,0.024000
1609059746.713937521,9.797000,2011,102,0.055000
1609059746.738029718,9.648000,2000,102,0.055000
1609059746.738960981,27.635000,2010,100,0.055000
1609059746.763204813,28.275999,2001,100,0.024000
1609059746.764038563,15.077000,2011,101,0.055000
1609059746.788244963,14.575000,2000,101,0.055000
1609059746.788990498,9.021000,2010,102,0.055000
1609059746.813215494,8.733000,2001,102,0.024000
1609059746.813953876,28.018000,2011,100,0.055000
1609059746.863225937,28.622999,2000,100,0.055000
1609059746.888285637,15.427000,2001,101,0.055000
1609059746.888529778,9.315000,2011,102,0.268000
1609059746.913462877,9.639000,2000,102,0.055000
1609059746.913961172,27.643000,2010,100,0.055000
1609059746.938225031,28.289000,2001,100,0.055000
1609059746.938955307,15.072000,2011,101,0.024000
1609059746.963063955,14.568000,2000,101,0.024000
1609059746.964039087,8.937000,2010,102,0.055000
1609059746.988214016,8.647000,2001,102,0.055000
1609059746.988963127,28.030001,2011,100,0.055000
1609059747.038209200,28.684999,2000,100,0.055000
1609059747.063258410,15.476000,2001,101,0.055000
1609059747.063713551,9.588000,2011,102,0.024000
1609059747.088263035,9.542000,2000,102,0.055000
1609059747.088973761,27.663000,2010,100,0.055000
1609059747.113217831,28.277000,2001,100,0.055000
1609059747.113704443,15.028000,2011,101,0.055000
1609059747.137983322,14.610000,2000,101,0.055000
1609059747.138993979,8.845000,2010,102,0.055000
1609059747.163242102,8.517000,2001,102,0.055000
1609059747.163925171,28.041000,2011,100,0.055000
1609059747.213178873,28.693001,2000,100,0.055000
1609059747.213507175,15.137000,2010,101,0.129000
1609059747.238258362,15.466000,2001,101,0.055000
1609059747.238964796,9.512000,2011,102,0.024000
1609059747.263292313,9.450000,2000,102,0.055000
1609059747.263960838,27.671000,2010,100,0.055000
1609059747.288269043,28.333000,2001,100,0.055000
1609059747.288946867,15.138000,2011,101,0.055000
1609059747.313201427,14.650000,2000,101,0.024000
1609059747.314012051,8.738000,2010,102,0.055000
1609059747.338252068,8.454000,2001,102,0.024000
1609059747.338989019,28.063999,2011,100,0.055000
1609059747.388219118,28.718000,2000,100,0.055000
1609059747.413233042,15.599001,2001,101,0.055000
1609059747.413842678,9.408000,2011,102,0.055000
1609059747.438291073,9.351000,2000,102,0.055000
1609059747.438901663,27.705999,2010,100,0.055000
1609059747.463193417,28.354000,2001,100,0.055000
1609059747.464769125,15.185000,2011,101,0.024000
1609059747.488172531,14.694000,2000,101,0.055000
1609059747.488924026,8.617000,2010,102,0.055000
1609059747.513242245,8.310000,2001,102,0.055000
1609059747.513994455,28.082001,2011,100,0.055000
1609059747.563263655,28.731001,2000,100,0.024000
1609059747.588373184,15.610001,2001,101,0.055000
1609059747.588813066,8.904000,2011,102,0.268000
1609059747.613300323,9.230000,2000,102,0.055000
1609059747.613929987,27.716999,2010,100,0.055000
1609059747.638212204,28.340000,2001,100,0.055000
1609059747.639038324,15.235000,2011,101,0.055000
1609059747.662992954,14.757000,2000,101,0.055000
1609059747.663984299,8.497000,2010,102,0.024000
1609059747.688175440,8.190000,2001,102,0.055000
1609059747.688896656,28.091999,2011,100,0.055000
1609059747.738216639,28.743000,2000,100,0.055000
1609059747.763267756,15.646999,2001,101,0.055000
1609059747.763461828,8.793000,2011,102,0.268000
1609059747.788262606,9.101000,2000,102,0.055000
1609059747.788894176,27.723000,2010,100,0.055000
1609059747.813163757,28.351000,2001,100,0.055000
1609059747.813682795,15.180000,2011,101,0.055000
1609059747.837968111,14.858000,2000,101,0.024000
1609059747.838979959,8.370000,2010,102,0.024000
1609059747.862984419,8.066000,2001,102,0.055000
1609059747.863944054,28.108999,2011,100,0.055000
1609059747.913224936,28.743000,2000,100,0.055000
1609059747.938305378,15.763000,2001,101,0.055000
1609059747.938961506,9.073000,2011,102,0.055000
1609059747.962946653,8.868000,2000,102,0.055000
1609059747.963927984,27.726999,2010,100,0.055000
1609059747.988208294,28.358999,2001,100,0.055000
1609059747.988968372,15.349001,2011,101,0.055000
1609059748.013034821,14.920000,2000,101,0.024000
1609059748.013922691,8.243000,2010,102,0.055000
1609059748.038013458,7.943000,2001,102,0.055000
1609059748.038961172,28.106001,2011,100,0.055000
1609059748.088147640,28.715000,2000,100,0.055000
1609059748.113273144,15.872999,2001,101,0.055000
1609059748.113977909,8.941000,2011,102,0.055000
1609059748.137969255,8.737000,2000,102,0.055000
1609059748.138905048,27.745001,2010,100,0.055000
1609059748.163211823,28.336000,2001,100,0.055000
1609059748.187999487,14.992000,2000,101,0.024000
1609059748.188978672,8.118000,2010,102,0.055000
1609059748.212981462,7.815000,2001,102,0.055000
1609059748.213883638,28.104000,2011,100,0.055000
1609059748.263170004,28.756001,2000,100,0.055000
1609059748.288279533,15.895000,2001,101,0.055000
1609059748.288977861,8.782000,2011,102,0.055000
1609059748.312993050,8.618000,2000,102,0.055000
1609059748.313903093,27.757000,2010,100,0.055000
1609059748.338153362,28.420000,2001,100,0.055000
1609059748.338958025,15.490000,2011,101,0.055000
1609059748.363226414,15.092000,2000,101,0.024000
1609059748.364110231,7.996000,2010,102,0.024000
1609059748.387974262,7.732000,2001,102,0.055000
1609059748.388898611,28.120001,2011,100,0.055000
1609059748.438136578,28.777000,2000,100,0.055000
1609059748.462997437,15.855000,2001,101,0.055000
1609059748.463886023,8.697000,2011,102,0.055000
1609059748.488183498,8.606000,2000,102,0.055000
1609059748.488893270,27.768999,2010,100,0.055000
1609059748.513190508,28.393000,2001,100,0.024000
1609059748.514001608,15.549999,2011,101,0.055000
1609059748.538146257,15.130000,2000,101,0.024000
1609059748.538929224,7.855000,2010,102,0.055000
1609059748.562958479,7.559000,2001,102,0.024000
1609059748.564462662,28.136000,2011,100,0.055000
1609059748.613145590,28.795000,2000,100,0.055000
1609059748.638207197,16.063000,2001,101,0.024000
1609059748.638918638,8.548000,2011,102,0.024000
1609059748.663205624,8.477000,2000,102,0.055000
1609059748.663876534,27.798000,2010,100,0.024000
1609059748.688167572,28.427000,2001,100,0.055000
1609059748.688949585,15.587000,2011,101,0.055000
1609059748.713160753,15.211000,2000,101,0.055000
1609059748.713925123,7.717000,2010,102,0.055000
1609059748.738043308,7.432000,2001,102,0.055000
1609059748.738960028,28.162001,2011,100,0.055000
1609059748.788205147,28.813000,2000,100,0.024000
1609059748.813249588,16.099001,2001,101,0.055000
1609059748.813967705,8.378000,2011,102,0.024000
1609059748.838143349,8.304000,2000,102,0.055000
1609059748.838886738,27.827000,2010,100,0.055000
1609059748.863220453,28.495001,2001,100,0.024000
1609059748.863995552,15.655001,2011,101,0.055000
1609059748.888191223,15.304001,2000,101,0.055000
1609059748.888946533,7.578000,2010,102,0.055000
1609059748.912987232,7.304000,2001,102,0.024000
1609059748.913882732,28.179001,2011,100,0.055000
1609059748.963131189,28.847000,2000,100,0.055000
1609059748.987983942,16.174999,2001,101,0.055000
1609059748.988938570,8.255000,2011,102,0.024000
1609059749.012972116,8.088000,2000,102,0.024000
1609059749.013873339,27.847000,2010,100,0.055000
1609059749.038138628,28.483000,2001,100,0.055000
1609059749.038922310,15.764999,2011,101,0.055000
1609059749.062946796,15.365999,2000,101,0.055000
1609059749.063927412,7.424000,2010,102,0.024000
1609059749.088006973,7.170000,2001,102,0.055000
1609059749.088864326,28.194000,2011,100,0.024000
1609059749.138151407,28.795000,2000,100,0.055000
1609059749.163258076,16.356001,2001,101,0.024000
1609059749.163996696,8.147000,2011,102,0.055000
1609059749.188258648,7.991000,2000,102,0.055000
1609059749.188884020,27.857000,2010,100,0.055000
1609059749.213177204,28.514999,2001,100,0.055000
1609059749.213900089,15.885000,2011,101,0.055000
1609059749.237974882,15.478001,2000,101,0.055000
1609059749.238868952,7.285000,2010,102,0.055000
1609059749.262993336,7.041000,2001,102,0.055000
1609059749.263924599,28.177000,2011,100,0.024000
1609059749.313136101,28.867001,2000,100,0.055000
1609059749.338282824,16.466000,2001,101,0.055000
1609059749.338545084,7.554000,2011,102,0.268000
1609059749.362946272,7.827000,2000,102,0.055000
1609059749.363941669,27.825001,2010,100,0.055000
1609059749.388168812,28.448000,2001,100,0.055000
1609059749.388956308,16.004999,2011,101,0.024000
1609059749.413002729,15.635000,2000,101,0.055000
1609059749.413892508,7.162000,2010,102,0.055000
1609059749.437980890,6.907000,2001,102,0.055000
1609059749.439006329,28.136999,2011,100,0.055000
1609059749.488103151,28.794001,2000,100,0.024000
1609059749.513188601,16.552000,2001,101,0.055000
1609059749.513374090,7.432000,2011,102,0.268000
1609059749.537960768,7.658000,2000,102,0.055000
1609059749.538887501,27.783001,2010,100,0.055000
1609059749.563329697,28.448000,2001,100,0.024000
1609059749.563986778,16.167999,2011,101,0.055000
1609059749.588047504,15.764999,2000,101,0.055000
1609059749.588949919,7.033000,2010,102,0.055000
1609059749.613207340,6.847000,2001,102,0.055000
1609059749.613907337,28.086000,2011,100,0.024000
1609059749.663183928,28.735001,2000,100,0.055000
1609059749.687947512,16.660000,2001,101,0.055000
1609059749.688939095,7.743000,2011,102,0.055000
1609059749.713235855,7.587000,2000,102,0.055000
1609059749.713895559,27.733999,2010,100,0.055000
1609059749.738190651,28.355000,2001,100,0.055000
1609059749.763227701,15.860001,2000,101,0.055000
1609059749.763970137,6.856000,2010,102,0.055000
1609059749.788271189,6.722000,2001,102,0.055000
1609059749.788873196,28.027000,2011,100,0.055000
1609059749.839708805,28.665001,2000,100,0.055000
1609059749.840021610,16.938999,2010,101,0.055000
1609059749.863047838,16.792000,2001,101,0.055000
1609059749.864001989,7.604000,2011,102,0.055000
1609059749.887928724,7.386000,2000,102,0.055000
1609059749.888893843,27.656000,2010,100,0.024000
1609059749.913157225,28.320999,2001,100,0.024000
1609059749.938239098,16.039000,2000,101,0.055000
1609059749.938927889,6.759000,2010,102,0.055000
1609059749.963004827,6.527000,2001,102,0.055000
1609059749.964312792,27.927000,2011,100,0.055000
1609059750.013137102,28.528000,2000,100,0.055000
1609059750.037933350,16.954000,2001,101,0.055000
1609059750.038666487,7.397000,2011,102,0.055000
1609059750.063203812,7.402000,2000,102,0.055000
1609059750.063924313,27.469000,2010,100,0.055000
1609059750.088152409,28.205000,2001,100,0.024000
1609059750.112943172,16.170000,2000,101,0.055000
1609059750.114421129,6.650000,2010,102,0.055000
1609059750.138216019,6.484000,2001,102,0.055000
1609059750.138895512,27.802999,2011,100,0.055000
1609059750.188192606,28.392000,2000,100,0.055000
1609059750.213169575,17.128000,2001,101,0.055000
1609059750.213813066,7.295000,2011,102,0.055000
1609059750.238230944,7.253000,2000,102,0.055000
1609059750.238884687,27.415001,2010,100,0.055000
1609059750.263131380,28.069000,2001,100,0.055000
1609059750.263931990,16.715000,2011,101,0.055000
1609059750.287940741,16.298000,2000,101,0.055000
1609059750.288956642,6.553000,2010,102,0.055000
1609059750.312938213,6.305000,2001,102,0.055000
1609059750.313903570,27.636000,2011,100,0.055000
1609059750.363160610,28.264000,2000,100,0.055000
1609059750.387958765,17.291000,2001,101,0.055000
1609059750.388959169,7.238000,2011,102,0.055000
1609059750.413202047,7.152000,2000,102,0.055000
1609059750.413861513,27.221001,2010,100,0.055000
1609059750.438177586,27.882000,2001,100,0.055000
1609059750.438900232,16.903000,2011,101,0.055000
1609059750.463153362,16.586000,2000,101,0.055000
1609059750.463901043,6.483000,2010,102,0.055000
1609059750.488161087,6.297000,2001,102,0.055000
1609059750.488842249,27.441999,2011,100,0.055000
1609059750.538140774,28.049999,2000,100,0.055000
1609059750.563141823,17.475000,2001,101,0.055000
1609059750.563444138,6.678000,2011,102,0.268000
1609059750.587946415,6.962000,2000,102,0.055000
1609059750.588822365,27.004000,2010,100,0.055000
1609059750.613140345,27.659000,2001,100,0.055000
1609059750.613697052,17.024000,2011,101,0.055000
1609059750.637905359,16.782000,2000,101,0.024000
1609059750.638922453,6.491000,2010,102,0.055000
1609059750.662950993,6.145000,2001,102,0.055000
1609059750.663841009,27.212000,2011,100,0.024000
1609059750.713140965,27.778000,2000,100,0.055000
1609059750.738177061,17.711000,2001,101,0.024000
1609059750.738896132,7.222000,2011,102,0.055000
1609059750.763217211,7.003000,2000,102,0.055000
1609059750.763944864,26.768000,2010,100,0.055000
1609059750.788112879,27.416000,2001,100,0.055000
1609059750.812960386,16.936001,2000,101,0.055000
1609059750.813921452,6.460000,2010,102,0.055000
1609059750.838180542,6.161000,2001,102,0.055000
1609059750.838907719,26.965000,2011,100,0.055000
1609059750.888184309,27.565001,2000,100,0.055000
1609059750.913217783,17.933001,2001,101,0.055000
1609059750.913900614,7.204000,2011,102,0.024000
1609059750.938199043,6.946000,2000,102,0.055000
1609059750.938857555,26.513000,2010,100,0.024000
1609059750.963114500,27.156000,2001,100,0.055000
1609059750.987920761,17.103001,2000,101,0.055000
1609059750.988872290,6.451000,2010,102,0.024000
1609059751.012886763,6.086000,2001,102,0.024000
1609059751.013795376,26.719999,2011,100,0.024000
1609059751.063070297,27.311001,2000,100,0.024000
1609059751.088211775,18.139000,2001,101,0.055000
1609059751.088829756,7.183000,2011,102,0.055000
1609059751.113462210,6.982000,2000,102,0.055000
1609059751.113865614,26.261000,2010,100,0.055000
1609059751.138174772,26.868999,2001,100,0.055000
1609059751.163198709,17.302999,2000,101,0.055000
1609059751.163939714,6.490000,2010,102,0.055000
1609059751.188106537,6.008000,2001,102,0.055000
1609059751.188836336,26.469000,2011,100,0.055000
1609059751.238175631,27.056000,2000,100,0.055000
1609059751.263218641,18.341999,2001,101,0.055000
1609059751.263952017,7.174000,2011,102,0.055000
1609059751.288176298,6.947000,2000,102,0.055000
1609059751.288840532,26.004999,2010,100,0.055000
1609059751.313171387,26.653000,2001,100,0.024000
1609059751.337925196,17.561001,2000,101,0.024000
1609059751.338872910,6.450000,2010,102,0.055000
1609059751.363108158,6.000000,2001,102,0.055000
1609059751.363903522,26.202999,2011,100,0.055000
1609059751.413125038,26.799999,2000,100,0.055000
1609059751.438154697,18.474001,2001,101,0.055000
1609059751.438928366,7.130000,2011,102,0.055000
1609059751.463214159,6.878000,2000,102,0.024000
1609059751.463838339,25.753000,2010,100,0.055000
1609059751.488129377,26.396999,2001,100,0.055000
1609059751.513126135,17.738001,2000,101,0.055000
1609059751.513843060,6.384000,2010,102,0.055000
1609059751.538106203,5.976000,2001,102,0.055000
1609059751.538872719,25.941999,2011,100,0.055000
1609059751.588107347,26.545000,2000,100,0.055000
1609059751.588876486,19.037001,2010,101,0.055000
1609059751.613098621,18.697001,2001,101,0.055000
1609059751.613900900,7.159000,2011,102,0.055000
1609059751.637916088,6.764000,2000,102,0.055000
1609059751.638853550,25.495001,2010,100,0.055000
1609059751.663139105,26.136999,2001,100,0.055000
1609059751.663898706,18.400000,2011,101,0.055000
1609059751.688102007,17.997000,2000,101,0.055000
1609059751.688842773,6.434000,2010,102,0.055000
1609059751.713099718,5.975000,2001,102,0.055000
1609059751.713820219,25.672001,2011,100,0.055000
1609059751.763105392,26.237000,2000,100,0.055000
1609059751.787911892,18.915001,2001,101,0.024000
1609059751.788865805,7.074000,2011,102,0.055000
1609059751.813195467,6.850000,2000,102,0.024000
1609059751.813877344,25.226000,2010,100,0.055000
1609059751.838107824,25.823999,2001,100,0.024000
1609059751.838639498,18.549999,2011,101,0.055000
1609059751.863114834,18.223000,2000,101,0.055000
1609059751.866235018,6.500000,2010,102,0.024000
1609059751.888104916,5.938000,2001,102,0.055000
1609059751.888846397,25.417000,2011,100,0.055000
1609059751.938068390,25.966999,2000,100,0.055000
1609059751.938583612,19.100000,2010,101,0.268000
1609059751.963076591,19.150000,2001,101,0.024000
1609059751.964032650,6.981000,2011,102,0.055000
1609059751.987903595,6.682000,2000,102,0.055000
1609059751.988810539,24.948999,2010,100,0.024000
1609059752.013127327,25.563000,2001,100,0.055000
1609059752.038094997,18.416000,2000,101,0.055000
1609059752.039474487,6.543000,2010,102,0.055000
1609059752.063134909,5.989000,2001,102,0.055000
1609059752.063847542,25.149000,2011,100,0.055000
1609059752.113107681,25.737000,2000,100,0.055000
1609059752.113778591,19.441000,2010,101,0.268000
1609059752.138134718,19.364000,2001,101,0.055000
1609059752.138918638,6.982000,2011,102,0.055000
1609059752.162871838,6.654000,2000,102,0.055000
1609059752.163839102,24.693001,2010,100,0.055000
1609059752.188100100,25.297001,2001,100,0.055000
1609059752.213082552,18.645000,2000,101,0.055000
1609059752.213797569,6.603000,2010,102,0.055000
1609059752.238101721,6.036000,2001,102,0.055000
1609059752.238836288,24.862000,2011,100,0.055000
1609059752.288099289,25.469000,2000,100,0.055000
1609059752.312998772,19.604000,2001,101,0.055000
1609059752.313362598,6.535000,2011,102,0.268000
1609059752.337882042,6.727000,2000,102,0.055000
1609059752.338873148,24.422001,2010,100,0.024000
1609059752.363109827,25.037001,2001,100,0.055000
1609059752.388084412,18.903000,2000,101,0.055000
1609059752.388815880,6.647000,2010,102,0.055000
1609059752.413064003,6.054000,2001,102,0.055000
1609059752.413806677,24.608000,2011,100,0.024000
1609059752.463078499,25.205999,2000,100,0.055000
1609059752.487893343,19.771000,2001,101,0.055000
1609059752.488584280,7.168000,2011,102,0.055000
1609059752.512901068,6.770000,2000,102,0.024000
1609059752.513856888,24.165001,2010,100,0.055000
1609059752.538113117,24.813000,2001,100,0.024000
1609059752.563110352,19.124001,2000,101,0.055000
1609059752.563888311,6.736000,2010,102,0.055000
1609059752.588078022,6.167000,2001,102,0.055000
1609059752.588815212,24.348000,2011,100,0.055000
1609059752.638070345,24.948999,2000,100,0.055000
1609059752.663149118,20.145000,2001,101,0.055000
1609059752.663932085,7.255000,2011,102,0.055000
1609059752.687871218,6.831000,2000,102,0.055000
1609059752.688805342,23.906000,2010,100,0.055000
1609059752.713056803,24.554001,2001,100,0.024000
1609059752.738072872,19.336000,2000,101,0.024000
1609059752.738870859,6.851000,2010,102,0.055000
1609059752.763067007,6.261000,2001,102,0.055000
1609059752.763849974,24.101000,2011,100,0.055000
1609059752.813080788,24.693001,2000,100,0.055000
1609059752.837844372,20.187000,2001,101,0.055000
1609059752.838863850,7.395000,2011,102,0.055000
1609059752.864118814,6.873000,2000,102,0.055000
1609059752.864480972,23.660000,2010,100,0.055000
1609059752.888122797,24.261000,2001,100,0.055000
1609059752.913163185,19.504000,2000,101,0.055000
1609059752.913888454,7.141000,2010,102,0.024000
1609059752.938112497,6.361000,2001,102,0.024000
1609059752.938822746,23.846001,2011,100,0.055000
1609059752.988199472,24.440001,2000,100,0.055000
1609059752.988862753,20.337999,2010,101,0.268000
1609059753.012939215,20.434000,2001,101,0.055000
1609059753.013908625,7.501000,2011,102,0.055000
1609059753.038094521,6.999000,2000,102,0.055000
1609059753.038862467,23.445999,2010,100,0.055000
1609059753.063162327,24.055000,2001,100,0.024000
1609059753.088111401,19.724001,2000,101,0.055000
1609059753.088953972,7.045000,2010,102,0.024000
1609059753.113156319,6.461000,2001,102,0.055000
1609059753.113868475,23.601000,2011,100,0.055000
1609059753.163052797,24.202000,2000,100,0.055000
1609059753.188151121,20.660000,2001,101,0.055000
1609059753.188842773,7.622000,2011,102,0.055000
1609059753.213105440,7.071000,2000,102,0.055000
1609059753.213884592,23.170000,2010,100,0.024000
1609059753.238084078,23.819000,2001,100,0.024000
1609059753.238767862,20.374001,2011,101,0.055000
1609059753.263128757,19.924000,2000,101,0.055000
1609059753.263900995,7.253000,2010,102,0.024000
1609059753.288122654,6.588000,2001,102,0.055000
1609059753.288859129,23.360001,2011,100,0.055000
1609059753.338065863,23.964001,2000,100,0.055000
1609059753.362896204,20.799000,2001,101,0.055000
1609059753.363944769,7.655000,2011,102,0.055000
1609059753.387936831,7.162000,2000,102,0.024000
1609059753.388976097,22.948000,2010,100,0.055000
1609059753.413062572,23.591000,2001,100,0.055000
1609059753.413622379,20.551001,2011,101,0.024000
1609059753.438073874,20.100000,2000,101,0.055000
1609059753.438823223,7.390000,2010,102,0.055000
1609059753.463094711,6.710000,2001,102,0.055000
1609059753.463840008,23.143999,2011,100,0.055000
1609059753.513360023,23.746000,2000,100,0.024000
1609059753.538080931,20.954000,2001,101,0.055000
1609059753.538916588,7.816000,2011,102,0.055000
1609059753.563046694,7.237000,2000,102,0.055000
1609059753.563884258,22.732000,2010,100,0.024000
1609059753.588054895,23.347000,2001,100,0.055000
1609059753.588844776,20.715000,2011,101,0.055000
1609059753.613093138,20.195999,2000,101,0.055000
1609059753.638086557,6.843000,2001,102,0.055000
1609059753.638759136,22.930000,2011,100,0.055000
1609059753.688048124,23.545000,2000,100,0.024000
1609059753.712638855,20.672001,2001,101,0.268000
1609059753.713852406,7.999000,2011,102,0.055000
1609059753.737911940,7.404000,2000,102,0.055000
1609059753.738815069,22.528000,2010,100,0.055000
1609059753.763102055,23.143999,2001,100,0.055000
1609059753.764444113,20.789000,2011,101,0.055000
1609059753.788081408,20.361000,2000,101,0.055000
1609059753.789160967,7.640000,2010,102,0.055000
1609059753.813106775,6.984000,2001,102,0.024000
1609059753.813802242,22.750999,2011,100,0.055000
1609059753.863028288,23.365000,2000,100,0.055000
1609059753.887831211,21.177999,2001,101,0.055000
1609059753.888834715,8.142000,2011,102,0.055000
1609059753.913077593,7.514000,2000,102,0.024000
1609059753.913811684,22.353001,2010,100,0.055000
1609059753.938041449,22.993999,2001,100,0.055000
1609059753.963160753,20.448999,2000,101,0.055000
1609059753.963884830,7.800000,2010,102,0.055000
1609059753.988105059,7.125000,2001,102,0.055000
1609059753.988851547,22.586000,2011,100,0.055000
1609059754.038027048,23.201000,2000,100,0.055000
1609059754.038307667,20.819000,2010,101,0.129000
1609059754.063156128,21.341000,2001,101,0.055000
1609059754.063837051,8.299000,2011,102,0.024000
1609059754.087870121,7.693000,2000,102,0.055000
1609059754.088851452,22.183001,2010,100,0.055000
1609059754.113023758,22.799000,2001,100,0.055000
1609059754.113792658,20.980000,2011,101,0.055000
1609059754.138041735,20.546000,2000,101,0.055000
1609059754.138901949,7.904000,2010,102,0.055000
1609059754.163817406,22.426001,2011,100,0.055000
1609059754.213007212,40.640999,2000,100,0.055000
1609059754.237867832,21.343000,2001,101,0.024000
1609059754.239551544,8.434000,2011,102,0.055000
1609059754.263151407,7.866000,2000,102,0.055000
1609059754.263823748,22.028000,2010,100,0.055000
1609059754.288062572,22.646000,2001,100,0.055000
1609059754.288806915,21.076000,2011,101,0.055000
1609059754.313060284,20.621000,2000,101,0.055000
1609059754.313811779,8.120000,2010,102,0.055000
1609059754.338810444,22.292999,2011,100,0.055000
1609059754.388076305,22.875000,2000,100,0.055000
1609059754.388348579,21.205999,2010,101,0.129000
1609059754.412845850,21.438999,2001,101,0.024000
1609059754.413811922,8.575000,2011,102,0.055000
1609059754.438126564,8.042000,2000,102,0.055000
1609059754.438827991,21.893000,2010,100,0.055000
1609059754.463053226,22.507000,2001,100,0.055000
1609059754.463766575,21.136999,2011,101,0.055000
1609059754.488106251,20.648001,2000,101,0.055000
1609059754.513759851,22.162001,2011,100,0.024000
1609059754.563050032,58.375999,2000,100,0.055000
1609059754.563822508,21.590000,2010,101,0.268000
1609059754.588049889,21.459000,2001,101,0.024000
1609059754.588816881,8.694000,2011,102,0.055000
1609059754.613122702,8.111000,2000,102,0.055000
1609059754.613808393,21.767000,2010,100,0.055000
1609059754.638070822,22.414000,2001,100,0.055000
1609059754.638764858,21.221001,2011,101,0.024000
1609059754.663019896,20.719000,2000,101,0.055000
1609059754.663854837,8.363000,2010,102,0.055000
1609059754.688064814,7.638000,2001,102,0.024000
1609059754.688889503,22.039000,2011,100,0.055000
1609059754.738079071,40.536999,2000,100,0.055000
1609059754.738811731,21.947001,2010,101,0.055000
1609059754.762959719,21.576000,2001,101,0.055000
1609059754.763818264,8.795000,2011,102,0.055000
1609059754.788055897,8.176000,2000,102,0.055000
1609059754.788802624,21.650999,2010,100,0.055000
1609059754.813034773,22.302999,2001,100,0.055000
1609059754.813741922,21.243999,2011,101,0.055000
1609059754.838062525,20.829000,2000,101,0.055000
1609059754.838827133,8.431000,2010,102,0.055000
1609059754.863765478,21.929001,2011,100,0.055000
1609059754.913050652,58.459000,2000,100,0.055000
1609059754.913793087,22.017000,2010,101,0.055000
1609059754.937877655,21.636000,2001,101,0.055000
1609059754.938869476,8.924000,2011,102,0.024000
1609059754.962855816,8.259000,2000,102,0.055000
1609059754.963797808,21.544001,2010,100,0.055000
1609059754.988118172,22.153999,2001,100,0.055000
1609059754.988779783,21.368000,2011,101,0.024000
1609059755.013066769,20.858999,2000,101,0.055000
1609059755.013572931,8.475000,2010,102,0.055000
1609059755.038085461,7.810000,2001,102,0.024000
1609059755.038795471,21.825001,2011,100,0.055000
1609059755.088111401,40.398998,2000,100,0.055000
1609059755.113078117,21.658001,2001,101,0.055000
1609059755.113839626,8.913000,2011,102,0.055000
1609059755.137845516,8.318000,2000,102,0.055000
1609059755.138766527,21.438000,2010,100,0.055000
1609059755.163062811,22.049000,2001,100,0.055000
1609059755.164008141,21.441999,2011,101,0.024000
1609059755.188183546,20.969999,2000,101,0.055000
1609059755.188594580,8.541000,2010,102,0.055000
1609059755.213055134,7.875000,2001,102,0.055000
1609059755.213778019,21.725000,2011,100,0.024000
1609059755.263073683,58.423000,2000,100,0.055000
1609059755.288165092,21.732000,2001,101,0.055000
1609059755.288987398,9.012000,2011,102,0.024000
1609059755.313070536,8.347000,2000,102,0.055000
1609059755.315386295,21.353001,2010,100,0.055000
1609059755.338034153,22.011000,2001,100,0.024000
1609059755.338870049,21.507999,2011,101,0.055000
1609059755.363006592,21.035999,2000,101,0.024000
1609059755.363596916,8.599000,2010,102,0.055000
1609059755.388806343,21.639000,2011,100,0.055000
1609059755.438039303,40.375000,2000,100,0.055000
1609059755.438794136,22.231001,2010,101,0.055000
1609059755.463058233,21.798000,2001,101,0.055000
1609059755.463894606,9.057000,2011,102,0.024000
1609059755.487843275,8.423000,2000,102,0.055000
1609059755.488814592,21.270000,2010,100,0.024000
1609059755.513037920,21.920000,2001,100,0.055000
1609059755.513765574,21.575001,2011,101,0.055000
1609059755.538054943,21.076000,2000,101,0.055000
1609059755.538557291,8.624000,2010,102,0.024000
1609059755.563757420,21.555000,2011,100,0.024000
1609059755.613052845,22.197001,2000,100,0.055000
1609059755.637814522,21.917999,2001,101,0.055000
1609059755.638770580,9.095000,2011,102,0.055000
1609059755.662804365,8.448000,2000,102,0.055000
1609059755.663734198,21.188999,2010,100,0.055000
1609059755.688072681,21.840000,2001,100,0.055000
1609059755.689909935,21.653000,2011,101,0.055000
1609059755.713045835,21.152000,2000,101,0.055000
1609059755.713748693,8.674000,2010,102,0.024000
1609059755.788053274,21.995001,2000,100,0.055000
1609059755.813053608,21.948999,2001,101,0.055000
1609059755.813792467,9.106000,2011,102,0.024000
1609059755.838096619,8.448000,2000,102,0.055000
1609059755.838803291,21.108000,2010,100,0.055000
1609059755.863085270,21.761999,2001,100,0.055000
1609059755.863795042,21.743000,2011,101,0.055000
1609059755.888077259,21.242001,2000,101,0.055000
1609059755.888988733,8.683000,2010,102,0.055000
1609059755.913048506,8.000000,2001,102,0.055000
1609059755.913795710,21.403000,2011,100,0.055000
1609059755.963082552,40.154999,2000,100,0.055000
1609059755.987893581,22.084999,2001,101,0.055000
1609059755.988950491,9.102000,2011,102,0.055000
1609059756.012820482,8.443000,2000,102,0.055000
1609059756.013783693,21.040001,2010,100,0.055000
1609059756.038073301,21.694000,2001,100,0.055000
1609059756.063033581,21.330000,2000,101,0.055000
1609059756.063890934,8.662000,2010,102,0.055000
1609059756.088812351,21.319000,2011,100,0.055000
1609059756.138051987,21.933001,2000,100,0.055000
1609059756.163059473,22.146999,2001,101,0.024000
1609059756.163860083,9.076000,2011,102,0.055000
1609059756.187864065,8.379000,2000,102,0.055000
1609059756.188822746,20.959999,2010,100,0.055000
1609059756.213088989,21.636000,2001,100,0.055000
1609059756.213606596,21.961000,2011,101,0.055000
1609059756.238065481,21.462999,2000,101,0.055000
1609059756.313028812,21.900000,2000,100,0.055000
1609059756.314813852,22.665001,2010,101,0.055000
1609059756.338012934,22.247999,2001,101,0.024000
1609059756.338859081,9.060000,2011,102,0.055000
1609059756.363041401,8.398000,2000,102,0.055000
1609059756.363804817,20.903999,2010,100,0.055000
1609059756.388041496,21.570000,2001,100,0.024000
1609059756.413036585,21.573999,2000,101,0.055000
1609059756.413781404,8.587000,2010,102,0.055000
1609059756.438822031,21.176001,2011,100,0.055000
1609059756.488097191,21.806999,2000,100,0.055000
1609059756.512853622,22.400000,2001,101,0.055000
1609059756.513823271,9.045000,2011,102,0.055000
1609059756.537927866,8.359000,2000,102,0.055000
1609059756.538806915,20.813000,2010,100,0.055000
1609059756.563024759,21.476000,2001,100,0.055000
1609059756.588042021,21.660999,2000,101,0.055000
1609059756.588781595,8.638000,2010,102,0.055000
1609059756.613804102,21.073000,2011,100,0.024000
1609059756.663068771,21.670000,2000,100,0.055000
1609059756.663795471,22.771999,2010,101,0.055000
1609059756.688363552,22.485001,2001,101,0.055000
1609059756.688824892,9.065000,2011,102,0.055000
1609059756.713049650,8.395000,2000,102,0.055000
1609059756.713801861,20.700001,2010,100,0.024000
1609059756.738047838,21.374001,2001,100,0.055000
1609059756.738831043,22.259001,2011,101,0.024000
1609059756.763015032,21.778999,2000,101,0.055000
1609059756.763838053,8.677000,2010,102,0.055000
1609059756.788786411,20.948000,2011,100,0.055000
1609059756.838044643,21.596001,2000,100,0.055000
1609059756.838528156,22.496000,2010,101,0.129000
1609059756.863077879,22.618999,2001,101,0.055000
1609059756.863856077,9.093000,2011,102,0.055000
1609059756.887854815,8.422000,2000,102,0.055000
1609059756.888788462,20.587000,2010,100,0.055000
1609059756.913057089,21.208000,2001,100,0.055000
1609059756.913759470,22.409000,2011,101,0.055000
1609059756.938010931,21.947001,2000,101,0.055000
1609059756.938580036,8.718000,2010,102,0.055000
1609059756.963840246,20.840000,2011,100,0.055000
1609059757.013013124,21.474001,2000,100,0.055000
1609059757.014080286,23.134001,2010,101,0.055000
1609059757.038050413,22.799000,2001,101,0.024000
1609059757.038857698,9.109000,2011,102,0.055000
1609059757.063001156,8.442000,2000,102,0.055000
1609059757.063778639,20.466000,2010,100,0.024000
1609059757.088044882,21.098000,2001,100,0.055000
1609059757.088782549,22.534000,2011,101,0.055000
1609059757.113062382,22.091000,2000,101,0.055000
1609059757.138726711,20.709000,2011,100,0.024000
1609059757.188037395,21.341000,2000,100,0.055000
1609059757.188877821,23.045000,2010,101,0.268000
1609059757.212831020,22.944000,2001,101,0.055000
1609059757.213815451,9.142000,2011,102,0.055000
1609059757.238021851,8.475000,2000,102,0.024000
1609059757.239040136,20.332001,2010,100,0.055000
1609059757.263020515,20.955999,2001,100,0.024000
1609059757.263797998,22.697001,2011,101,0.024000
1609059757.288054466,22.245001,2000,101,0.055000
1609059757.288747787,8.827000,2010,102,0.055000
1609059757.313854694,20.561001,2011,100,0.055000
1609059757.363006115,21.188000,2000,100,0.055000
1609059757.387836456,23.101999,2001,101,0.055000
1609059757.388862848,9.153000,2011,102,0.055000
1609059757.413058996,8.513000,2000,102,0.055000
1609059757.414964199,20.186001,2010,100,0.055000
1609059757.438100338,20.849001,2001,100,0.055000
1609059757.438830614,22.850000,2011,101,0.055000
1609059757.463047028,22.405001,2000,101,0.055000
1609059757.488741398,20.407000,2011,100,0.055000
1609059757.538028955,21.031000,2000,100,0.055000
1609059757.540075779,23.570999,2010,101,0.055000
1609059757.562834740,23.274000,2001,101,0.024000
1609059757.563864946,9.217000,2011,102,0.055000
1609059757.588078737,8.578000,2000,102,0.055000
1609059757.588790178,20.014000,2010,100,0.055000
1609059757.613042831,20.684000,2001,100,0.055000
1609059757.613800287,23.025999,2011,101,0.055000
1609059757.637997389,22.577999,2000,101,0.055000
1609059757.638842106,8.988000,2010,102,0.055000
1609059757.663796902,20.237000,2011,100,0.055000
1609059757.737855673,23.445999,2001,101,0.055000
1609059757.738830090,9.297000,2011,102,0.055000
1609059757.763032913,8.643000,2000,102,0.055000
1609059757.763771057,19.839001,2010,100,0.055000
1609059757.788047075,20.469000,2001,100,0.055000
1609059757.788731813,23.205000,2011,101,0.024000
1609059757.813042641,22.721001,2000,101,0.055000
1609059757.813852310,9.106000,2010,102,0.055000
1609059757.837671757,7.987000,2001,102,0.129000
1609059757.838794947,20.051001,2011,100,0.055000
1609059757.888039827,20.677000,2000,100,0.055000
1609059757.913021803,23.596001,2001,101,0.055000
1609059757.913805962,9.397000,2011,102,0.055000
1609059757.938047409,8.731000,2000,102,0.055000
1609059757.938789606,19.656000,2010,100,0.055000
1609059757.963112354,20.287001,2001,100,0.055000
1609059757.963768244,23.391001,2011,101,0.055000
1609059757.988054514,22.937000,2000,101,0.024000
1609059757.988740921,9.177000,2010,102,0.055000
1609059758.012590647,8.399000,2001,102,0.129000
1609059758.013757706,19.874001,2011,100,0.055000
1609059758.062999249,20.483999,2000,100,0.024000
1609059758.088011503,23.764000,2001,101,0.055000
1609059758.089842319,9.455000,2011,102,0.055000
1609059758.113042593,8.813000,2000,102,0.055000
1609059758.113806009,19.517000,2010,100,0.055000
1609059758.138017654,20.113001,2001,100,0.055000
1609059758.138756752,23.563999,2011,101,0.055000
1609059758.163028955,23.070000,2000,101,0.055000
1609059758.163860321,9.259000,2010,102,0.055000
1609059758.188731909,19.688000,2011,100,0.055000
1609059758.238001108,20.316000,2000,100,0.055000
1609059758.238730192,24.650000,2010,101,0.055000
1609059758.263113976,23.915001,2001,101,0.024000
1609059758.263835430,9.591000,2011,102,0.024000
1609059758.288076401,8.898000,2000,102,0.024000
1609059758.288811684,19.332001,2010,100,0.024000
1609059758.313195229,19.952000,2001,100,0.055000
1609059758.313783646,23.709000,2011,101,0.055000
1609059758.338021755,23.247000,2000,101,0.055000
1609059758.363025427,8.587000,2001,102,0.268000
1609059758.363798380,19.539000,2011,100,0.024000
1609059758.412997484,20.166000,2000,100,0.024000
1609059758.438004494,24.047001,2001,101,0.055000
1609059758.438824177,9.684000,2011,102,0.055000
1609059758.488018036,19.809999,2001,100,0.055000
1609059758.488721848,23.827999,2011,101,0.024000
1609059758.513061762,23.367001,2000,101,0.055000
1609059758.538054705,8.806000,2001,102,0.055000
1609059758.538715601,19.400999,2011,100,0.024000
1609059758.588048220,20.030001,2000,100,0.055000
1609059758.613023520,24.117001,2001,101,0.055000
1609059758.613823652,9.750000,2011,102,0.055000
1609059758.638035536,9.102000,2000,102,0.055000
1609059758.638752937,19.049000,2010,100,0.055000
1609059758.662999868,19.645000,2001,100,0.055000
1609059758.663765430,23.945000,2011,101,0.055000
1609059758.688476562,23.466999,2000,101,0.055000
1609059758.688951492,9.606000,2010,102,0.055000
1609059758.713090420,8.888000,2001,102,0.055000
1609059758.713752747,19.275999,2011,100,0.055000
1609059758.763092041,19.919001,2000,100,0.055000
1609059758.788028240,24.243999,2001,101,0.055000
1609059758.788508177,9.848000,2011,102,0.055000
1609059758.813037157,9.188000,2000,102,0.055000
1609059758.813786030,18.934000,2010,100,0.055000
1609059758.838049889,19.570999,2001,100,0.055000
1609059758.863065004,23.518999,2000,101,0.055000
1609059758.863756180,9.663000,2010,102,0.055000
1609059758.888074160,8.984000,2001,102,0.055000
1609059758.888789415,19.186001,2011,100,0.055000
1609059758.937999249,19.815001,2000,100,0.024000
1609059758.963039637,24.318001,2001,101,0.055000
1609059758.963762522,9.931000,2011,102,0.024000
1609059759.013027668,19.464001,2001,100,0.055000
1609059759.038010597,23.642000,2000,101,0.024000
1609059759.038760900,9.748000,2010,102,0.055000
1609059759.063051939,9.045000,2001,102,0.024000
1609059759.063734770,19.075001,2011,100,0.055000
1609059759.113029957,19.719999,2000,100,0.055000
1609059759.138004541,24.407000,2001,101,0.024000
1609059759.138507366,10.007000,2011,102,0.055000
1609059759.163014650,9.356000,2000,102,0.055000
1609059759.163790464,18.736000,2010,100,0.024000
1609059759.188084602,19.406000,2001,100,0.055000
1609059759.213124037,23.691999,2000,101,0.055000
1609059759.213737726,9.862000,2010,102,0.055000
1609059759.238034487,9.180000,2001,102,0.024000
1609059759.238808155,18.980000,2011,100,0.024000
1609059759.287985086,19.617001,2000,100,0.055000
1609059759.313004732,24.466999,2001,101,0.055000
1609059759.313756704,10.079000,2011,102,0.055000
1609059759.337997198,9.427000,2000,102,0.055000
1609059759.338961363,18.636000,2010,100,0.055000
1609059759.363022566,19.240000,2001,100,0.055000
1609059759.365069628,24.296000,2011,101,0.055000
1609059759.387986422,23.789000,2000,101,0.055000
1609059759.388728857,9.904000,2010,102,0.055000
1609059759.413052559,9.220000,2001,102,0.055000
1609059759.413740873,18.884001,2011,100,0.055000
1609059759.462997913,19.531000,2000,100,0.024000
1609059759.464092731,24.993999,2010,101,0.055000
1609059759.488052607,24.577000,2001,101,0.055000
1609059759.488741398,10.148000,2011,102,0.055000
1609059759.513066530,9.486000,2000,102,0.055000
1609059759.513751030,18.552999,2010,100,0.055000
1609059759.538030386,19.214001,2001,100,0.024000
1609059759.538536310,24.434000,2011,101,0.055000
1609059759.563064814,23.916000,2000,101,0.055000
1609059759.565120697,9.975000,2010,102,0.055000
1609059759.588006496,9.295000,2001,102,0.024000
1609059759.588720560,18.798000,2011,100,0.024000
1609059759.637996197,19.438000,2000,100,0.055000
1609059759.663049221,24.677000,2001,101,0.055000
1609059759.663694382,10.214000,2011,102,0.055000
1609059759.688018322,9.547000,2000,102,0.055000
1609059759.688727856,18.497999,2010,100,0.055000
1609059759.713376045,19.098000,2001,100,0.055000
1609059759.739996672,10.035000,2010,102,0.055000
1609059759.740439892,24.007999,2000,101,0.024000
1609059759.763036728,9.359000,2001,102,0.055000
1609059759.763782978,18.712000,2011,100,0.055000
1609059759.813020468,19.351999,2000,100,0.055000
1609059759.837989807,24.806999,2001,101,0.055000
1609059759.838539839,10.230000,2011,102,0.055000
1609059759.862996578,9.602000,2000,102,0.055000
1609059759.863973856,18.410000,2010,100,0.055000
1609059759.888021708,19.049999,2001,100,0.055000
1609059759.913135767,24.096001,2000,101,0.055000
1609059759.913786888,10.103000,2010,102,0.055000
1609059759.938759327,18.624001,2011,100,0.055000
1609059759.987974167,19.270000,2000,100,0.055000
1609059760.013016462,24.865999,2001,101,0.024000
1609059760.013687372,10.279000,2011,102,0.055000
1609059760.037987709,9.652000,2000,102,0.055000
1609059760.038777351,18.301001,2010,100,0.055000
1609059760.063097954,18.969000,2001,100,0.055000
1609059760.087995291,24.188000,2000,101,0.055000
1609059760.113715649,18.535000,2011,100,0.055000
1609059760.163019180,19.183001,2000,100,0.055000
1609059760.188052416,24.985001,2001,101,0.024000
1609059760.188506842,10.322000,2011,102,0.055000
1609059760.213034868,9.740000,2000,102,0.055000
1609059760.215049267,18.214001,2010,100,0.055000
1609059760.238075018,18.850000,2001,100,0.024000
1609059760.238785028,24.753000,2011,101,0.024000
1609059760.263019085,24.285999,2000,101,0.055000
1609059760.263777018,10.217000,2010,102,0.055000
1609059760.288020611,9.525000,2001,102,0.055000
1609059760.288717508,18.458000,2011,100,0.055000
1609059760.338061333,19.108999,2000,100,0.055000
1609059760.363000154,25.045000,2001,101,0.055000
1609059760.363558769,10.382000,2011,102,0.055000
1609059760.388694048,18.132000,2010,100,0.024000
1609059760.437991858,24.379000,2000,101,0.024000
1609059760.438675165,10.258000,2010,102,0.055000
1609059760.463059187,9.560000,2001,102,0.055000
1609059760.463721275,18.382000,2011,100,0.024000
1609059760.513052225,19.018999,2000,100,0.055000
1609059760.538008213,25.149000,2001,101,0.055000
1609059760.538743973,10.424000,2011,102,0.055000
1609059760.563167334,9.852000,2000,102,0.024000
1609059760.564019680,18.051001,2010,100,0.055000
1609059760.588001251,18.694000,2001,100,0.055000
1609059760.588713646,24.951000,2011,101,0.024000
1609059760.613080025,24.476000,2000,101,0.055000
1609059760.613752842,10.333000,2010,102,0.055000
1609059760.638034582,9.600000,2001,102,0.055000
1609059760.638719559,18.294001,2011,100,0.055000
1609059760.687979460,18.938999,2000,100,0.024000
1609059760.688789368,25.683001,2010,101,0.055000
1609059760.713145494,25.249001,2001,101,0.055000
1609059760.713732958,10.480000,2011,102,0.055000
1609059760.738035202,9.813000,2000,102,0.055000
1609059760.738715410,17.968000,2010,100,0.024000
1609059760.763093233,18.650999,2001,100,0.024000
1609059760.787992239,24.544001,2000,101,0.055000
1609059760.788731337,10.350000,2010,102,0.055000
1609059760.813112736,9.653000,2001,102,0.055000
1609059760.813669205,18.200001,2011,100,0.055000
1609059760.863033056,18.812000,2000,100,0.055000
1609059760.863722801,25.764999,2010,101,0.024000
1609059760.888026714,25.350000,2001,101,0.055000
1609059760.889213085,10.484000,2011,102,0.055000
1609059760.913073301,9.837000,2000,102,0.055000
1609059760.913700819,17.933001,2010,100,0.055000
1609059760.938095331,18.533001,2001,100,0.024000
1609059760.938646317,25.195999,2011,101,0.055000
1609059760.963756561,10.385000,2010,102,0.055000
1609059760.964164972,24.683001,2000,101,0.055000
1609059760.988072157,9.696000,2001,102,0.055000
1609059760.988739252,18.115999,2011,100,0.055000
1609059761.037965775,18.808001,2000,100,0.055000
1609059761.038667202,25.867001,2010,101,0.055000
1609059761.063116789,25.447001,2001,101,0.055000
1609059761.063682079,10.546000,2011,102,0.055000
1609059761.087965965,9.906000,2000,102,0.055000
1609059761.088686228,17.804001,2010,100,0.055000
1609059761.112990379,18.450001,2001,100,0.024000
1609059761.137980223,24.787001,2000,101,0.055000
1609059761.138722181,10.472000,2010,102,0.055000
1609059761.163020372,9.712000,2001,102,0.055000
1609059761.163707256,18.027000,2011,100,0.055000
1609059761.212977409,18.674000,2000,100,0.055000
1609059761.214226246,26.009001,2010,101,0.024000
1609059761.237957239,25.608999,2001,101,0.055000
1609059761.238705873,10.559000,2011,102,0.024000
1609059761.262956381,9.961000,2000,102,0.055000
1609059761.263733387,17.698000,2010,100,0.055000
1609059761.288030863,18.348000,2001,100,0.024000
1609059761.288536549,25.379999,2011,101,0.055000
1609059761.313031435,24.909000,2000,101,0.024000
1609059761.315197945,10.541000,2010,102,0.055000
1609059761.337976456,9.860000,2001,102,0.055000
1609059761.338710308,17.910999,2011,100,0.024000
1609059761.388094425,18.547001,2000,100,0.055000
1609059761.388699770,26.068001,2010,101,0.055000
1609059761.413033485,25.721001,2001,101,0.055000
1609059761.413719416,10.619000,2011,102,0.055000
1609059761.437986374,9.997000,2000,102,0.055000
1609059761.438669682,17.590000,2010,100,0.055000
1609059761.463013649,18.224001,2001,100,0.055000
1609059761.463706970,25.513000,2011,101,0.055000
1609059761.487960339,25.028999,2000,101,0.055000
1609059761.488692760,10.582000,2010,102,0.055000
1609059761.513047695,9.892000,2001,102,0.055000
1609059761.513691187,17.788000,2011,100,0.055000
1609059761.562964916,18.398001,2000,100,0.055000
1609059761.563721418,26.263000,2010,101,0.055000
1609059761.588028669,25.851999,2001,101,0.055000
1609059761.588695765,10.716000,2011,102,0.024000
1609059761.612989664,10.133000,2000,102,0.055000
1609059761.613940239,17.495001,2010,100,0.055000
1609059761.637973547,18.136000,2001,100,0.055000
1609059761.638679028,25.628000,2011,101,0.055000
1609059761.662988424,25.153000,2000,101,0.055000
1609059761.663673162,10.671000,2010,102,0.055000
1609059761.687969208,10.022000,2001,102,0.024000
1609059761.688652992,17.660999,2011,100,0.055000
1609059761.737962008,18.219000,2000,100,0.055000
1609059761.738698721,26.315001,2010,101,0.055000
1609059761.763035774,25.980000,2001,101,0.024000
1609059761.763988972,10.788000,2011,102,0.055000
1609059761.788661003,17.337999,2010,100,0.024000
1609059761.812981367,17.974001,2001,100,0.024000
1609059761.814911127,25.749001,2011,101,0.055000
1609059761.838067770,25.270000,2000,101,0.055000
1609059761.838695526,10.697000,2010,102,0.055000
1609059761.862959385,10.038000,2001,102,0.055000
1609059761.863693237,17.535999,2011,100,0.055000
1609059761.913010359,18.139999,2000,100,0.055000
1609059761.937974691,26.106001,2001,101,0.055000
1609059761.939923763,10.883000,2011,102,0.055000
1609059761.963704348,17.246000,2010,100,0.055000
1609059761.987956285,17.846001,2001,100,0.055000
1609059762.012991905,25.399000,2000,101,0.024000
1609059762.013660431,10.828000,2010,102,0.055000
1609059762.037947655,10.181000,2001,102,0.055000
1609059762.038786411,17.403000,2011,100,0.024000
1609059762.087918282,17.968000,2000,100,0.055000
1609059762.113007307,26.187000,2001,101,0.055000
1609059762.113640547,10.983000,2011,102,0.055000
1609059762.138606071,17.118999,2010,100,0.055000
1609059762.163158655,17.721001,2001,100,0.055000
1609059762.163691282,25.992001,2011,101,0.055000
1609059762.187915564,25.503000,2000,101,0.055000
1609059762.188641787,10.967000,2010,102,0.024000
1609059762.213002682,10.249000,2001,102,0.055000
1609059762.213657141,17.309999,2011,100,0.055000
1609059762.262957335,17.875999,2000,100,0.055000
1609059762.264253616,26.473000,2010,101,0.268000
1609059762.287934780,26.312000,2001,101,0.055000
1609059762.288630962,11.079000,2011,102,0.055000
1609059762.313587189,16.997000,2010,100,0.024000
1609059762.337917566,17.603001,2001,100,0.024000
1609059762.338644505,26.106001,2011,101,0.024000
1609059762.362940073,25.580000,2000,101,0.024000
1609059762.363697290,11.034000,2010,102,0.055000
1609059762.387928486,10.330000,2001,102,0.055000
1609059762.388657808,17.164000,2011,100,0.055000
1609059762.437919855,17.771999,2000,100,0.055000
1609059762.462952614,26.409000,2001,101,0.024000
1609059762.463679790,11.172000,2011,102,0.055000
1609059762.488666534,16.851999,2010,100,0.024000
1609059762.512977362,17.528999,2001,100,0.055000
1609059762.513737202,26.145000,2011,101,0.055000
1609059762.538048744,25.687000,2000,101,0.055000
1609059762.538666964,11.130000,2010,102,0.055000
1609059762.562959194,10.465000,2001,102,0.024000
1609059762.563733578,17.058001,2011,100,0.024000
1609059762.613008261,17.635000,2000,100,0.024000
1609059762.613635063,26.895000,2010,101,0.055000
1609059762.637976885,26.483000,2001,101,0.055000
1609059762.638666630,11.232000,2011,102,0.055000
1609059762.663648367,16.759001,2010,100,0.024000
1609059762.687980890,17.400000,2001,100,0.055000
1609059762.688638926,26.252001,2011,101,0.055000
1609059762.713049889,25.764999,2000,101,0.055000
1609059762.713646889,11.202000,2010,102,0.055000
1609059762.737942219,10.586000,2001,102,0.055000
1609059762.738661766,17.007999,2011,100,0.055000
1609059762.787932873,17.587000,2000,100,0.055000
1609059762.788642645,26.938999,2010,101,0.055000
1609059762.813068628,26.542000,2001,101,0.055000
1609059762.813767195,11.301000,2011,102,0.055000
1609059762.837953091,10.665000,2000,102,0.055000
1609059762.838636637,16.669001,2010,100,0.055000
1609059762.862957239,17.316999,2001,100,0.024000
1609059762.864888191,26.329000,2011,101,0.055000
1609059762.887946844,25.820000,2000,101,0.055000
1609059762.888651609,11.266000,2010,102,0.055000
1609059762.912978888,10.628000,2001,102,0.055000
1609059762.913640738,16.884001,2011,100,0.055000
1609059762.963016033,17.504999,2000,100,0.055000
1609059762.988041162,26.572001,2001,101,0.055000
1609059762.988707542,11.396000,2011,102,0.055000
1609059763.012954712,10.780000,2000,102,0.055000
1609059763.014485598,16.596001,2010,100,0.055000
1609059763.037986755,17.238001,2001,100,0.055000
1609059763.038647890,26.377001,2011,101,0.024000
1609059763.062977076,25.882000,2000,101,0.024000
1609059763.063648224,11.355000,2010,102,0.055000
1609059763.087900162,10.639000,2001,102,0.024000
1609059763.088667154,16.813000,2011,100,0.024000
1609059763.137931824,17.426001,2000,100,0.024000
1609059763.162948608,26.660000,2001,101,0.055000
1609059763.163661003,11.434000,2011,102,0.055000
1609059763.187995672,10.843000,2000,102,0.055000
1609059763.188730001,16.524000,2010,100,0.055000
1609059763.212994814,17.160000,2001,100,0.055000
1609059763.213639498,26.424999,2011,101,0.055000
1609059763.237977743,25.940001,2000,101,0.055000
1609059763.238679647,11.448000,2010,102,0.055000
1609059763.262964964,10.755000,2001,102,0.055000
1609059763.263807058,16.739000,2011,100,0.055000
1609059763.312958956,17.280001,2000,100,0.055000
1609059763.338078976,26.666000,2001,101,0.055000
1609059763.338612080,11.562000,2011,102,0.055000
1609059763.362975597,10.904000,2000,102,0.055000
1609059763.363712072,16.479000,2010,100,0.055000
1609059763.387978792,17.097000,2001,100,0.055000
1609059763.388626337,26.475000,2011,101,0.024000
1609059763.415196419,25.969999,2000,101,0.055000
1609059763.487975836,17.291000,2000,100,0.055000
1609059763.512945890,26.698000,2001,101,0.055000
1609059763.513582230,11.567000,2011,102,0.055000
1609059763.537911177,10.940000,2000,102,0.024000
1609059763.538558483,16.423000,2010,100,0.055000
1609059763.562867165,17.034000,2001,100,0.024000
1609059763.563614845,26.504999,2011,101,0.055000
1609059763.587912321,25.997999,2000,101,0.055000
1609059763.588563442,11.545000,2010,102,0.055000
1609059763.612896919,10.880000,2001,102,0.055000
1609059763.613595724,16.618999,2011,100,0.024000
1609059763.662892103,17.240999,2000,100,0.055000
1609059763.687933683,26.712999,2001,101,0.055000
1609059763.688594818,11.631000,2011,102,0.055000
1609059763.712855101,11.033000,2000,102,0.055000
1609059763.713549614,16.330000,2010,100,0.055000
1609059763.737918854,16.976000,2001,100,0.055000
1609059763.738609791,26.466000,2011,101,0.055000
1609059763.762898922,26.004000,2000,101,0.055000
1609059763.763623476,11.600000,2010,102,0.055000
1609059763.787863016,10.969000,2001,102,0.055000
1609059763.788570642,16.575001,2011,100,0.055000
1609059763.837865353,17.181999,2000,100,0.055000
1609059763.862873077,26.726000,2001,101,0.055000
1609059763.863585949,11.717000,2011,102,0.055000
1609059763.887864590,11.091000,2000,102,0.055000
1609059763.888563156,16.280001,2010,100,0.055000
1609059763.912878990,16.929001,2001,100,0.055000
1609059763.913554430,26.542999,2011,101,0.055000
1609059763.937882662,26.027000,2000,101,0.024000
1609059763.938568830,11.691000,2010,102,0.055000
1609059763.962868214,10.982000,2001,102,0.024000
1609059763.963678122,16.565001,2011,100,0.055000
1609059764.012885571,17.191999,2000,100,0.055000
1609059764.013597012,27.165001,2010,101,0.024000
1609059764.037923098,26.732000,2001,101,0.055000
1609059764.038637638,11.772000,2011,102,0.055000
1609059764.063582897,16.240000,2010,100,0.055000
1609059764.087921858,16.893000,2001,100,0.055000
1609059764.088588715,26.511000,2011,101,0.055000
1609059764.112898827,26.039000,2000,101,0.055000
1609059764.113588810,11.696000,2010,102,0.055000
1609059764.138764858,11.070000,2001,102,0.055000
1609059764.139019012,16.496000,2011,100,0.024000
1609059764.187890291,17.156000,2000,100,0.055000
1609059764.212924719,26.753000,2001,101,0.024000
1609059764.213571072,11.808000,2011,102,0.055000
1609059764.238588095,16.212000,2010,100,0.055000
1609059764.262860537,16.855000,2001,100,0.055000
1609059764.263616562,26.575001,2011,101,0.055000
1609059764.287903547,26.011999,2000,101,0.055000
1609059764.288623095,11.766000,2010,102,0.055000
1609059764.312864065,11.112000,2001,102,0.055000
1609059764.313892841,16.459999,2011,100,0.024000
1609059764.362854719,17.128000,2000,100,0.055000
1609059764.387900352,26.794001,2001,101,0.055000
1609059764.388580561,11.849000,2011,102,0.055000
1609059764.413603067,16.176001,2010,100,0.055000
1609059764.437879801,16.827000,2001,100,0.055000
1609059764.438605547,26.575001,2011,101,0.055000
1609059764.462880611,26.058001,2000,101,0.055000
1609059764.463843822,11.810000,2010,102,0.055000
1609059764.487889290,11.066000,2001,102,0.055000
1609059764.488584518,16.441000,2011,100,0.024000
1609059764.537883997,17.103001,2000,100,0.055000
1609059764.562916994,26.771999,2001,101,0.055000
1609059764.563611269,11.837000,2011,102,0.024000
1609059764.588566780,16.160999,2010,100,0.055000
1609059764.612869501,16.812000,2001,100,0.055000
1609059764.613598585,26.577000,2011,101,0.024000
1609059764.637924194,26.055000,2000,101,0.055000
1609059764.638946295,11.790000,2010,102,0.055000
1609059764.662912130,11.121000,2001,102,0.055000
1609059764.663611412,16.426001,2011,100,0.055000
1609059764.737846136,26.757999,2001,101,0.055000
1609059764.738575459,11.866000,2011,102,0.055000
1609059764.762873173,11.302000,2000,102,0.055000
1609059764.763616562,16.148001,2010,100,0.024000
1609059764.787916422,16.830999,2001,100,0.055000
1609059764.788605690,26.577000,2011,101,0.024000
1609059764.812900782,26.059999,2000,101,0.055000
1609059764.813573837,11.852000,2010,102,0.055000
1609059764.837912560,11.176000,2001,102,0.055000
1609059764.838619947,16.417000,2011,100,0.055000
1609059764.887916327,17.047001,2000,100,0.024000
1609059764.912880421,26.747000,2001,101,0.055000
1609059764.913969755,11.876000,2011,102,0.055000
1609059764.938575983,16.139000,2010,100,0.055000
1609059764.987961292,26.052000,2000,101,0.055000
1609059764.988586426,11.852000,2010,102,0.055000
1609059765.012878895,11.112000,2001,102,0.055000
1609059765.013865948,16.409000,2011,100,0.024000
1609059765.062884569,17.083000,2000,100,0.055000
1609059765.063613176,26.965000,2010,101,0.268000
1609059765.087905884,26.782000,2001,101,0.055000
1609059765.088610888,11.884000,2011,102,0.055000
1609059765.112864971,11.320000,2000,102,0.055000
1609059765.113599300,16.138000,2010,100,0.024000
1609059765.137897730,16.785000,2001,100,0.055000
1609059765.138622522,26.568001,2011,101,0.055000
1609059765.162882328,26.063999,2000,101,0.055000
1609059765.163601160,11.851000,2010,102,0.055000
1609059765.187857389,11.101000,2001,102,0.055000
1609059765.188601255,16.416000,2011,100,0.055000
1609059765.237879753,17.076000,2000,100,0.055000
1609059765.238565922,27.041000,2010,101,0.055000
1609059765.262876749,26.740000,2001,101,0.055000
1609059765.263617277,11.889000,2011,102,0.055000
1609059765.287863016,11.320000,2000,102,0.055000
1609059765.288554192,16.136999,2010,100,0.055000
1609059765.312892437,16.783001,2001,100,0.055000
1609059765.313617706,26.573000,2011,101,0.055000
1609059765.337891817,26.023001,2000,101,0.055000
1609059765.338567734,11.852000,2010,102,0.055000
1609059765.362946033,11.104000,2001,102,0.055000
1609059765.363584280,16.416000,2011,100,0.055000
1609059765.412875414,17.084000,2000,100,0.055000
1609059765.437896729,26.792999,2001,101,0.055000
1609059765.438580513,11.905000,2011,102,0.024000
1609059765.463678837,16.138000,2010,100,0.024000
1609059765.487883806,16.827999,2001,100,0.055000
1609059765.488615274,26.582001,2011,101,0.055000
1609059765.512900114,26.104000,2000,101,0.024000
1609059765.513613224,11.833000,2010,102,0.055000
1609059765.537872314,11.082000,2001,102,0.024000
1609059765.538617611,16.420000,2011,100,0.055000
1609059765.587934732,17.087000,2000,100,0.055000
1609059765.588800192,27.208000,2010,101,0.055000
1609059765.612895489,26.806999,2001,101,0.055000
1609059765.613590956,11.855000,2011,102,0.055000
1609059765.638574600,16.146000,2010,100,0.055000
1609059765.662863016,16.826000,2001,100,0.024000
1609059765.663584709,26.605000,2011,101,0.024000
1609059765.687911034,26.082001,2000,101,0.024000
1609059765.689048767,11.822000,2010,102,0.055000
1609059765.712988377,11.064000,2001,102,0.055000
1609059765.714400291,16.421000,2011,100,0.055000
1609059765.762909174,17.052999,2000,100,0.055000
1609059765.787877798,26.806999,2001,101,0.055000
1609059765.788578510,11.825000,2011,102,0.055000
1609059765.812869072,11.212000,2000,102,0.055000
1609059765.813590288,16.162001,2010,100,0.055000
1609059765.837888002,16.799999,2001,100,0.055000
1609059765.838626385,26.615000,2011,101,0.055000
1609059765.862905741,26.120001,2000,101,0.055000
1609059765.864190102,11.719000,2010,102,0.055000
1609059765.887904167,11.078000,2001,102,0.055000
1609059765.888577938,16.420000,2011,100,0.055000
1609059765.937857389,17.061001,2000,100,0.055000
1609059765.962876558,26.872000,2001,101,0.055000
1609059765.963675737,11.798000,2011,102,0.055000
1609059765.987874269,11.182000,2000,102,0.055000
1609059765.989161491,16.221001,2010,100,0.024000
1609059766.012880564,16.813999,2001,100,0.055000
1609059766.013748407,26.663000,2011,101,0.055000
1609059766.037943602,26.079000,2000,101,0.055000
1609059766.038606882,11.731000,2010,102,0.055000
1609059766.062888384,11.087000,2001,102,0.055000
1609059766.063550472,16.416000,2011,100,0.055000
1609059766.113428116,17.059999,2000,100,0.055000
1609059766.137845278,26.885000,2001,101,0.024000
1609059766.138578653,11.768000,2011,102,0.055000
1609059766.162927628,11.094000,2000,102,0.055000
1609059766.163788557,16.152000,2010,100,0.055000
1609059766.187853575,16.811001,2001,100,0.055000
1609059766.212932110,26.167999,2000,101,0.055000
1609059766.213605165,11.742000,2010,102,0.055000
1609059766.237837315,11.041000,2001,102,0.024000
1609059766.238590240,16.414000,2011,100,0.055000
1609059766.287868977,17.034000,2000,100,0.055000
1609059766.312828541,26.938000,2001,101,0.024000
1609059766.313557863,11.818000,2011,102,0.055000
1609059766.337846041,11.104000,2000,102,0.055000
1609059766.338565826,16.131001,2010,100,0.055000
1609059766.362912178,16.799000,2001,100,0.055000
1609059766.363586664,26.767000,2011,101,0.024000
1609059766.387904406,26.274000,2000,101,0.055000
1609059766.412864685,11.070000,2001,102,0.024000
1609059766.413603067,16.388000,2011,100,0.024000
1609059766.462835312,17.054001,2000,100,0.055000
1609059766.487856865,27.037001,2001,101,0.024000
1609059766.488614798,11.774000,2011,102,0.055000
1609059766.512875319,11.114000,2000,102,0.024000
1609059766.513838291,16.146999,2010,100,0.024000
1609059766.537830591,16.768999,2001,100,0.055000
1609059766.538581133,26.865999,2011,101,0.055000
1609059766.562863111,26.372000,2000,101,0.055000
1609059766.563601971,11.742000,2010,102,0.055000
1609059766.587861538,11.044000,2001,102,0.055000
1609059766.588539124,16.348000,2011,100,0.055000
1609059766.637861252,17.009001,2000,100,0.055000
1609059766.638543367,27.577999,2010,101,0.055000
1609059766.662860632,27.177000,2001,101,0.055000
1609059766.663663149,11.766000,2011,102,0.055000
1609059766.687857151,11.179000,2000,102,0.055000
1609059766.688571215,16.037001,2010,100,0.055000
1609059766.713585615,16.681999,2001,100,0.055000
1609059766.713818073,26.959999,2011,101,0.055000
1609059766.737868547,26.479000,2000,101,0.055000
1609059766.812813997,16.943001,2000,100,0.055000
1609059766.813549995,27.716000,2010,101,0.055000
1609059766.837836981,27.247000,2001,101,0.055000
1609059766.838556767,11.793000,2011,102,0.055000
1609059766.863596916,15.961000,2010,100,0.055000
1609059766.887838125,16.660000,2001,100,0.055000
1609059766.888744593,27.065001,2011,101,0.055000
1609059766.912868261,26.577999,2000,101,0.024000
1609059766.913559437,11.745000,2010,102,0.055000
1609059766.937862635,11.139000,2001,102,0.055000
1609059766.938550711,16.188999,2011,100,0.055000
1609059766.987868071,16.858000,2000,100,0.055000
1609059767.012839079,27.372999,2001,101,0.055000
1609059767.013546467,11.864000,2011,102,0.055000
1609059767.037875652,11.276000,2000,102,0.024000
1609059767.062875271,16.559000,2001,100,0.055000
1609059767.063565254,27.184000,2011,101,0.055000
1609059767.087851524,26.712999,2000,101,0.024000
1609059767.112821579,11.222000,2001,102,0.055000
1609059767.113831997,16.046000,2011,100,0.055000
1609059767.162840128,16.739000,2000,100,0.055000
1609059767.187856913,27.488001,2001,101,0.055000
1609059767.188542604,11.950000,2011,102,0.055000
1609059767.212815046,11.391000,2000,102,0.055000
1609059767.213557959,15.775999,2010,100,0.055000
1609059767.237835169,16.392000,2001,100,0.055000
1609059767.238832712,27.323000,2011,101,0.055000
1609059767.262847900,26.844999,2000,101,0.055000
1609059767.263595104,12.022000,2010,102,0.055000
1609059767.287845850,11.304000,2001,102,0.024000
1609059767.288540602,15.940001,2011,100,0.055000
1609059767.337827921,16.584999,2000,100,0.024000
1609059767.362859726,27.629999,2001,101,0.055000
1609059767.363584518,12.088000,2011,102,0.055000
1609059767.387833357,11.417000,2000,102,0.024000
1609059767.388573885,15.632000,2010,100,0.024000
1609059767.412827253,16.281000,2001,100,0.055000
1609059767.413558722,27.468000,2011,101,0.055000
1609059767.437814474,26.981001,2000,101,0.055000
1609059767.438560486,12.151000,2010,102,0.055000
1609059767.462873459,11.474000,2001,102,0.055000
1609059767.463549852,15.799000,2011,100,0.024000
1609059767.512799263,16.438000,2000,100,0.055000
1609059767.513524771,28.353001,2010,101,0.055000
1609059767.537830591,27.750000,2001,101,0.055000
1609059767.538545132,12.216000,2011,102,0.055000
1609059767.563585281,15.533001,2010,100,0.055000
1609059767.587823391,16.181999,2001,100,0.024000
1609059767.612824678,27.080999,2000,101,0.024000
1609059767.613521814,12.288000,2010,102,0.055000
1609059767.637794971,11.567000,2001,102,0.055000
1609059767.638527155,15.656000,2011,100,0.055000
1609059767.687848568,16.299999,2000,100,0.055000
1609059767.712831497,27.844999,2001,101,0.055000
1609059767.713541508,12.340000,2011,102,0.055000
1609059767.762854815,16.058001,2001,100,0.055000
1609059767.763581276,27.681000,2011,101,0.055000
1609059767.787845135,27.191000,2000,101,0.024000
1609059767.788763046,12.405000,2010,102,0.055000
1609059767.812863111,11.727000,2001,102,0.055000
1609059767.813538790,15.538000,2011,100,0.024000
1609059767.862792969,16.186001,2000,100,0.024000
1609059767.887842178,27.917000,2001,101,0.055000
1609059767.888510466,12.445000,2011,102,0.055000
1609059767.913562536,15.261000,2010,100,0.055000
1609059767.937789679,15.943001,2001,100,0.055000
1609059767.938525915,27.695000,2011,101,0.055000
1609059767.962853670,27.232000,2000,101,0.024000
1609059767.963612318,12.488000,2010,102,0.055000
1609059767.987857580,11.801000,2001,102,0.024000
1609059767.988529921,15.441999,2011,100,0.024000
1609059768.037857294,16.094000,2000,100,0.055000
1609059768.062820673,27.952999,2001,101,0.055000
1609059768.063541412,12.574000,2011,102,0.024000
1609059768.087804317,11.954000,2000,102,0.055000
1609059768.088577509,15.176000,2010,100,0.055000
1609059768.112864017,15.846001,2001,100,0.055000
1609059768.113523960,27.761000,2011,101,0.055000
1609059768.137830973,27.246000,2000,101,0.024000
1609059768.138571024,12.596000,2010,102,0.055000
1609059768.162839413,11.934000,2001,102,0.024000
1609059768.163595915,15.360001,2011,100,0.055000
1609059768.212857008,16.017000,2000,100,0.055000
1609059768.213505268,28.615000,2010,101,0.055000
1609059768.237832785,27.947001,2001,101,0.055000
1609059768.238554001,12.669000,2011,102,0.055000
1609059768.287786245,15.747000,2001,100,0.055000
1609059768.288547993,27.756001,2011,101,0.055000
1609059768.312822580,27.221001,2000,101,0.024000
1609059768.313531876,12.729000,2010,102,0.055000
1609059768.337810755,12.025000,2001,102,0.024000
1609059768.338625193,15.351000,2011,100,0.055000
1609059768.387823343,15.934000,2000,100,0.055000
1609059768.388544083,28.332001,2010,101,0.268000
1609059768.412805557,27.910999,2001,101,0.055000
1609059768.413522959,12.738000,2011,102,0.055000
1609059768.437795639,12.164000,2000,102,0.055000
1609059768.438554287,15.038000,2010,100,0.024000
1609059768.462853193,15.674999,2001,100,0.055000
1609059768.463553905,27.729000,2011,101,0.055000
1609059768.487801552,27.195999,2000,101,0.055000
1609059768.488573074,12.799000,2010,102,0.055000
1609059768.512838840,12.064000,2001,102,0.055000
1609059768.513298273,15.278000,2011,100,0.024000
1609059768.562832117,15.903999,2000,100,0.055000
1609059768.587800026,27.862000,2001,101,0.055000
1609059768.588527441,12.860000,2011,102,0.055000
1609059768.612807989,12.276000,2000,102,0.024000
1609059768.613504648,15.009000,2010,100,0.055000
1609059768.637823820,15.686001,2001,100,0.055000
1609059768.638518095,27.695000,2011,101,0.055000
1609059768.662821770,27.193001,2000,101,0.055000
1609059768.663560152,12.864000,2010,102,0.055000
1609059768.687787294,12.118000,2001,102,0.055000
1609059768.688492298,15.263000,2011,100,0.024000
1609059768.737799644,15.966000,2000,100,0.055000
1609059768.738493204,27.980000,2010,101,0.268000
1609059768.762847424,27.808001,2001,101,0.055000
1609059768.763625145,12.891000,2011,102,0.055000
1609059768.787829638,12.319000,2000,102,0.055000
1609059768.788535833,15.006000,2010,100,0.055000
1609059768.812795162,15.681000,2001,100,0.055000
1609059768.813734770,27.601000,2011,101,0.055000
1609059768.837780237,27.094999,2000,101,0.024000
1609059768.838494539,12.871000,2010,102,0.055000
1609059768.862832069,12.193000,2001,102,0.024000
1609059768.863533020,15.274000,2011,100,0.024000
1609059768.912822485,15.938999,2000,100,0.055000
1609059768.913490534,27.982000,2010,101,0.268000
1609059768.937781572,27.738001,2001,101,0.055000
1609059768.938506603,12.983000,2011,102,0.055000
1609059768.963591814,15.022000,2010,100,0.055000
1609059768.987787247,15.704000,2001,100,0.024000
1609059768.988580227,27.493999,2011,101,0.055000
1609059769.012834549,27.014999,2000,101,0.024000
1609059769.037800312,12.156000,2001,102,0.055000
1609059769.038502216,15.323999,2011,100,0.024000
1609059769.087800264,15.997000,2000,100,0.055000
1609059769.088034153,27.856001,2010,101,0.268000
1609059769.112782955,27.681000,2001,101,0.024000
1609059769.113779068,12.936000,2011,102,0.055000
1609059769.137786627,12.323000,2000,102,0.055000
1609059769.138541937,15.076000,2010,100,0.055000
1609059769.162817717,15.761999,2001,100,0.055000
1609059769.163583517,27.471001,2011,101,0.055000
1609059769.187823296,26.924999,2000,101,0.055000
1609059769.188487768,12.844000,2010,102,0.055000
1609059769.212810755,12.200000,2001,102,0.055000
1609059769.213306189,15.386999,2011,100,0.024000
1609059769.262794495,16.069000,2000,100,0.055000
1609059769.263776302,27.982000,2010,101,0.055000
1609059769.287805080,27.586000,2001,101,0.024000
1609059769.288518667,12.885000,2011,102,0.024000
1609059769.312755346,12.286000,2000,102,0.055000
1609059769.313500404,15.141000,2010,100,0.055000
1609059769.337809324,15.791000,2001,100,0.055000
1609059769.338531733,27.375999,2011,101,0.055000
1609059769.362786531,26.841000,2000,101,0.055000
1609059769.363536835,12.827000,2010,102,0.055000
1609059769.387834072,12.112000,2001,102,0.055000
1609059769.388580084,15.455000,2011,100,0.055000
1609059769.437818766,16.132999,2000,100,0.055000
1609059769.438490152,27.913000,2010,101,0.055000
1609059769.462836504,27.500000,2001,101,0.055000
1609059769.463472843,12.831000,2011,102,0.055000
1609059769.487782955,12.253000,2000,102,0.055000
1609059769.488510609,15.189000,2010,100,0.024000
1609059769.512796164,15.893000,2001,100,0.055000
1609059769.513463974,27.323999,2011,101,0.024000
1609059769.537814856,26.775000,2000,101,0.055000
1609059769.538551092,12.785000,2010,102,0.055000
1609059769.562770128,12.031000,2001,102,0.024000
1609059769.563539743,15.514000,2011,100,0.055000
1609059769.612736225,16.167000,2000,100,0.055000
1609059769.613479137,27.844999,2010,101,0.055000
1609059769.637813091,27.458000,2001,101,0.055000
1609059769.638476372,12.780000,2011,102,0.055000
1609059769.662742853,12.219000,2000,102,0.055000
1609059769.663542032,15.252001,2010,100,0.055000
1609059769.687843561,15.948999,2001,100,0.055000
1609059769.688519955,27.271000,2011,101,0.024000
1609059769.712846756,26.694000,2000,101,0.055000
1609059769.713488579,12.732000,2010,102,0.055000
1609059769.737791538,12.012000,2001,102,0.055000
1609059769.738497496,15.562000,2011,100,0.024000
1609059769.787791014,16.209000,2000,100,0.055000
1609059769.788501740,27.822001,2010,101,0.055000
1609059769.812816620,27.420000,2001,101,0.055000
1609059769.813475847,12.756000,2011,102,0.055000
1609059769.837859392,12.152000,2000,102,0.055000
1609059769.838518620,15.304001,2010,100,0.055000
1609059769.862818718,15.999001,2001,100,0.055000
1609059769.863497496,27.232000,2011,101,0.055000
1609059769.887763023,26.677000,2000,101,0.055000
1609059769.888482809,12.677000,2010,102,0.055000
1609059769.912797928,11.931000,2001,102,0.055000
1609059769.913471222,15.610001,2011,100,0.024000
1609059769.962811232,16.284000,2000,100,0.055000
1609059769.963562727,27.813999,2010,101,0.055000
1609059769.987750292,27.427000,2001,101,0.055000
1609059769.988511324,12.696000,2011,102,0.055000
1609059770.013502836,15.343000,2010,100,0.055000
1609059770.037760496,16.003000,2001,100,0.024000
1609059770.038468599,27.224001,2011,101,0.055000
1609059770.062762976,26.697001,2000,101,0.055000
1609059770.063791275,12.590000,2010,102,0.055000
1609059770.087842226,11.949000,2001,102,0.024000
1609059770.088510752,15.643999,2011,100,0.055000
1609059770.137758493,16.283001,2000,100,0.055000
1609059770.138519287,27.650999,2010,101,0.268000
1609059770.162835836,27.408001,2001,101,0.024000
1609059770.163553238,12.614000,2011,102,0.055000
1609059770.187794924,11.986000,2000,102,0.055000
1609059770.188814640,15.433001,2010,100,0.055000
1609059770.212829113,16.084999,2001,100,0.024000
1609059770.213502407,27.228001,2011,101,0.055000
1609059770.237830400,26.695999,2000,101,0.055000
1609059770.238533974,12.566000,2010,102,0.055000
1609059770.262801647,11.812000,2001,102,0.024000
1609059770.263540745,15.681000,2011,100,0.055000
1609059770.312955141,16.194000,2000,100,0.055000
1609059770.313662291,27.834999,2010,101,0.055000
1609059770.337764978,27.424000,2001,101,0.055000
1609059770.338556767,12.548000,2011,102,0.055000
1609059770.362797976,11.927000,2000,102,0.055000
1609059770.363538265,15.458000,2010,100,0.055000
1609059770.387779236,16.117001,2001,100,0.055000
1609059770.388490200,27.228001,2011,101,0.055000
1609059770.412808418,26.715000,2000,101,0.055000
1609059770.413488388,12.464000,2010,102,0.055000
1609059770.437852383,11.784000,2001,102,0.055000
1609059770.438488007,15.714001,2011,100,0.055000
1609059770.487752914,16.271999,2000,100,0.055000
1609059770.488486052,27.815001,2010,101,0.055000
1609059770.512758970,27.434000,2001,101,0.024000
1609059770.513539553,12.490000,2011,102,0.055000
1609059770.538503885,15.457001,2010,100,0.055000
1609059770.562758207,16.118000,2001,100,0.055000
1609059770.563546181,27.216000,2011,101,0.055000
1609059770.587764740,26.725000,2000,101,0.055000
1609059770.588480711,12.437000,2010,102,0.055000
1609059770.612762213,11.677000,2001,102,0.055000
1609059770.613269806,15.747000,2011,100,0.055000
1609059770.662756443,16.381001,2000,100,0.024000
1609059770.687767267,27.441999,2001,101,0.024000
1609059770.688523293,12.433000,2011,102,0.055000
1609059770.712761164,11.751000,2000,102,0.024000
1609059770.713468790,15.493999,2010,100,0.024000
1609059770.737809658,16.125000,2001,100,0.024000
1609059770.738596201,27.274000,2011,101,0.055000
1609059770.762754917,26.754999,2000,101,0.055000
1609059770.763526917,12.372000,2010,102,0.055000
1609059770.787808895,11.651000,2001,102,0.055000
1609059770.788490295,15.764999,2011,100,0.024000
1609059770.837764502,16.381001,2000,100,0.055000
1609059770.838485956,27.729000,2010,101,0.268000
1609059770.862775326,27.476000,2001,101,0.055000
1609059770.863493919,12.351000,2011,102,0.055000
1609059770.887788773,11.741000,2000,102,0.055000
1609059770.888504505,15.538000,2010,100,0.055000
1609059770.912818432,16.197001,2001,100,0.055000
1609059770.913489103,27.306000,2011,101,0.055000
1609059770.937766790,26.805000,2000,101,0.055000
1609059770.938471556,12.299000,2010,102,0.055000
1609059770.962765694,11.575000,2001,102,0.024000
1609059770.963531733,15.782000,2011,100,0.055000
1609059771.012777567,16.475000,2000,100,0.055000
1609059771.037762165,27.521000,2001,101,0.055000
1609059771.038456917,12.281000,2011,102,0.024000
1609059771.062768221,11.690000,2000,102,0.055000
1609059771.063461781,15.552000,2010,100,0.024000
1609059771.087800264,16.224001,2001,100,0.024000
1609059771.088459969,27.330999,2011,101,0.055000
1609059771.112739086,26.837999,2000,101,0.055000
1609059771.113447905,12.248000,2010,102,0.055000
1609059771.137773037,11.557000,2001,102,0.055000
1609059771.138447046,15.797001,2011,100,0.055000
1609059771.187781811,16.489000,2000,100,0.055000
1609059771.212775946,27.568001,2001,101,0.024000
1609059771.213876247,12.204000,2011,102,0.055000
1609059771.237783670,11.661000,2000,102,0.055000
1609059771.238447666,15.549000,2010,100,0.055000
1609059771.262770414,16.177999,2001,100,0.055000
1609059771.263535023,27.386999,2011,101,0.055000
1609059771.287761450,26.889000,2000,101,0.024000
1609059771.288471460,12.195000,2010,102,0.055000
1609059771.312781572,11.575000,2001,102,0.055000
1609059771.313476086,15.780001,2011,100,0.055000
1609059771.362722874,16.462000,2000,100,0.024000
1609059771.387793541,27.636999,2001,101,0.055000
1609059771.388445139,12.242000,2011,102,0.055000
1609059771.437780857,16.229000,2001,100,0.024000
1609059771.438502550,27.443001,2011,101,0.055000
1609059771.462796450,26.959000,2000,101,0.024000
1609059771.463506937,12.256000,2010,102,0.055000
1609059771.487846375,11.551000,2001,102,0.055000
1609059771.488487482,15.730000,2011,100,0.055000
1609059771.537760019,16.408001,2000,100,0.055000
1609059771.562780619,27.705000,2001,101,0.055000
1609059771.563524246,12.264000,2011,102,0.055000
1609059771.587759018,11.673000,2000,102,0.024000
1609059771.588461161,15.464001,2010,100,0.055000
1609059771.612745047,16.131001,2001,100,0.055000
1609059771.613463402,27.527000,2011,101,0.055000
1609059771.637725353,27.035000,2000,101,0.055000
1609059771.638441086,12.307000,2010,102,0.055000
1609059771.662722349,11.614000,2001,102,0.055000
1609059771.663466930,15.664000,2011,100,0.055000
1609059771.712741613,16.334000,2000,100,0.055000
1609059771.737801313,27.750000,2001,101,0.024000
1609059771.738417864,12.322000,2011,102,0.055000
1609059771.762720346,11.732000,2000,102,0.055000
1609059771.763499975,15.409000,2010,100,0.055000
1609059771.787727118,16.062000,2001,100,0.055000
1609059771.788450956,27.601999,2011,101,0.055000
1609059771.812724590,27.072001,2000,101,0.055000
1609059771.813600302,12.373000,2010,102,0.055000
1609059771.837717295,11.726000,2001,102,0.024000
1609059771.838467360,15.586000,2011,100,0.055000
1609059771.887718439,16.252001,2000,100,0.055000
1609059771.912742615,27.841999,2001,101,0.055000
1609059771.914002180,12.398000,2011,102,0.055000
1609059771.962728024,16.027000,2001,100,0.055000
1609059771.963489771,27.648001,2011,101,0.024000
1609059771.987715721,27.141001,2000,101,0.055000
1609059771.988455772,12.413000,2010,102,0.055000
1609059772.012735367,11.741000,2001,102,0.055000
1609059772.013460398,15.538000,2011,100,0.055000
1609059772.062723398,16.163000,2000,100,0.055000
1609059772.087738037,27.851999,2001,101,0.055000
1609059772.088418007,12.458000,2011,102,0.055000
1609059772.112753153,11.766000,2000,102,0.055000
1609059772.113507271,15.319000,2010,100,0.055000
1609059772.137756109,15.962000,2001,100,0.055000
1609059772.138461590,27.641001,2011,101,0.055000
1609059772.162759781,27.097000,2000,101,0.055000
1609059772.163499355,12.380000,2010,102,0.055000
1609059772.187731266,11.844000,2001,102,0.055000
1609059772.188464880,15.514999,2011,100,0.055000
1609059772.237715483,16.149000,2000,100,0.055000
1609059772.238421202,28.118000,2010,101,0.268000
1609059772.262742519,27.841000,2001,101,0.055000
1609059772.263535023,12.435000,2011,102,0.055000
1609059772.287729263,11.885000,2000,102,0.055000
1609059772.288544416,15.285000,2010,100,0.055000
1609059772.312746048,15.891001,2001,100,0.055000
1609059772.313467979,27.610001,2011,101,0.055000
1609059772.337753296,27.100000,2000,101,0.055000
1609059772.338543892,12.450000,2010,102,0.024000
1609059772.362721205,11.859000,2001,102,0.055000
1609059772.363270521,15.549999,2011,100,0.055000
1609059772.412773848,16.173000,2000,100,0.024000
1609059772.413056374,27.639999,2010,101,0.129000
1609059772.437724829,27.850000,2001,101,0.024000
1609059772.438439846,12.435000,2011,102,0.055000
1609059772.462726593,11.870000,2000,102,0.055000
1609059772.463421822,15.232000,2010,100,0.024000
1609059772.488039732,15.914000,2001,100,0.055000
1609059772.488456726,27.545000,2011,101,0.055000
1609059772.512768745,27.055000,2000,101,0.055000
1609059772.513470411,12.518000,2010,102,0.055000
1609059772.537746668,11.885000,2001,102,0.055000
1609059772.538461685,15.535999,2011,100,0.055000
1609059772.587736130,16.159000,2000,100,0.055000
1609059772.588452816,27.740000,2010,101,0.268000
1609059772.612725735,27.795000,2001,101,0.024000
1609059772.613536835,12.496000,2011,102,0.055000
1609059772.638426065,15.236000,2010,100,0.024000
1609059772.662731886,15.893999,2001,100,0.055000
1609059772.663487911,27.464001,2011,101,0.055000
1609059772.687726021,26.997000,2000,101,0.055000
1609059772.688459873,12.567000,2010,102,0.268000
1609059772.712722540,11.882000,2001,102,0.055000
1609059772.713539124,15.534000,2011,100,0.024000
1609059772.762753725,16.090000,2000,100,0.055000
1609059772.763494730,28.104000,2010,101,0.055000
1609059772.787760973,27.750000,2001,101,0.055000
1609059772.812737703,11.909000,2000,102,0.055000
1609059772.813447475,15.230000,2010,100,0.024000
1609059772.837726116,15.849001,2001,100,0.024000
1609059772.838483810,27.396000,2011,101,0.024000
1609059772.862746477,26.924000,2000,101,0.055000
1609059772.863442183,12.590000,2010,102,0.268000
1609059772.887729645,11.986000,2001,102,0.055000
1609059772.888236523,15.612000,2011,100,0.055000
1609059772.937731504,16.215000,2000,100,0.055000
1609059772.938018322,27.750000,2010,101,0.268000
1609059772.962768793,27.655001,2001,101,0.024000
1609059772.963508129,12.640000,2011,102,0.056000
1609059772.987735987,11.918000,2000,102,0.055000
1609059772.988451242,15.245000,2010,100,0.055000
1609059773.012742996,15.851000,2001,100,0.055000
1609059773.014041424,27.309000,2011,101,0.055000
1609059773.037737370,26.858999,2000,101,0.024000
1609059773.038427591,12.508000,2010,102,0.268000
1609059773.062799692,11.930000,2001,102,0.055000
1609059773.063549757,15.652000,2011,100,0.024000
1609059773.112745047,16.260000,2000,100,0.024000
1609059773.113083124,27.617001,2010,101,0.268000
1609059773.137720823,27.610001,2001,101,0.055000
1609059773.162741661,11.897000,2000,102,0.055000
1609059773.163479090,15.278999,2010,100,0.024000
1609059773.187735558,15.902000,2001,100,0.055000
1609059773.188409805,27.224001,2011,101,0.055000
1609059773.212718964,26.809000,2000,101,0.055000
1609059773.213494539,12.632000,2010,102,0.268000
1609059773.237737417,11.972000,2001,102,0.055000
1609059773.238478899,15.750999,2011,100,0.024000
1609059773.287747383,16.238001,2000,100,0.055000
1609059773.288496017,27.681999,2010,101,0.268000
1609059773.312761545,27.570000,2001,101,0.055000
1609059773.313057899,12.054000,2011,102,0.129000
1609059773.337746143,11.828000,2000,102,0.055000
1609059773.338495255,15.305000,2010,100,0.055000
1609059773.362718821,15.924000,2001,100,0.055000
1609059773.363476753,27.150999,2011,101,0.024000
1609059773.387743711,26.747000,2000,101,0.055000
1609059773.388457775,12.586000,2010,102,0.268000
1609059773.412690639,11.930000,2001,102,0.055000
1609059773.413495541,15.860001,2011,100,0.024000
1609059773.462672472,16.278000,2000,100,0.055000
1609059773.463420630,27.665001,2010,101,0.268000
1609059773.487729073,27.507000,2001,101,0.055000
1609059773.512693882,11.798000,2000,102,0.055000
1609059773.513412237,15.363001,2010,100,0.055000
1609059773.537699223,15.916000,2001,100,0.024000
1609059773.538205624,27.032000,2011,101,0.024000
1609059773.562716722,26.681999,2000,101,0.055000
1609059773.587717056,11.935000,2001,102,0.055000
1609059773.588466883,15.933001,2011,100,0.055000
1609059773.637664795,16.386999,2000,100,0.055000
1609059773.637956619,27.408001,2010,101,0.268000
1609059773.662690163,27.521999,2001,101,0.024000
1609059773.662921906,11.556000,2011,102,0.129000
1609059773.687690020,11.703000,2000,102,0.055000
1609059773.688210249,15.440001,2010,100,0.024000
1609059773.712689161,15.947001,2001,100,0.055000
1609059773.713198185,26.993000,2011,101,0.024000
1609059773.737758398,26.624001,2000,101,0.055000
1609059773.738501310,12.538000,2010,102,0.055000
1609059773.762741566,11.957000,2001,102,0.055000
1609059773.763567448,15.969000,2011,100,0.055000
1609059773.812695026,16.531000,2000,100,0.055000
1609059773.812985897,27.393999,2010,101,0.268000
1609059773.837764740,27.495001,2001,101,0.024000
1609059773.838566065,12.322000,2011,102,0.056000
1609059773.862706423,11.678000,2000,102,0.055000
1609059773.863414049,15.459999,2010,100,0.024000
1609059773.887728453,16.021999,2001,100,0.024000
1609059773.888191462,26.941999,2011,101,0.055000
1609059773.912715673,26.600000,2000,101,0.055000
1609059773.937747478,11.873000,2001,102,0.055000
1609059773.938503742,16.044001,2011,100,0.055000
1609059773.987694025,16.615999,2000,100,0.055000
1609059773.987964630,27.030001,2010,101,0.129000
1609059774.012686014,27.480000,2001,101,0.055000
1609059774.012967348,11.586000,2011,102,0.129000
1609059774.037779808,11.582000,2000,102,0.055000
1609059774.038446188,15.500999,2010,100,0.024000
1609059774.062740326,16.049999,2001,100,0.055000
1609059774.063218355,26.884001,2011,101,0.055000
1609059774.087716341,26.628000,2000,101,0.024000
1609059774.088396549,12.404000,2010,102,0.055000
1609059774.112707853,11.836000,2001,102,0.055000
1609059774.113526583,16.073999,2011,100,0.055000
1609059774.162693262,16.639000,2000,100,0.024000
1609059774.163024902,27.323000,2010,101,0.268000
1609059774.187749147,27.448000,2001,101,0.055000
1609059774.188457727,12.369000,2011,102,0.056000
1609059774.212849855,11.501000,2000,102,0.055000
1609059774.213475704,15.514000,2010,100,0.055000
1609059774.237721205,16.025000,2001,100,0.055000
1609059774.238478661,26.861000,2011,101,0.055000
1609059774.262725115,26.576000,2000,101,0.055000
1609059774.263452053,12.386000,2010,102,0.055000
1609059774.287701845,11.838000,2001,102,0.055000
1609059774.288472652,16.166000,2011,100,0.055000
1609059774.337679386,16.681000,2000,100,0.055000
1609059774.338384628,27.617001,2010,101,0.055000
1609059774.362679720,27.436001,2001,101,0.055000
1609059774.363430977,12.296000,2011,102,0.056000
1609059774.387708902,11.457000,2000,102,0.055000
1609059774.388448477,15.656000,2010,100,0.055000
1609059774.412745237,16.063999,2001,100,0.055000
1609059774.413180590,26.812000,2011,101,0.055000
1609059774.437685966,26.613001,2000,101,0.055000
1609059774.438534498,12.333000,2010,102,0.055000
1609059774.462691784,11.793000,2001,102,0.055000
1609059774.463459253,16.214001,2011,100,0.055000
1609059774.512706518,16.753000,2000,100,0.055000
1609059774.513393164,27.563000,2010,101,0.055000
1609059774.537702084,27.506001,2001,101,0.055000
1609059774.538414001,12.292000,2011,102,0.055000
1609059774.562700987,11.384000,2000,102,0.055000
1609059774.563557625,15.687000,2010,100,0.055000
1609059774.587699890,16.055000,2001,100,0.055000
1609059774.588458776,26.900999,2011,101,0.024000
1609059774.612740993,26.667999,2000,101,0.055000
1609059774.613382578,12.292000,2010,102,0.055000
1609059774.637732029,11.677000,2001,102,0.055000
1609059774.638653040,16.219999,2011,100,0.055000
1609059774.687707186,16.785999,2000,100,0.055000
1609059774.688367844,27.709000,2010,101,0.055000
1609059774.712731361,27.563000,2001,101,0.055000
1609059774.713036776,11.531000,2011,102,0.129000
1609059774.737743855,11.260000,2000,102,0.055000
1609059774.738496065,15.719000,2010,100,0.055000
1609059774.762723684,16.146999,2001,100,0.055000
1609059774.763556719,27.104000,2011,101,0.055000
1609059774.787686586,26.672001,2000,101,0.055000
1609059774.788419485,12.303000,2010,102,0.055000
1609059774.812725306,11.717000,2001,102,0.055000
1609059774.813476801,16.304001,2011,100,0.055000
1609059774.862686157,16.784000,2000,100,0.055000
1609059774.863397121,27.686001,2010,101,0.055000
1609059774.887712002,27.601999,2001,101,0.055000
1609059774.888406515,11.912000,2011,102,0.055000
1609059774.912697315,11.240000,2000,102,0.055000
1609059774.913512945,15.715000,2010,100,0.024000
1609059774.937688112,16.115000,2001,100,0.055000
1609059774.938463449,26.892000,2011,101,0.055000
1609059774.962692976,26.695000,2000,101,0.055000
1609059774.963496923,12.260000,2010,102,0.024000
1609059774.987724781,11.617000,2001,102,0.055000
1609059774.988504410,16.316999,2011,100,0.055000
1609059775.037694693,16.799999,2000,100,0.055000
1609059775.038393021,27.150000,2010,101,0.268000
1609059775.062711000,27.658001,2001,101,0.055000
1609059775.063447237,11.914000,2011,102,0.024000
1609059775.087691545,11.187000,2000,102,0.055000
1609059775.088217258,15.694000,2010,100,0.055000
1609059775.112711191,16.150999,2001,100,0.055000
1609059775.113956690,26.854000,2011,101,0.055000
1609059775.137708664,26.731001,2000,101,0.055000
1609059775.138409376,12.220000,2010,102,0.055000
1609059775.162715912,11.643000,2001,102,0.055000
1609059775.163527012,16.362000,2011,100,0.055000
1609059775.212658167,16.857000,2000,100,0.055000
1609059775.213398933,27.615000,2010,101,0.055000
1609059775.237706900,27.701000,2001,101,0.055000
1609059775.238389015,11.773000,2011,102,0.055000
1609059775.262709379,11.151000,2000,102,0.055000
1609059775.263533115,15.792000,2010,100,0.055000
1609059775.287658930,16.143999,2001,100,0.055000
1609059775.288182259,26.823000,2011,101,0.055000
1609059775.312689781,26.766001,2000,101,0.055000
1609059775.313695192,12.193000,2010,102,0.055000
1609059775.337687969,11.613000,2001,102,0.055000
1609059775.338494062,16.438999,2011,100,0.024000
1609059775.387666941,16.872000,2000,100,0.024000
1609059775.388406992,27.695000,2010,101,0.055000
1609059775.412239790,27.239000,2001,101,0.268000
1609059775.413387775,11.746000,2011,102,0.055000
1609059775.437690735,11.109000,2000,102,0.055000
1609059775.438470602,15.802000,2010,100,0.024000
1609059775.462685823,16.122999,2001,100,0.055000
1609059775.463455439,26.905001,2011,101,0.055000
1609059775.487675667,26.848000,2000,101,0.055000
1609059775.488382816,12.185000,2010,102,0.055000
1609059775.512918234,11.629000,2001,102,0.055000
1609059775.513446331,16.462000,2011,100,0.055000
1609059775.562645435,16.804001,2000,100,0.055000
1609059775.563199520,27.280001,2010,101,0.268000
1609059775.587230682,27.337999,2001,101,0.268000
1609059775.588391066,11.706000,2011,102,0.055000
1609059775.612650156,11.034000,2000,102,0.055000
1609059775.613406658,15.768000,2010,100,0.055000
1609059775.637675285,16.091999,2001,100,0.055000
1609059775.638379574,26.909000,2011,101,0.055000
1609059775.662727594,26.896000,2000,101,0.055000
1609059775.663450480,12.145000,2010,102,0.055000
1609059775.687661648,11.646000,2001,102,0.055000
1609059775.688415289,16.561001,2011,100,0.024000
1609059775.737642765,16.868000,2000,100,0.055000
1609059775.738408089,27.771000,2010,101,0.055000
1609059775.762700558,27.723000,2001,101,0.055000
1609059775.763449907,11.637000,2011,102,0.055000
1609059775.787655115,11.066000,2000,102,0.055000
1609059775.788393974,15.773001,2010,100,0.055000
1609059775.812674761,16.023001,2001,100,0.055000
1609059775.813405275,27.146999,2011,101,0.055000
1609059775.837704420,26.927000,2000,101,0.055000
1609059775.838389874,12.153000,2010,102,0.055000
1609059775.862458229,11.720000,2001,102,0.055000
1609059775.863453150,16.591999,2011,100,0.055000
1609059775.912250519,16.466000,2000,100,0.268000
1609059775.913215876,27.715000,2010,101,0.055000
1609059775.937203169,27.362000,2001,101,0.268000
1609059775.938421249,11.591000,2011,102,0.055000
1609059775.962681532,11.056000,2000,102,0.024000
1609059775.963541746,15.771000,2010,100,0.055000
1609059775.987745762,15.973000,2001,100,0.024000
1609059775.988439322,26.846001,2011,101,0.055000
1609059776.012679338,26.959999,2000,101,0.055000
1609059776.013403654,12.149000,2010,102,0.055000
1609059776.037688017,11.752000,2001,102,0.055000
1609059776.038464546,16.584999,2011,100,0.055000
1609059776.087696314,16.827999,2000,100,0.055000
1609059776.088358879,27.618000,2010,101,0.055000
1609059776.112293005,27.124001,2001,101,0.129000
1609059776.113452673,11.639000,2011,102,0.055000
1609059776.137664795,11.059000,2000,102,0.024000
1609059776.138557673,15.738001,2010,100,0.055000
1609059776.162683010,15.924000,2001,100,0.055000
1609059776.163517714,27.079000,2011,101,0.055000
1609059776.187673807,27.004999,2000,101,0.055000
1609059776.188020706,11.882000,2010,102,0.268000
1609059776.212644577,11.798000,2001,102,0.055000
1609059776.213456392,16.607000,2011,100,0.055000
1609059776.262638569,16.735001,2000,100,0.055000
1609059776.263454676,27.597000,2010,101,0.055000
1609059776.287230492,27.382999,2001,101,0.268000
1609059776.288438082,11.560000,2011,102,0.055000
1609059776.312687159,11.025000,2000,102,0.055000
1609059776.313418388,15.785999,2010,100,0.024000
1609059776.337694168,15.888000,2001,100,0.055000
1609059776.338433504,26.879999,2011,101,0.055000
1609059776.362705946,27.052999,2000,101,0.024000
1609059776.363427639,12.152000,2010,102,0.055000
1609059776.387665749,11.838000,2001,102,0.055000
1609059776.387934685,16.157000,2011,100,0.268000
1609059776.437628031,16.746000,2000,100,0.024000
1609059776.438412428,27.611000,2010,101,0.055000
1609059776.462285757,27.378000,2001,101,0.268000
1609059776.463471889,11.532000,2011,102,0.055000
1609059776.487643719,11.078000,2000,102,0.055000
1609059776.488359213,15.784000,2010,100,0.055000
1609059776.512676239,15.833000,2001,100,0.024000
1609059776.513684750,27.087999,2011,101,0.055000
1609059776.537662506,27.080999,2000,101,0.024000
1609059776.537914515,11.881000,2010,102,0.268000
1609059776.562223673,11.531000,2001,102,0.268000
1609059776.563196659,16.520000,2011,100,0.055000
1609059776.612648726,16.715000,2000,100,0.055000
1609059776.613425732,27.802999,2010,101,0.055000
1609059776.637232780,27.142000,2001,101,0.129000
1609059776.638469934,11.543000,2011,102,0.055000
1609059776.662485123,11.086000,2000,102,0.055000
1609059776.663453817,15.820999,2010,100,0.055000
1609059776.687663794,15.754999,2001,100,0.055000
1609059776.688431978,27.098000,2011,101,0.055000
1609059776.712655544,27.171000,2000,101,0.055000
1609059776.712944031,11.823000,2010,102,0.268000
1609059776.737707376,11.934000,2001,102,0.055000
1609059776.738645077,16.605000,2011,100,0.055000
1609059776.787656784,16.671000,2000,100,0.024000
1609059776.788447857,27.791000,2010,101,0.024000
1609059776.812203407,27.486000,2001,101,0.268000
1609059776.813433409,11.483000,2011,102,0.024000
1609059776.837678909,11.122000,2000,102,0.024000
1609059776.838494539,15.737000,2010,100,0.055000
1609059776.862674475,15.733000,2001,100,0.055000
1609059776.863579512,26.881001,2011,101,0.055000
1609059776.887670040,27.246000,2000,101,0.024000
1609059776.887924433,11.846000,2010,102,0.268000
1609059776.912931442,11.973000,2001,102,0.055000
1609059776.913433552,16.645000,2011,100,0.055000
1609059776.962641001,16.653000,2000,100,0.055000
1609059776.963463068,27.815001,2010,101,0.055000
1609059776.987674713,28.009001,2001,101,0.055000
1609059776.988451004,11.551000,2011,102,0.055000
1609059777.012483597,11.158000,2000,102,0.055000
1609059777.013389111,15.730000,2010,100,0.055000
1609059777.037714720,15.676001,2001,100,0.055000
1609059777.038164139,26.862000,2011,101,0.055000
1609059777.062646151,27.306999,2000,101,0.055000
1609059777.063434362,12.280000,2010,102,0.055000
1609059777.087652922,12.072000,2001,102,0.055000
1609059777.088341951,16.593000,2011,100,0.055000
1609059777.137656450,16.558001,2000,100,0.055000
1609059777.138444901,27.736000,2010,101,0.055000
1609059777.162640572,27.968000,2001,101,0.055000
1609059777.163473368,11.470000,2011,102,0.055000
1609059777.187632799,11.200000,2000,102,0.055000
1609059777.188469172,15.766001,2010,100,0.024000
1609059777.212663651,15.621000,2001,100,0.024000
1609059777.213363171,26.926001,2011,101,0.055000
1609059777.237656593,27.378000,2000,101,0.024000
1609059777.237892151,11.872000,2010,102,0.268000
1609059777.262620926,12.136000,2001,102,0.055000
1609059777.262938976,16.222000,2011,100,0.268000
1609059777.312625885,16.504000,2000,100,0.055000
1609059777.313405991,27.615000,2010,101,0.055000
1609059777.337198496,27.777000,2001,101,0.268000
1609059777.338413954,11.508000,2011,102,0.024000
1609059777.362728596,11.339000,2000,102,0.055000
1609059777.363499880,15.712000,2010,100,0.024000
1609059777.387667656,15.531000,2001,100,0.055000
1609059777.388372660,26.920000,2011,101,0.055000
1609059777.412674427,27.445000,2000,101,0.055000
1609059777.413044214,11.731000,2010,102,0.268000
1609059777.437632799,12.192000,2001,102,0.055000
1609059777.438527584,16.599001,2011,100,0.055000
1609059777.487623453,16.440001,2000,100,0.055000
1609059777.488314629,27.499001,2010,101,0.055000
1609059777.512658119,28.025000,2001,101,0.055000
1609059777.513694763,11.565000,2011,102,0.055000
1609059777.537670374,11.308000,2000,102,0.055000
1609059777.538481951,15.740000,2010,100,0.024000
1609059777.562653065,15.473000,2001,100,0.055000
1609059777.563365698,26.995001,2011,101,0.055000
1609059777.587646961,27.510000,2000,101,0.055000
1609059777.587989330,11.905000,2010,102,0.268000
1609059777.612217188,11.821000,2001,102,0.268000
1609059777.613339901,16.568001,2011,100,0.055000
1609059777.662713051,16.316999,2000,100,0.055000
1609059777.663397312,27.579000,2010,101,0.055000
1609059777.687173605,27.891001,2001,101,0.268000
1609059777.688438177,11.542000,2011,102,0.055000
1609059777.712612152,11.374000,2000,102,0.055000
1609059777.713762760,15.726999,2010,100,0.055000
1609059777.737587929,15.413000,2001,100,0.055000
1609059777.738367796,27.011999,2011,101,0.024000
1609059777.762653112,27.591999,2000,101,0.055000
1609059777.762938261,11.474000,2010,102,0.129000
1609059777.787636757,12.321000,2001,102,0.024000
1609059777.788346529,16.461000,2011,100,0.055000
1609059777.837688208,16.290001,2000,100,0.055000
1609059777.838403225,27.559999,2010,101,0.055000
1609059777.862657309,28.059999,2001,101,0.055000
1609059777.863549709,11.522000,2011,102,0.024000
1609059777.887650967,11.445000,2000,102,0.024000
1609059777.888124228,15.704000,2010,100,0.055000
1609059777.912636042,15.350000,2001,100,0.055000
1609059777.913391590,27.099001,2011,101,0.055000
1609059777.937671900,27.639000,2000,101,0.055000
1609059777.937937737,11.866000,2010,102,0.268000
1609059777.962629318,12.396000,2001,102,0.055000
1609059777.963369846,16.497000,2011,100,0.055000
1609059778.012628317,16.162001,2000,100,0.055000
1609059778.013347149,27.607000,2010,101,0.055000
1609059778.037671804,28.177999,2001,101,0.055000
1609059778.038597584,11.509000,2011,102,0.055000
1609059778.062661171,11.534000,2000,102,0.055000
1609059778.063143969,15.681999,2010,100,0.024000
1609059778.087604523,15.319000,2001,100,0.055000
1609059778.088342905,27.121000,2011,101,0.055000
1609059778.112620592,27.687000,2000,101,0.055000
1609059778.113395452,12.344000,2010,102,0.055000
1609059778.137635469,12.465000,2001,102,0.055000
1609059778.138353348,16.414000,2011,100,0.055000
1609059778.187616587,16.073000,2000,100,0.055000
1609059778.188355684,27.562000,2010,101,0.055000
1609059778.212649107,28.184999,2001,101,0.055000
1609059778.213371277,11.623000,2011,102,0.055000
1609059778.237662315,11.618000,2000,102,0.055000
1609059778.238336563,15.645000,2010,100,0.055000
1609059778.262608767,15.245000,2001,100,0.055000
1609059778.287677765,27.864000,2000,101,0.055000
1609059778.287906170,11.933000,2010,102,0.268000
1609059778.312206268,11.985000,2001,102,0.268000
1609059778.313359261,16.406000,2011,100,0.268000
1609059778.362369537,16.014999,2000,100,0.055000
1609059778.363394260,27.669001,2010,101,0.055000
1609059778.387623310,28.264000,2001,101,0.055000
1609059778.388405800,11.711000,2011,102,0.055000
1609059778.412741661,11.737000,2000,102,0.055000
1609059778.413558960,15.563999,2010,100,0.055000
1609059778.437606812,15.175000,2001,100,0.055000
1609059778.438338280,27.264000,2011,101,0.055000
1609059778.462669849,27.910000,2000,101,0.055000
1609059778.463394165,12.425000,2010,102,0.055000
1609059778.487160921,12.188000,2001,102,0.268000
1609059778.487870455,15.834999,2011,100,0.268000
1609059778.537580729,15.954000,2000,100,0.024000
1609059778.538314819,27.671000,2010,101,0.055000
1609059778.562635422,28.283001,2001,101,0.055000
1609059778.563512564,11.729000,2011,102,0.055000
1609059778.587594271,11.827000,2000,102,0.055000
1609059778.588289261,15.569000,2010,100,0.055000
1609059778.612560272,15.073000,2001,100,0.055000
1609059778.613327980,27.219000,2011,101,0.055000
1609059778.637645006,27.993000,2000,101,0.024000
1609059778.638432741,12.536000,2010,102,0.024000
1609059778.662230492,12.219000,2001,102,0.268000
1609059778.663356304,16.191999,2011,100,0.055000
1609059778.712586880,15.841000,2000,100,0.055000
1609059778.713340759,27.705000,2010,101,0.055000
1609059778.737663269,28.355000,2001,101,0.055000
1609059778.738388300,11.821000,2011,102,0.055000
1609059778.762635708,11.912000,2000,102,0.055000
1609059778.763413191,15.488001,2010,100,0.024000
1609059778.787561655,15.001000,2001,100,0.055000
1609059778.812622547,28.056999,2000,101,0.055000
1609059778.813364744,12.542000,2010,102,0.055000
1609059778.837636232,12.784000,2001,102,0.055000
1609059778.838330269,16.157000,2011,100,0.024000
1609059778.887583017,15.759001,2000,100,0.055000
1609059778.888357639,27.740999,2010,101,0.024000
1609059778.912606478,28.419001,2001,101,0.055000
1609059778.913389444,11.882000,2011,102,0.024000
1609059778.937601089,12.014000,2000,102,0.055000
1609059778.938440323,15.447001,2010,100,0.055000
1609059778.962587118,14.928000,2001,100,0.055000
1609059778.963372231,27.523001,2011,101,0.055000
1609059778.987602234,28.181999,2000,101,0.056000
1609059778.988382339,12.589000,2010,102,0.055000
1609059779.012615204,12.871000,2001,102,0.055000
1609059779.012924671,15.768000,2011,100,0.268000
1609059779.062615156,15.625000,2000,100,0.024000
1609059779.063327789,27.818001,2010,101,0.055000
1609059779.087625265,28.386000,2001,101,0.055000
1609059779.088370562,11.921000,2011,102,0.024000
1609059779.117193699,12.129000,2000,102,0.055000
1609059779.117410660,15.437000,2010,100,0.055000
1609059779.137643099,14.882000,2001,100,0.055000
1609059779.137858152,27.631001,2011,101,0.268000
1609059779.162655354,28.237000,2000,101,0.056000
1609059779.163400888,12.574000,2010,102,0.055000
1609059779.187590122,12.959000,2001,102,0.055000
1609059779.188310385,15.934000,2011,100,0.055000
1609059779.237603903,15.518000,2000,100,0.055000
1609059779.238316298,27.823999,2010,101,0.055000
1609059779.262620926,28.506001,2001,101,0.056000
1609059779.263361931,11.996000,2011,102,0.055000
1609059779.287656784,12.243000,2000,102,0.055000
1609059779.288404942,15.334000,2010,100,0.055000
1609059779.337632895,28.395000,2000,101,0.056000
1609059779.338437080,12.708000,2010,102,0.055000
1609059779.362172365,12.621000,2001,102,0.268000
1609059779.363346815,15.878000,2011,100,0.024000
1609059779.412567377,15.389000,2000,100,0.055000
1609059779.413325071,27.872999,2010,101,0.055000
1609059779.437646151,29.018999,2001,101,0.056000
1609059779.438433886,11.995000,2011,102,0.055000
1609059779.462612629,12.365000,2000,102,0.024000
1609059779.463278770,15.275000,2010,100,0.055000
1609059779.487596750,14.714000,2001,100,0.024000
1609059779.512583971,28.070999,2000,101,0.268000
1609059779.537612677,13.111000,2001,102,0.055000
1609059779.538729906,15.778999,2011,100,0.055000
1609059779.587542534,15.271999,2000,100,0.024000
1609059779.588304758,27.937000,2010,101,0.055000
1609059779.613114357,12.088000,2011,102,0.055000
1609059779.637616158,12.472000,2000,102,0.055000
1609059779.638339281,15.200000,2010,100,0.055000
1609059779.663316965,27.937000,2011,101,0.055000
1609059779.687151432,28.281000,2000,101,10.536000
1609059779.688369036,12.981000,2010,102,0.024000
1609059779.712322235,12.879000,2001,102,0.268000
1609059779.713284016,15.684000,2011,100,0.055000
1609059779.762598515,15.136000,2000,100,0.055000
1609059779.763368130,28.045000,2010,101,0.055000
1609059779.787728548,28.971001,2001,101,0.056000
1609059779.788362265,12.264000,2011,102,0.055000
1609059779.812603474,12.579000,2000,102,0.055000
1609059779.813355923,15.103000,2010,100,0.055000
1609059779.837568521,14.525000,2001,100,0.055000
1609059779.862602949,28.552000,2000,101,10.536000
1609059779.863363981,13.042000,2010,102,0.055000
1609059779.887591124,13.342000,2001,102,0.055000
1609059779.888341427,15.584000,2011,100,0.055000
1609059779.937585831,15.037000,2000,100,0.055000
1609059779.938345194,28.087999,2010,101,0.024000
1609059779.962654352,29.025999,2001,101,0.056000
1609059779.963389874,12.328000,2011,102,0.024000
1609059779.987611771,12.649000,2000,102,0.055000
1609059779.988294363,15.040000,2010,100,0.055000
1609059780.012588501,14.421000,2001,100,0.055000
1609059780.038388729,13.047000,2010,102,0.055000
1609059780.062573910,13.448000,2001,102,0.024000
1609059780.063329220,15.483999,2011,100,0.055000
1609059780.112551451,14.957000,2000,100,0.055000
1609059780.137640238,28.895000,2001,101,0.056000
1609059780.138350248,12.425000,2011,102,0.055000
1609059780.162618876,12.799000,2000,102,0.024000
1609059780.163353205,14.930000,2010,100,0.055000
1609059780.187582731,14.326000,2001,100,0.055000
1609059780.212609768,28.934999,2000,101,0.056000
1609059780.237609863,13.522000,2001,102,0.055000
1609059780.238339663,15.382999,2011,100,0.024000
1609059780.287530899,14.832000,2000,100,0.024000
1609059780.288317442,28.271999,2010,101,0.055000
1609059780.312609673,29.205000,2001,101,0.056000
1609059780.313380718,12.570000,2011,102,0.024000
1609059780.337576151,12.932000,2000,102,0.055000
1609059780.338343143,14.882000,2010,100,0.055000
1609059780.363389254,28.604000,2011,101,0.055000
1609059780.387176037,28.528000,2000,101,10.536000
1609059780.388575315,13.265000,2010,102,0.055000
1609059780.412625313,13.624000,2001,102,0.055000
1609059780.413278341,15.301001,2011,100,0.055000
1609059780.463369846,14.706000,2000,100,0.055000
1609059780.463557720,28.333000,2010,101,0.268000
1609059780.487594366,29.344999,2001,101,0.055000
1609059780.488096952,12.543000,2011,102,0.055000
1609059780.513030529,13.063000,2000,102,0.055000
1609059780.513414145,14.753000,2010,100,0.055000
1609059780.537667990,14.131000,2001,100,0.024000
1609059780.538301468,28.347000,2011,101,0.024000
1609059780.562092066,29.280001,2000,101,0.268000
1609059780.563405991,13.277000,2010,102,0.055000
1609059780.588288069,15.077000,2011,100,0.055000
1609059780.637561321,14.539000,2000,100,0.055000
1609059780.638215065,28.459999,2010,101,0.268000
1609059780.662616491,29.360001,2001,101,0.055000
1609059780.663062811,12.728000,2011,102,0.024000
1609059780.687576771,13.213000,2000,102,0.055000
1609059780.688324451,14.650000,2010,100,0.055000
1609059780.712632179,14.488000,2001,100,0.055000
1609059780.737650871,29.476000,2000,101,10.536000
1609059780.738342047,13.465000,2010,102,0.055000
1609059780.762579918,13.815000,2001,102,0.055000
1609059780.763342381,15.392000,2011,100,0.024000
1609059780.812612772,14.446000,2000,100,0.055000
1609059780.837575436,29.180000,2001,101,0.055000
1609059780.838305950,12.854000,2011,102,0.055000
1609059780.862586260,13.311000,2000,102,0.055000
1609059780.863312721,15.066000,2010,100,0.055000
1609059780.887546778,13.876000,2001,100,0.055000
1609059780.888323069,28.379000,2011,101,0.055000
1609059780.912652016,28.907000,2000,101,10.536000
1609059780.913363695,13.594000,2010,102,0.055000
1609059780.937136412,13.606000,2001,102,0.268000
1609059780.938316822,14.879000,2011,100,0.055000
1609059780.987546921,14.320000,2000,100,0.055000
1609059781.012617111,29.261999,2001,101,0.055000
1609059781.013310194,12.990000,2011,102,0.055000
1609059781.037606239,13.479000,2000,102,0.055000
1609059781.038320065,14.419000,2010,100,0.055000
1609059781.063286543,28.509001,2011,101,0.055000
1609059781.087599277,29.834999,2000,101,0.056000
1609059781.088319063,13.733000,2010,102,0.055000
1609059781.112555981,14.090000,2001,102,0.055000
1609059781.113281965,14.788000,2011,100,0.055000
1609059781.162508965,14.188000,2000,100,0.055000
1609059781.187555313,29.643999,2001,101,0.055000
1609059781.188087702,13.166000,2011,102,0.055000
1609059781.212579727,13.610000,2000,102,0.024000
1609059781.213843107,14.299000,2010,100,0.056000
1609059781.262596369,29.903999,2000,101,0.056000
1609059781.263353109,13.873000,2010,102,0.055000
1609059781.288291693,14.663000,2011,100,0.055000
1609059781.337548256,14.023000,2000,100,0.055000
1609059781.362537622,29.365000,2001,101,0.055000
1609059781.363163710,13.260000,2011,102,0.055000
1609059781.387611151,13.715000,2000,102,0.055000
1609059781.388300180,14.175000,2010,100,0.024000
1609059781.437583685,29.691999,2000,101,0.056000
1609059781.462636948,14.447000,2001,102,0.055000
1609059781.463755608,14.980000,2011,100,0.055000
1609059781.512597322,13.921000,2000,100,0.055000
1609059781.513507843,28.823999,2010,101,0.055000
1609059781.537604332,29.542000,2001,101,0.055000
1609059781.538264275,13.373000,2011,102,0.055000
1609059781.562594891,13.893000,2000,102,0.024000
1609059781.563338280,14.052000,2010,100,0.055000
1609059781.587618113,13.812000,2001,100,0.055000
1609059781.588299274,28.836000,2011,101,0.055000
1609059781.612643242,30.068001,2000,101,0.056000
1609059781.613318205,14.201000,2010,102,0.055000
1609059781.637581348,14.591000,2001,102,0.055000
1609059781.638298750,14.426000,2011,100,0.055000
1609059781.687528133,13.744000,2000,100,0.055000
1609059781.712568760,29.632000,2001,101,0.055000
1609059781.713027954,13.551000,2011,102,0.024000
1609059781.737554789,14.002000,2000,102,0.024000
1609059781.738765478,13.924000,2010,100,0.024000
1609059781.762557983,13.210000,2001,100,0.268000
1609059781.787616491,30.141001,2000,101,0.056000
1609059781.788309097,14.256000,2010,102,0.055000
1609059781.812117815,14.320000,2001,102,0.268000
1609059781.813292503,14.256000,2011,100,0.055000
1609059781.862510443,13.622000,2000,100,0.055000
1609059781.887530088,29.624001,2001,101,0.055000
1609059781.912552118,14.181000,2000,102,0.055000
1609059781.913270950,13.822000,2010,100,0.055000
1609059781.938254356,28.980000,2011,101,0.268000
1609059781.962619781,30.264000,2000,101,0.056000
1609059781.963348389,14.441000,2010,102,0.055000
1609059781.988305807,14.126000,2011,100,0.055000
1609059782.037543058,13.515000,2000,100,0.055000
1609059782.037838697,28.934999,2010,101,0.268000
1609059782.062561274,29.746000,2001,101,0.055000
1609059782.063224554,13.828000,2011,102,0.055000
1609059782.087542057,14.331000,2000,102,0.055000
1609059782.088294983,13.695000,2010,100,0.055000
1609059782.112547874,13.047000,2001,100,0.268000
1609059782.113928556,28.909000,2011,101,0.055000
1609059782.137591124,29.781000,2000,101,10.536000
1609059782.138295889,14.577000,2010,102,0.024000
1609059782.163299561,14.006000,2011,100,0.055000
1609059782.212554693,13.357000,2000,100,0.024000
1609059782.237568140,29.865000,2001,101,0.024000
1609059782.238047838,14.008000,2011,102,0.055000
1609059782.262578011,14.465000,2000,102,0.055000
1609059782.263320446,13.576000,2010,100,0.024000
1609059782.287545919,12.909000,2001,100,0.268000
1609059782.288263559,29.166000,2011,101,0.055000
1609059782.313324213,14.718000,2010,102,0.055000
1609059782.337549448,15.113000,2001,102,0.055000
1609059782.338292360,13.887000,2011,100,0.055000
1609059782.387524843,13.276000,2000,100,0.055000
1609059782.388274670,29.216999,2010,101,0.056000
1609059782.412530661,30.150000,2001,101,0.055000
1609059782.413251877,14.104000,2011,102,0.024000
1609059782.462079763,13.201000,2001,100,0.268000
1609059782.463215351,29.221001,2011,101,0.056000
1609059782.487557411,30.481001,2000,101,0.056000
1609059782.488304615,14.845000,2010,102,0.055000
1609059782.513271809,13.765000,2011,100,0.055000
1609059782.562571526,13.156000,2000,100,0.024000
1609059782.587556601,29.996000,2001,101,0.055000
1609059782.612565994,14.719000,2000,102,0.055000
1609059782.613297462,13.357000,2010,100,0.055000
1609059782.637548208,12.660000,2001,100,0.056000
1609059782.638251543,29.292000,2011,101,0.055000
1609059782.662555218,30.593000,2000,101,0.056000
1609059782.663284302,14.935000,2010,102,0.055000
1609059782.687054873,14.928000,2001,102,0.268000
1609059782.688238621,13.659000,2011,100,0.055000
1609059782.737490416,13.013000,2000,100,0.055000
1609059782.762534618,30.309999,2001,101,0.055000
1609059782.787552118,14.798000,2000,102,0.055000
1609059782.788265705,13.251000,2010,100,0.055000
1609059782.813238621,29.458000,2011,101,0.055000
1609059782.863215446,13.558000,2011,100,0.055000
1609059782.912536383,12.940000,2000,100,0.055000
1609059782.913271427,29.480000,2010,101,0.055000
1609059782.937495708,30.414000,2001,101,0.055000
1609059782.938264847,14.462000,2011,102,0.055000
1609059782.962506294,14.873000,2000,102,0.055000
1609059782.963290691,13.153000,2010,100,0.055000
1609059782.987510681,12.967000,2001,100,0.055000
1609059782.988245964,29.441999,2011,101,0.056000
1609059783.012563705,30.532000,2000,101,10.536000
1609059783.013559103,15.191000,2010,102,0.055000
1609059783.038312912,13.459000,2011,100,0.055000
1609059783.087522030,12.811000,2000,100,0.055000
1609059783.112532377,30.504000,2001,101,0.055000
1609059783.113233805,14.568000,2011,102,0.024000
1609059783.137556314,15.015000,2000,102,0.055000
1609059783.138290405,13.074000,2010,100,0.055000
1609059783.162108898,12.241000,2001,100,0.129000
1609059783.163313150,29.568001,2011,101,0.268000
1609059783.187090397,30.326000,2000,101,10.536000
1609059783.188294172,15.299000,2010,102,0.024000
1609059783.212943316,15.691000,2001,102,0.055000
1609059783.213276625,13.328000,2011,100,0.055000
1609059783.262499809,12.719000,2000,100,0.055000
1609059783.263319016,29.658001,2010,101,0.056000
1609059783.287550926,30.408001,2001,101,0.055000
1609059783.288259745,14.639000,2011,102,0.055000
1609059783.312553406,15.133000,2000,102,0.024000
1609059783.313284874,12.962000,2010,100,0.055000
1609059783.337105274,12.056000,2001,100,0.129000
1609059783.362550497,30.702999,2000,101,0.268000
1609059783.363310575,15.391001,2010,102,0.055000
1609059783.388236523,13.235000,2011,100,0.024000
1609059783.437509775,12.666000,2000,100,0.055000
1609059783.437857389,29.690001,2010,101,0.268000
1609059783.462581635,30.715000,2001,101,0.055000
1609059783.463220358,14.769000,2011,102,0.055000
1609059783.487534285,15.267000,2000,102,0.055000
1609059783.488237381,12.915000,2010,100,0.055000
1609059783.513252258,29.702000,2011,101,0.055000
1609059783.538287401,15.487000,2010,102,0.055000
1609059783.563271523,13.188000,2011,100,0.055000
1609059783.612492800,12.587000,2000,100,0.055000
1609059783.613262415,30.169001,2010,101,0.055000
1609059783.637560129,30.878000,2001,101,0.055000
1609059783.638275385,14.793000,2011,102,0.024000
1609059783.662536383,15.349001,2000,102,0.055000
1609059783.663280964,12.796000,2010,100,0.055000
1609059783.712529659,31.055000,2000,101,0.056000
1609059783.713246107,15.570999,2010,102,0.055000
1609059783.738270283,13.113000,2011,100,0.055000
1609059783.787471056,12.480000,2000,100,0.055000
1609059783.788247108,30.037001,2010,101,0.056000
1609059783.812532663,30.608999,2001,101,0.055000
1609059783.813239336,14.932000,2011,102,0.055000
1609059783.837564468,15.419001,2000,102,0.055000
1609059783.838247061,12.756000,2010,100,0.055000
1609059783.862510920,12.104000,2001,100,0.268000
1609059783.863277912,29.965000,2011,101,0.056000
1609059783.887555361,31.072001,2000,101,0.055000
1609059783.888295174,15.600000,2010,102,0.024000
1609059783.912513971,15.997999,2001,102,0.055000
1609059783.913245678,13.036000,2011,100,0.055000
1609059783.962467194,12.412000,2000,100,0.055000
1609059783.962832451,30.083000,2010,101,0.268000
1609059783.987578154,30.785000,2001,101,0.024000
1609059783.988239288,15.004000,2011,102,0.055000
1609059784.012526512,15.459999,2000,102,0.055000
1609059784.013226271,12.687000,2010,100,0.055000
1609059784.037039280,11.706000,2001,100,0.129000
1609059784.038239002,30.136999,2011,101,0.055000
1609059784.062058926,31.100000,2000,101,0.268000
1609059784.063290358,15.701000,2010,102,0.055000
1609059784.087493896,16.058001,2001,102,0.055000
1609059784.088261127,12.933000,2011,100,0.055000
1609059784.137490988,12.379000,2000,100,0.024000
1609059784.162491322,30.914000,2001,101,0.024000
1609059784.163203955,15.001000,2011,102,0.024000
1609059784.187496185,15.552000,2000,102,0.055000
1609059784.188266993,12.578000,2010,100,0.055000
1609059784.213229656,30.237000,2011,101,0.055000
1609059784.237580061,31.236000,2000,101,10.536000
1609059784.238241196,15.756001,2010,102,0.055000
1609059784.262521267,16.127001,2001,102,0.055000
1609059784.263254642,12.915000,2011,100,0.055000
1609059784.312520504,12.299000,2000,100,0.055000
1609059784.362472773,15.586000,2000,102,0.055000
1609059784.363237143,12.538000,2010,100,0.024000
1609059784.387537479,11.967000,2001,100,0.055000
1609059784.388226509,30.214001,2011,101,0.056000
1609059784.412563801,31.305000,2000,101,0.056000
1609059784.437491655,16.177000,2001,102,0.055000
1609059784.438236475,12.868000,2011,100,0.024000
1609059784.487462997,12.261000,2000,100,0.055000
1609059784.512528419,30.959000,2001,101,0.055000
1609059784.513249636,15.154000,2011,102,0.055000
1609059784.537469625,15.655001,2000,102,0.055000
1609059784.538263083,12.496000,2010,100,0.055000
1609059784.587047815,31.173000,2000,101,0.268000
1609059784.613239288,12.835000,2011,100,0.055000
1609059784.662487030,12.239000,2000,100,0.055000
1609059784.687495470,31.150000,2001,101,0.055000
1609059784.712522268,15.695000,2000,102,0.055000
1609059784.713211060,12.449000,2010,100,0.055000
1609059784.762532473,29.500999,2000,101,10.536000
1609059784.787464142,16.240000,2001,102,0.055000
1609059784.788232327,12.821000,2011,100,0.055000
1609059784.837458134,12.225000,2000,100,0.055000
1609059784.838305950,30.552000,2010,101,0.056000
1609059784.862490654,31.254002,2001,101,0.055000
1609059784.863204479,15.223000,2011,102,0.055000
1609059784.887519598,15.726000,2000,102,0.055000
1609059784.888210058,12.472000,2010,100,0.055000
1609059784.937100649,31.221001,2000,101,10.536000
1609059784.938274145,15.884001,2010,102,0.055000
1609059784.962483168,16.297001,2001,102,0.055000
1609059784.963234425,12.808000,2011,100,0.055000
1609059785.012488127,12.224000,2000,100,0.055000
1609059785.012866974,30.611000,2010,101,0.268000
1609059785.037599087,31.287998,2001,101,0.056000
1609059785.038782597,15.240000,2011,102,0.055000
1609059785.062512875,15.753000,2000,102,0.055000
1609059785.063179255,12.460000,2010,100,0.055000
1609059785.088307858,30.656000,2011,101,0.056000
1609059785.138257027,12.806000,2011,100,0.055000
1609059785.187529087,12.246000,2000,100,0.024000
1609059785.212544918,31.439999,2001,101,0.055000
1609059785.213237762,15.267000,2011,102,0.055000
1609059785.237498760,15.764999,2000,102,0.055000
1609059785.238216639,12.448000,2010,100,0.055000
1609059785.312506914,16.226999,2001,102,0.055000
1609059785.313300848,12.814000,2011,100,0.055000
1609059785.362487793,12.269000,2000,100,0.055000
1609059785.387533426,31.768002,2001,101,0.024000
1609059785.388207912,15.280001,2011,102,0.024000
1609059785.412507057,15.792999,2000,102,0.055000
1609059785.413361549,12.450000,2010,100,0.055000
1609059785.437474966,11.810000,2001,100,0.055000
1609059785.462545156,31.779999,2000,101,0.056000
1609059785.487491369,16.238001,2001,102,0.055000
1609059785.488428116,12.819000,2011,100,0.024000
1609059785.537450314,12.287000,2000,100,0.055000
1609059785.538218737,30.797001,2010,101,0.056000
1609059785.562532187,31.769001,2001,101,0.055000
1609059785.563209534,15.299000,2011,102,0.024000
1609059785.587479115,15.809999,2000,102,0.055000
1609059785.588215828,12.445000,2010,100,0.055000
1609059785.612568378,11.796000,2001,100,0.055000
1609059785.613207340,30.805000,2011,101,0.055000
1609059785.637531757,31.527000,2000,101,10.536000
1609059785.638338327,15.969000,2010,102,0.055000
1609059785.662505150,16.218000,2001,102,0.055000
1609059785.663019419,12.790000,2011,100,0.055000
1609059785.712465763,12.257000,2000,100,0.055000
1609059785.712796450,30.885000,2010,101,0.268000
1609059785.737449169,31.669998,2001,101,0.055000
1609059785.762454987,15.826000,2000,102,0.055000
1609059785.763213634,12.411000,2010,100,0.055000
1609059785.787483215,11.814000,2001,100,0.055000
1609059785.787736893,30.818001,2011,101,0.268000
1609059785.812524080,31.617001,2000,101,10.536000
1609059785.837448120,16.194000,2001,102,0.055000
1609059785.838217020,12.869000,2011,100,0.024000
1609059785.887392998,12.301000,2000,100,0.055000
1609059785.887672424,30.968000,2010,101,0.268000
1609059785.912456989,31.654999,2001,101,0.055000
1609059785.913187265,15.341000,2011,102,0.055000
1609059785.937473297,15.804001,2000,102,0.055000
1609059785.938201427,12.421000,2010,100,0.055000
1609059785.962469339,11.799000,2001,100,0.055000
1609059785.963219166,30.996000,2011,101,0.055000
1609059785.987604856,31.474998,2000,101,10.536000
1609059786.012474537,16.385000,2001,102,0.055000
1609059786.013243675,12.877000,2011,100,0.055000
1609059786.062483788,12.279000,2000,100,0.055000
1609059786.062776327,31.025000,2010,101,0.268000
1609059786.087503433,31.710999,2001,101,0.024000
1609059786.088169575,15.289000,2011,102,0.055000
1609059786.112500668,15.879999,2000,102,0.055000
1609059786.113210201,12.465000,2010,100,0.024000
1609059786.138218164,31.049999,2011,101,0.055000
1609059786.187452555,16.408001,2001,102,0.055000
1609059786.188306570,12.924000,2011,100,0.055000
1609059786.237431049,12.323000,2000,100,0.024000
1609059786.238264322,31.066000,2010,101,0.056000
1609059786.262510061,31.678001,2001,101,0.055000
1609059786.287453413,15.854000,2000,102,0.055000
1609059786.288197279,12.433000,2010,100,0.055000
1609059786.312479019,11.846000,2001,100,0.055000
1609059786.313734531,31.132999,2011,101,0.055000
1609059786.337579489,32.102001,2000,101,10.536000
1609059786.363304138,12.899000,2011,100,0.055000
1609059786.412404776,12.302000,2000,100,0.055000
1609059786.437434435,31.770000,2001,101,0.055000
1609059786.462500095,15.913000,2000,102,0.024000
1609059786.463201046,12.436000,2010,100,0.055000
1609059786.487428665,11.852000,2001,100,0.055000
1609059786.488181829,31.149000,2011,101,0.055000
1609059786.512496233,31.733002,2000,101,10.536000
1609059786.537437201,16.400000,2001,102,0.055000
1609059786.538272142,12.913000,2011,100,0.055000
1609059786.587449789,12.343000,2000,100,0.024000
1609059786.588243008,31.209000,2010,101,0.056000
1609059786.612439632,31.881001,2001,101,0.055000
1609059786.637459517,15.931000,2000,102,0.055000
1609059786.638191938,12.455000,2010,100,0.024000
1609059786.662468910,11.863000,2001,100,0.055000
1609059786.663182497,31.198000,2011,101,0.055000
1609059786.712546349,16.420000,2001,102,0.055000
1609059786.712968826,12.836000,2011,100,0.055000
1609059786.762402773,12.362000,2000,100,0.055000
1609059786.787506342,31.926998,2001,101,0.055000
1609059786.812452555,15.941999,2000,102,0.055000
1609059786.813749790,12.448000,2010,100,0.055000
1609059786.837465286,11.869000,2001,100,0.055000
1609059786.838144541,31.242001,2011,101,0.056000
1609059786.888258696,12.923000,2011,100,0.055000
1609059786.937398911,12.358000,2000,100,0.055000
1609059786.938290596,31.299000,2010,101,0.056000
1609059786.962503195,31.942001,2001,101,0.055000
1609059786.987426519,15.969999,2000,102,0.024000
1609059786.988198996,12.469000,2010,100,0.024000
1609059787.012430668,11.885000,2001,100,0.055000
1609059787.013226271,31.177999,2011,101,0.056000
1609059787.037539959,32.311001,2000,101,0.056000
1609059787.062453985,16.452999,2001,102,0.055000
1609059787.063177824,12.930000,2011,100,0.024000
1609059787.112457991,12.344000,2000,100,0.055000
1609059787.113242149,31.216000,2010,101,0.056000
1609059787.137526512,31.985001,2001,101,0.055000
1609059787.162459612,15.995001,2000,102,0.055000
1609059787.163204193,12.477000,2010,100,0.055000
1609059787.188150644,31.331001,2011,101,0.055000
1609059787.238068581,16.479000,2001,102,0.055000
1609059787.238309145,12.943000,2011,100,0.055000
1609059787.287380219,12.357000,2000,100,0.055000
1609059787.288245678,31.382999,2010,101,0.056000
1609059787.312424660,32.040001,2001,101,0.055000
1609059787.337432623,16.021999,2000,102,0.024000
1609059787.338409901,12.514000,2010,100,0.024000
1609059787.362445116,11.897000,2001,100,0.055000
1609059787.363173246,31.323002,2011,101,0.056000
1609059787.387613297,31.851002,2000,101,10.536000
1609059787.412439108,16.493000,2001,102,0.055000
1609059787.413196325,12.981000,2011,100,0.055000
1609059787.462419748,12.364000,2000,100,0.055000
1609059787.487492085,31.962002,2001,101,0.268000
1609059787.512484789,16.051001,2000,102,0.055000
1609059787.513140202,12.511000,2010,100,0.024000
1609059787.537454128,11.896000,2001,100,0.055000
1609059787.538191557,31.403999,2011,101,0.024000
1609059787.561994076,36.816002,2000,101,10.536000
1609059787.587372780,16.556999,2001,102,0.055000
1609059787.588227272,12.996000,2011,100,0.055000
1609059787.637434006,12.406000,2000,100,0.055000
1609059787.662464857,32.103001,2001,101,0.055000
1609059787.663144112,15.542000,2011,102,0.055000
1609059787.687406540,16.059000,2000,102,0.055000
1609059787.688163757,12.469000,2010,100,0.055000
1609059787.713172674,28.829000,2011,101,0.056000
1609059787.736983776,31.734001,2000,101,0.129000
1609059787.762427330,16.528000,2001,102,0.055000
1609059787.762970686,12.871000,2011,100,0.055000
1609059787.812406540,12.372000,2000,100,0.055000
1609059787.813239813,31.497002,2010,101,0.056000
1609059787.837411404,32.216000,2001,101,0.055000
1609059787.862464666,16.075001,2000,102,0.024000
1609059787.863154888,12.476000,2010,100,0.055000
1609059787.887367964,11.906000,2001,100,0.055000
1609059787.888160467,31.462002,2011,101,0.056000
1609059787.912582636,32.492001,2000,101,10.536000
1609059787.938197136,12.986000,2011,100,0.055000
1609059787.987400770,12.411000,2000,100,0.024000
1609059788.012408733,32.224998,2001,101,0.055000
1609059788.013115168,15.566000,2011,102,0.055000
1609059788.037450075,16.093000,2000,102,0.055000
1609059788.038138866,12.463000,2010,100,0.055000
1609059788.062440157,11.901000,2001,100,0.024000
1609059788.063186646,31.501999,2011,101,0.055000
1609059788.087596416,31.877998,2000,101,10.536000
1609059788.113247633,12.986000,2011,100,0.055000
1609059788.162398815,12.401000,2000,100,0.055000
1609059788.163245440,31.534000,2010,101,0.056000
1609059788.187450886,32.227001,2001,101,0.055000
1609059788.212445736,16.099001,2000,102,0.055000
1609059788.213142872,12.452000,2010,100,0.055000
1609059788.237394810,11.888000,2001,100,0.055000
1609059788.238182068,31.646999,2011,101,0.055000
1609059788.262509346,32.097000,2000,101,10.536000
1609059788.287432194,16.514999,2001,102,0.055000
1609059788.288232088,12.982000,2011,100,0.055000
1609059788.337414742,12.406000,2000,100,0.055000
1609059788.387404919,16.115999,2000,102,0.055000
1609059788.388202429,12.492000,2010,100,0.024000
1609059788.412401199,11.881000,2001,100,0.055000
1609059788.413216829,31.578999,2011,101,0.055000
1609059788.463188887,12.973000,2011,100,0.024000
1609059788.512441635,12.397000,2000,100,0.055000
1609059788.562455416,16.122999,2000,102,0.055000
1609059788.563178301,12.441000,2010,100,0.055000
1609059788.588138819,31.653000,2011,101,0.055000
1609059788.637415886,16.547001,2001,102,0.055000
1609059788.638218641,12.959000,2011,100,0.055000
1609059788.687390566,12.388000,2000,100,0.055000
1609059788.712482929,32.348000,2001,101,0.055000
1609059788.713465452,15.566000,2011,102,0.055000
1609059788.737451553,16.107000,2000,102,0.055000
1609059788.738160133,12.406000,2010,100,0.055000
1609059788.762401342,11.856000,2001,100,0.055000
1609059788.763208628,31.712002,2011,101,0.024000
1609059788.787727594,47.936001,2000,101,0.056000
1609059788.812979221,12.863000,2011,100,0.055000
1609059788.862392187,12.342000,2000,100,0.024000
1609059788.887377024,32.416000,2001,101,0.056000
1609059788.888193846,15.563999,2011,102,0.024000
1609059788.912416220,16.105000,2000,102,0.024000
1609059788.913248301,12.433000,2010,100,0.055000
1609059788.937349796,11.856000,2001,100,0.024000
1609059788.938146591,31.634998,2011,101,0.024000
1609059788.962488651,32.403999,2000,101,0.056000
1609059788.987451792,16.587999,2001,102,0.055000
1609059788.987931728,12.898000,2011,100,0.055000
1609059789.037403107,12.379000,2000,100,0.055000
1609059789.062403917,32.410999,2001,101,0.055000
1609059789.087402105,16.131001,2000,102,0.055000
1609059789.088131428,12.408000,2010,100,0.055000
1609059789.112396955,11.825000,2001,100,0.055000
1609059789.113205910,31.637001,2011,101,10.536000
1609059789.136947393,36.590000,2000,101,2.399000
1609059789.162438631,16.535000,2001,102,0.055000
1609059789.163296223,12.959000,2011,100,0.055000
1609059789.212408781,12.403000,2000,100,0.055000
1609059789.213266850,31.839001,2010,101,0.056000
1609059789.236944914,32.387001,2001,101,0.268000
1609059789.238113880,15.556999,2011,102,0.055000
1609059789.262468338,16.091999,2000,102,0.024000
1609059789.265278339,12.435000,2010,100,0.055000
1609059789.287397385,11.889000,2001,100,0.055000
1609059789.288145542,31.680000,2011,101,0.055000
1609059789.337444782,16.528999,2001,102,0.055000
1609059789.338123560,12.910000,2011,100,0.024000
1609059789.387397051,12.451000,2000,100,0.055000
1609059789.412456989,32.716999,2001,101,0.055000
1609059789.413078070,15.518999,2011,102,0.055000
1609059789.437430382,16.018999,2000,102,0.055000
1609059789.438118696,12.507000,2010,100,0.055000
1609059789.462376595,11.924000,2001,100,0.024000
1609059789.463125944,31.681999,2011,101,0.055000
1609059789.486945391,32.512001,2000,101,0.129000
1609059789.488181353,16.006001,2010,102,0.055000
1609059789.512901783,12.950000,2011,100,0.055000
1609059789.562398672,12.487000,2000,100,0.024000
1609059789.587418318,32.416000,2001,101,0.055000
1609059789.612411737,16.018000,2000,102,0.055000
1609059789.613122702,12.507000,2010,100,0.024000
1609059789.637421131,11.962000,2001,100,0.055000
1609059789.638119698,31.695000,2011,101,0.055000
1609059789.662564278,32.526001,2000,101,0.056000
1609059789.687404394,16.445999,2001,102,0.055000
1609059789.687937021,12.999000,2011,100,0.055000
1609059789.737371683,12.522000,2000,100,0.055000
1609059789.762444973,32.618999,2001,101,0.055000
1609059789.763217926,15.417000,2011,102,0.055000
1609059789.787411213,15.954000,2000,102,0.055000
1609059789.788182259,12.543000,2010,100,0.024000
1609059789.837464571,31.863998,2000,101,10.536000
1609059789.862383604,16.413000,2001,102,0.055000
1609059789.863123655,13.071000,2011,100,0.024000
1609059789.912389994,12.547000,2000,100,0.055000
1609059789.937418222,32.330002,2001,101,0.055000
1609059789.938119650,15.419001,2011,102,0.024000
1609059789.962397814,15.951000,2000,102,0.024000
1609059789.963150501,12.581000,2010,100,0.055000
1609059789.987385750,12.018000,2001,100,0.055000
1609059789.988091469,31.701000,2011,101,0.055000
1609059790.011923790,32.216999,2000,101,0.129000
1609059790.038199425,13.138000,2011,100,0.055000
1609059790.087401628,12.534000,2000,100,0.055000
1609059790.088240147,31.599998,2010,101,0.056000
1609059790.112412453,32.339001,2001,101,0.055000
1609059790.137481928,15.926001,2000,102,0.055000
1609059790.138133526,12.613000,2010,100,0.055000
1609059790.162389040,12.047000,2001,100,0.055000
1609059790.163141251,31.629002,2011,101,0.055000
1609059790.187526226,32.790001,2000,101,0.056000
1609059790.212410450,16.377001,2001,102,0.055000
1609059790.213084459,13.072000,2011,100,0.055000
1609059790.262395620,12.582000,2000,100,0.024000
1609059790.287408352,32.328999,2001,101,0.055000
1609059790.312414885,15.881001,2000,102,0.055000
1609059790.313087702,12.585000,2010,100,0.055000
1609059790.337423563,12.058000,2001,100,0.024000
1609059790.338083744,31.610001,2011,101,0.055000
1609059790.362450123,32.715000,2000,101,0.056000
1609059790.387388468,16.368000,2001,102,0.055000
1609059790.387966633,13.082000,2011,100,0.055000
1609059790.437348366,12.594000,2000,100,0.024000
1609059790.437628031,31.598999,2010,101,10.536000
1609059790.462447882,32.289001,2001,101,0.055000
1609059790.487424374,15.875000,2000,102,0.055000
1609059790.488099813,12.593000,2010,100,0.024000
1609059790.512416363,12.060000,2001,100,0.024000
1609059790.513141394,31.650002,2011,101,0.055000
1609059790.537466288,32.679001,2000,101,0.056000
1609059790.538075924,15.886000,2010,102,0.055000
1609059790.562355280,16.356001,2001,102,0.055000
1609059790.563210964,13.164000,2011,100,0.024000
1609059790.612346172,12.560000,2000,100,0.055000
1609059790.613219261,31.519001,2010,101,0.056000
1609059790.637415648,32.292999,2001,101,0.055000
1609059790.662411928,15.908001,2000,102,0.055000
1609059790.663124800,12.632000,2010,100,0.055000
1609059790.688171625,31.611000,2011,101,0.055000
1609059790.711931467,32.389000,2000,101,0.129000
1609059790.737409592,16.361000,2001,102,0.055000
1609059790.738161087,13.173000,2011,100,0.055000
1609059790.787359476,12.601000,2000,100,0.055000
1609059790.812447071,32.311001,2001,101,0.055000
1609059790.837398291,15.882999,2000,102,0.055000
1609059790.838096619,12.658000,2010,100,0.055000
1609059790.862401485,12.064000,2001,100,0.055000
1609059790.863113403,31.660000,2011,101,0.024000
1609059790.887537241,32.992001,2000,101,0.056000
1609059790.888062954,15.850000,2010,102,0.055000
1609059790.912424803,16.368000,2001,102,0.055000
1609059790.913212299,13.174000,2011,100,0.055000
1609059790.962388039,12.605000,2000,100,0.055000
1609059790.962631464,31.443001,2010,101,10.536000
1609059790.987362862,32.332001,2001,101,0.055000
1609059791.012525320,15.937000,2000,102,0.055000
1609059791.013069868,12.637000,2010,100,0.055000
1609059791.037372351,12.064000,2001,100,0.055000
1609059791.038098097,31.688999,2011,101,0.055000
1609059791.062502146,32.728001,2000,101,0.056000
1609059791.088182688,13.175000,2011,100,0.055000
1609059791.137353182,12.610000,2000,100,0.055000
1609059791.162431002,32.325001,2001,101,0.055000
1609059791.163185596,15.427000,2011,102,0.055000
1609059791.187418222,15.934999,2000,102,0.055000
1609059791.188126087,12.631000,2010,100,0.055000
1609059791.212431192,12.077000,2001,100,0.055000
1609059791.213120222,31.724998,2011,101,0.055000
1609059791.262439013,16.388000,2001,102,0.055000
1609059791.263202190,13.177000,2011,100,0.055000
1609059791.312348366,12.613000,2000,100,0.055000
1609059791.337419033,32.365002,2001,101,0.055000
1609059791.338109732,15.396000,2011,102,0.055000
1609059791.362420321,16.000999,2000,102,0.024000
1609059791.363141298,12.640000,2010,100,0.055000
1609059791.388105154,31.719002,2011,101,0.268000
1609059791.411955118,32.271000,2000,101,0.129000
1609059791.413106441,15.938000,2010,102,0.055000
1609059791.437455893,16.455999,2001,102,0.055000
1609059791.438211918,13.177000,2011,100,0.055000
1609059791.487372637,12.608000,2000,100,0.055000
1609059791.487678051,31.569000,2010,101,10.536000
1609059791.512467623,32.449001,2001,101,0.055000
1609059791.513117075,15.497999,2011,102,0.055000
1609059791.537414312,16.032000,2000,102,0.024000
1609059791.538146496,12.667000,2010,100,0.055000
1609059791.562425613,12.068000,2001,100,0.055000
1609059791.563183546,31.821999,2011,101,0.055000
1609059791.586935997,32.752998,2000,101,10.536000
1609059791.613195658,13.173000,2011,100,0.055000
1609059791.662387133,12.605000,2000,100,0.055000
1609059791.687387466,32.541000,2001,101,0.055000
1609059791.712349892,16.073000,2000,102,0.055000
1609059791.713080883,12.612000,2010,100,0.055000
1609059791.737354755,12.059000,2001,100,0.024000
1609059791.738213062,32.198002,2011,101,0.055000
1609059791.761890173,32.327999,2000,101,0.129000
1609059791.787400484,16.547001,2001,102,0.055000
1609059791.788204670,13.121000,2011,100,0.055000
1609059791.837353468,12.590000,2000,100,0.024000
1609059791.837597132,31.893002,2010,101,10.536000
1609059791.862481117,32.577000,2001,101,0.055000
1609059791.887602091,16.097000,2000,102,0.055000
1609059791.888076305,12.599000,2010,100,0.055000
1609059791.916417599,12.041000,2001,100,0.024000
1609059791.916749716,32.263000,2011,101,0.055000
1609059791.936974049,32.000000,2000,101,0.129000
1609059791.962432623,16.599001,2001,102,0.024000
1609059791.963255882,13.138000,2011,100,0.055000
1609059792.012336493,12.569000,2000,100,0.055000
1609059792.012728930,31.944000,2010,101,0.129000
1609059792.037363291,32.667999,2001,101,0.055000
1609059792.063076019,12.576000,2010,100,0.055000
1609059792.087372303,12.013000,2001,100,0.055000
1609059792.088094234,31.981998,2011,101,0.268000
1609059792.112510681,32.939999,2000,101,10.536000
1609059792.113075495,16.146999,2010,102,0.055000
1609059792.137478828,16.676001,2001,102,0.055000
1609059792.138180494,13.107000,2011,100,0.024000
1609059792.187362671,12.536000,2000,100,0.055000
1609059792.188137054,32.409000,2010,101,0.056000
1609059792.212423563,32.759998,2001,101,0.024000
1609059792.238069057,12.532000,2010,100,0.055000
1609059792.262352467,11.993000,2001,100,0.024000
1609059792.263125658,32.043999,2011,101,0.055000
1609059792.287489176,33.200001,2000,101,0.056000
1609059792.312330723,16.763000,2001,102,0.055000
1609059792.312863350,12.986000,2011,100,0.055000
1609059792.362303257,12.516000,2000,100,0.055000
1609059792.363138437,32.286999,2010,101,0.056000
1609059792.387376308,32.828999,2001,101,0.055000
1609059792.388099432,15.787001,2011,102,0.055000
1609059792.413060665,12.538000,2010,100,0.055000
1609059792.437351465,11.963000,2001,100,0.055000
1609059792.438065529,32.217999,2011,101,0.055000
1609059792.463137627,33.431999,2000,101,10.536000
1609059792.487385988,16.827000,2001,102,0.055000
1609059792.487869024,13.042000,2011,100,0.055000
1609059792.537308693,12.501000,2000,100,0.024000
1609059792.562380075,32.976002,2001,101,0.055000
1609059792.563110352,15.846001,2011,102,0.055000
1609059792.588095665,12.511000,2010,100,0.055000
1609059792.612378836,11.941000,2001,100,0.055000
1609059792.613044024,32.323002,2011,101,0.055000
1609059792.636873484,32.847000,2000,101,0.129000
1609059792.662355185,16.892000,2001,102,0.055000
1609059792.663038969,12.953000,2011,100,0.055000
1609059792.712392092,12.483000,2000,100,0.055000
1609059792.712692976,32.404999,2010,101,10.536000
1609059792.737385988,33.084999,2001,101,0.055000
1609059792.763169765,12.494000,2010,100,0.055000
1609059792.787376165,11.912000,2001,100,0.024000
1609059792.812463045,33.924000,2000,101,0.056000
1609059792.837330341,16.908001,2001,102,0.055000
1609059792.838050365,12.929000,2011,100,0.055000
1609059792.887316942,12.468000,2000,100,0.055000
1609059792.888132811,32.441002,2010,101,0.056000
1609059792.912349701,33.244999,2001,101,0.055000
1609059792.938085318,12.434000,2010,100,0.024000
1609059792.962371111,11.905000,2001,100,0.055000
1609059792.986876488,33.084999,2000,101,0.129000
1609059793.012357473,17.087000,2001,102,0.055000
1609059793.013092041,12.912000,2011,100,0.055000
1609059793.062282562,12.465000,2000,100,0.055000
1609059793.087334871,33.358002,2001,101,0.055000
1609059793.113437891,12.413000,2010,100,0.024000
1609059793.137359142,11.890000,2001,100,0.055000
1609059793.138096094,32.712002,2011,101,0.055000
1609059793.162422419,33.693001,2000,101,10.536000
1609059793.163110495,16.566999,2010,102,0.055000
1609059793.187347889,17.150999,2001,102,0.024000
1609059793.188034296,12.906000,2011,100,0.055000
1609059793.237342596,12.460000,2000,100,0.055000
1609059793.238160133,33.175999,2010,101,0.056000
1609059793.262387037,33.433998,2001,101,0.055000
1609059793.287358761,16.728001,2000,102,0.055000
1609059793.288058996,12.435000,2010,100,0.055000
1609059793.312340260,11.882000,2001,100,0.055000
1609059793.313033342,32.792999,2011,101,0.055000
1609059793.336932659,33.028000,2000,101,0.129000
1609059793.362403870,17.230000,2001,102,0.055000
1609059793.363107204,12.907000,2011,100,0.055000
1609059793.412397861,12.431000,2000,100,0.055000
1609059793.437416315,33.543999,2001,101,0.055000
1609059793.462418556,16.766001,2000,102,0.055000
1609059793.463046074,12.432000,2010,100,0.024000
1609059793.487345457,11.885000,2001,100,0.055000
1609059793.488044739,32.980999,2011,101,0.024000
1609059793.512430191,33.973000,2000,101,10.536000
1609059793.537334681,17.250999,2001,102,0.055000
1609059793.538048506,12.911000,2011,100,0.055000
1609059793.587285280,12.442000,2000,100,0.055000
1609059793.588080883,33.397999,2010,101,0.056000
1609059793.612353802,33.630001,2001,101,0.055000
1609059793.637325048,16.858999,2000,102,0.055000
1609059793.638041496,12.392000,2010,100,0.055000
1609059793.662328959,11.885000,2001,100,0.055000
1609059793.663135529,33.029999,2011,101,0.055000
1609059793.712355375,17.350000,2001,102,0.055000
1609059793.713045835,12.910000,2011,100,0.055000
1609059793.762281179,12.449000,2000,100,0.055000
1609059793.787387371,34.090000,2001,101,0.055000
1609059793.787845612,16.375000,2011,102,0.055000
1609059793.812357664,16.992001,2000,102,0.055000
1609059793.813015223,12.380000,2010,100,0.055000
1609059793.837355852,11.884000,2001,100,0.055000
1609059793.838063002,33.098999,2011,101,0.055000
1609059793.888031483,12.891000,2011,100,0.055000
1609059793.937302828,12.488000,2000,100,0.055000
1609059793.938088179,33.236000,2010,101,0.056000
1609059793.962373257,33.844002,2001,101,0.055000
1609059793.962947130,16.424999,2011,102,0.055000
1609059793.987354517,17.075001,2000,102,0.055000
1609059793.988032579,12.381000,2010,100,0.055000
1609059794.012347698,11.893000,2001,100,0.055000
1609059794.013046026,33.139999,2011,101,0.055000
1609059794.062337160,17.516001,2001,102,0.055000
1609059794.063009024,12.890000,2011,100,0.055000
1609059794.112281084,12.485000,2000,100,0.055000
1609059794.113137007,33.335999,2010,101,0.056000
1609059794.137327433,33.835999,2001,101,0.268000
1609059794.138210297,29.916000,2011,102,0.055000
1609059794.162333727,17.163000,2000,102,0.055000
1609059794.163074493,12.371000,2010,100,0.055000
1609059794.187333822,11.900000,2001,100,0.055000
1609059794.188091278,33.292999,2011,101,0.055000
1609059794.237369299,17.601999,2001,102,0.055000
1609059794.238023996,12.889000,2011,100,0.055000
1609059794.287286282,12.455000,2000,100,0.055000
1609059794.312324524,34.004002,2001,101,0.056000
1609059794.313270569,16.691999,2011,102,0.055000
1609059794.337356091,17.202000,2000,102,0.055000
1609059794.338021755,12.413000,2010,100,0.024000
1609059794.362303019,11.912000,2001,100,0.024000
1609059794.363119841,33.431999,2011,101,0.055000
1609059794.412351847,17.680000,2001,102,0.055000
1609059794.413034678,12.899000,2011,100,0.055000
1609059794.462322712,12.519000,2000,100,0.024000
1609059794.487357140,34.058998,2001,101,0.268000
1609059794.512303829,17.347000,2000,102,0.024000
1609059794.513016939,12.433000,2010,100,0.024000
1609059794.537311077,11.904000,2001,100,0.055000
1609059794.538096666,33.463001,2011,101,0.055000
1609059794.587356806,17.777000,2001,102,0.055000
1609059794.588080168,12.925000,2011,100,0.055000
1609059794.637256622,12.547000,2000,100,0.055000
1609059794.662383080,34.096001,2001,101,0.268000
1609059794.687337160,17.393999,2000,102,0.055000
1609059794.688075066,12.434000,2010,100,0.024000
1609059794.712320805,11.972000,2001,100,0.024000
1609059794.763087749,13.007000,2011,100,0.055000
1609059794.812327147,12.562000,2000,100,0.055000
1609059794.837308884,34.138000,2001,101,0.268000
1609059794.838009596,16.851999,2011,102,0.055000
1609059794.862310410,17.426001,2000,102,0.024000
1609059794.863019943,12.453000,2010,100,0.055000
1609059794.887315512,11.983000,2001,100,0.024000
1609059794.888017178,33.595001,2011,101,0.024000
1609059794.912551165,34.060001,2000,101,10.536000
1609059794.938303709,13.013000,2011,100,0.055000
1609059794.938633919,17.782000,2001,102,0.024000
1609059794.987277746,12.579000,2000,100,0.055000
1609059794.988391161,33.842999,2010,101,0.056000
1609059795.012351751,34.268002,2001,101,0.055000
1609059795.013026714,16.893000,2011,102,0.055000
1609059795.037331820,17.427000,2000,102,0.055000
1609059795.038042545,12.493000,2010,100,0.055000
1609059795.062317610,11.973000,2001,100,0.024000
1609059795.063029528,33.478001,2011,101,0.055000
1609059795.087350607,47.979000,2000,101,10.536000
1609059795.112303019,17.836000,2001,102,0.024000
1609059795.113051176,13.011000,2011,100,0.055000
1609059795.162257910,12.602000,2000,100,0.055000
1609059795.187371731,34.330002,2001,101,0.055000
1609059795.188016415,16.938000,2011,102,0.055000
1609059795.212361336,17.504000,2000,102,0.055000
1609059795.213129997,12.462000,2010,100,0.055000
1609059795.237399101,11.942000,2001,100,0.055000
1609059795.238029480,33.653999,2011,101,0.024000
1609059795.262398005,36.293999,2000,101,10.536000
1609059795.287364244,17.889999,2001,102,0.055000
1609059795.288050890,13.038000,2011,100,0.055000
1609059795.337300777,12.507000,2000,100,0.055000
1609059795.387360811,17.566000,2000,102,0.024000
1609059795.388052225,12.413000,2010,100,0.024000
1609059795.412301302,11.886000,2001,100,0.055000
1609059795.413057327,33.728001,2011,101,0.024000
1609059795.436850071,33.625000,2000,101,0.129000
1609059795.437875509,17.371000,2010,102,0.055000
1609059795.462343216,17.973000,2001,102,0.024000
1609059795.463020802,12.896000,2011,100,0.055000
1609059795.512333870,12.431000,2000,100,0.055000
1609059795.513092279,34.008999,2010,101,0.056000
1609059795.537369490,34.412998,2001,101,0.055000
1609059795.562331676,17.591000,2000,102,0.055000
1609059795.563068390,12.304000,2010,100,0.055000
1609059795.587362051,11.785000,2001,100,0.024000
1609059795.588083267,33.693001,2011,101,0.024000
1609059795.612387419,38.709000,2000,101,10.536000
1609059795.638110876,12.768000,2011,100,0.055000
1609059795.687264442,12.344000,2000,100,0.055000
1609059795.688289881,38.588001,2010,101,10.536000
1609059795.712302208,34.313000,2001,101,0.056000
1609059795.737317324,17.677000,2000,102,0.055000
1609059795.738020897,12.269000,2010,100,0.055000
1609059795.762320757,11.759000,2001,100,0.055000
1609059795.763055086,33.748001,2011,101,0.055000
1609059795.812350035,18.124001,2001,102,0.055000
1609059795.813001156,12.711000,2011,100,0.055000
1609059795.862257957,12.302000,2000,100,0.024000
1609059795.863043547,38.495998,2010,101,10.536000
1609059795.912319660,17.724001,2000,102,0.055000
1609059795.913675070,12.201000,2010,100,0.055000
1609059795.937359095,11.696000,2001,100,0.055000
1609059795.938284874,33.813000,2011,101,0.055000
1609059795.961778164,53.040001,2000,101,2.399000
1609059795.987318754,18.204000,2001,102,0.055000
1609059795.988007545,12.648000,2011,100,0.055000
1609059796.037927866,12.235000,2000,100,0.024000
1609059796.062285185,34.471001,2001,101,0.055000
1609059796.063138247,17.302999,2011,102,0.055000
1609059796.087314129,17.886000,2000,102,0.055000
1609059796.088046789,12.152000,2010,100,0.055000
1609059796.112304926,11.609000,2001,100,0.055000
1609059796.112989187,33.811001,2011,101,0.055000
1609059796.137387991,34.403000,2000,101,10.536000
1609059796.163038969,12.594000,2011,100,0.055000
1609059796.212276936,12.187000,2000,100,0.055000
1609059796.237309456,34.460999,2001,101,0.055000
1609059796.262316465,17.924999,2000,102,0.055000
1609059796.263073206,12.062000,2010,100,0.055000
1609059796.287314653,11.589000,2001,100,0.055000
1609059796.288012743,33.846001,2011,101,0.055000
1609059796.312388420,22.944000,2000,101,0.056000
1609059796.337274551,18.361000,2001,102,0.024000
1609059796.338016987,12.551000,2011,100,0.055000
1609059796.387252092,12.105000,2000,100,0.055000
1609059796.412326336,34.463001,2001,101,0.055000
1609059796.413208246,17.382999,2011,102,0.055000
1609059796.437317610,17.990000,2000,102,0.024000
1609059796.438015938,12.021000,2010,100,0.055000
1609059796.462256193,11.541000,2001,100,0.055000
1609059796.463021040,33.820999,2011,101,0.055000
1609059796.487370491,34.492001,2000,101,0.056000
1609059796.512300491,18.433001,2001,102,0.055000
1609059796.512992144,12.510000,2011,100,0.055000
1609059796.562247992,12.056000,2000,100,0.055000
1609059796.587279558,34.536999,2001,101,0.055000
1609059796.612321615,18.065001,2000,102,0.055000
1609059796.613026142,11.977000,2010,100,0.024000
1609059796.637326956,11.482000,2001,100,0.055000
1609059796.687284946,18.531000,2001,102,0.055000
1609059796.688042641,12.464000,2011,100,0.055000
1609059796.737219572,11.996000,2000,100,0.055000
1609059796.737585306,33.198002,2010,101,0.129000
1609059796.763511181,34.500999,2001,101,0.055000
1609059796.787290096,18.177999,2000,102,0.055000
1609059796.787992954,11.954000,2010,100,0.024000
1609059796.812296391,11.410000,2001,100,0.055000
1609059796.813038826,33.866001,2011,101,0.055000
1609059796.836822748,34.554001,2000,101,10.536000
1609059796.837972403,18.052000,2010,102,0.055000
1609059796.862315178,18.552000,2001,102,0.055000
1609059796.863035679,12.419000,2011,100,0.055000
1609059796.912298918,11.912000,2000,100,0.055000
1609059796.912997961,34.702999,2010,101,0.268000
1609059796.937293291,34.515999,2001,101,0.055000
1609059796.962534666,18.259001,2000,102,0.055000
1609059796.963056087,11.842000,2010,100,0.024000
1609059796.987320185,11.332000,2001,100,0.055000
1609059797.012305021,34.379002,2000,101,0.056000
1609059797.037324429,18.719999,2001,102,0.055000
1609059797.037980556,12.321000,2011,100,0.055000
1609059797.087236643,11.828000,2000,100,0.024000
1609059797.088002205,34.379002,2010,101,10.536000
1609059797.112305880,34.534000,2001,101,0.055000
1609059797.113003016,17.802999,2011,102,0.055000
1609059797.137297392,18.326000,2000,102,0.055000
1609059797.138043404,11.788000,2010,100,0.024000
1609059797.162276745,11.248000,2001,100,0.024000
1609059797.163059235,33.851002,2011,101,0.055000
1609059797.187324524,35.034000,2000,101,0.056000
1609059797.212255239,18.832001,2001,102,0.055000
1609059797.213056564,12.208000,2011,100,0.055000
1609059797.262271404,11.680000,2000,100,0.055000
1609059797.287273407,34.596001,2001,101,0.055000
1609059797.288016796,17.923000,2011,102,0.055000
1609059797.312281132,18.438000,2000,102,0.024000
1609059797.312984467,11.698000,2010,100,0.055000
1609059797.337264538,11.159000,2001,100,0.024000
1609059797.362335443,34.525002,2000,101,10.536000
1609059797.387243509,18.973000,2001,102,0.055000
1609059797.387964249,12.066000,2011,100,0.055000
1609059797.437219143,11.625000,2000,100,0.055000
1609059797.462259293,34.616001,2001,101,0.055000
1609059797.487242937,18.548000,2000,102,0.024000
1609059797.487990141,11.649000,2010,100,0.024000
1609059797.512303591,11.076000,2001,100,0.024000
1609059797.512995481,33.808998,2011,101,0.055000
1609059797.537343264,34.610001,2000,101,0.056000
1609059797.562241077,19.121000,2001,102,0.055000
1609059797.563001156,12.010000,2011,100,0.055000
1609059797.612319469,11.529000,2000,100,0.024000
1609059797.613085270,33.780998,2010,101,0.056000
1609059797.637324095,34.525002,2001,101,0.055000
1609059797.662253380,18.663000,2000,102,0.024000
1609059797.662965298,11.559000,2010,100,0.024000
1609059797.687213182,10.987000,2001,100,0.055000
1609059797.712285042,34.615002,2000,101,0.056000
1609059797.737962246,11.921000,2011,100,0.055000
1609059797.787232876,11.433000,2000,100,0.055000
1609059797.788020134,33.937000,2010,101,0.056000
1609059797.812292099,34.611000,2001,101,0.055000
1609059797.837285042,18.806000,2000,102,0.024000
1609059797.838882685,11.442000,2010,100,0.024000
1609059797.862257481,10.903000,2001,100,0.055000
1609059797.887276173,34.619999,2000,101,0.056000
1609059797.887972116,18.736000,2010,102,0.055000
1609059797.912306786,19.313000,2001,102,0.055000
1609059797.912985086,11.801000,2011,100,0.024000
1609059797.962266445,11.341000,2000,100,0.055000
1609059797.987235785,34.662998,2001,101,0.055000
1609059798.012301683,18.874001,2000,102,0.055000
1609059798.012963057,11.358000,2010,100,0.055000
1609059798.087226391,19.388000,2001,102,0.055000
1609059798.087958574,11.782000,2011,100,0.024000
1609059798.137241840,11.247000,2000,100,0.055000
1609059798.162320137,34.681999,2001,101,0.055000
1609059798.187256336,18.975000,2000,102,0.055000
1609059798.187968969,11.281000,2010,100,0.055000
1609059798.212304115,10.732000,2001,100,0.055000
1609059798.212978840,33.887001,2011,101,0.056000
1609059798.262286901,19.497000,2001,102,0.024000
1609059798.263041973,11.687000,2011,100,0.055000
1609059798.312287569,11.148000,2000,100,0.024000
1609059798.337290525,34.693001,2001,101,0.055000
1609059798.362275839,19.118000,2000,102,0.055000
1609059798.362963200,11.198000,2010,100,0.055000
1609059798.387253284,10.658000,2001,100,0.055000
1609059798.411737204,38.221001,2000,101,10.536000
1609059798.413044691,19.077999,2010,102,0.055000
1609059798.437292099,19.641001,2001,102,0.055000
1609059798.437948942,11.560000,2011,100,0.055000
1609059798.487224579,11.056000,2000,100,0.055000
1609059798.487996340,34.209999,2010,101,0.056000
1609059798.512249231,34.710999,2001,101,0.055000
1609059798.537247658,19.193001,2000,102,0.055000
1609059798.537959576,11.090000,2010,100,0.055000
1609059798.562277317,10.567000,2001,100,0.055000
1609059798.562988758,33.945999,2011,101,0.056000
1609059798.587255001,34.703999,2000,101,0.056000
1609059798.612290859,19.721001,2001,102,0.055000
1609059798.612963438,11.428000,2011,100,0.055000
1609059798.662227869,10.964000,2000,100,0.055000
1609059798.663036585,34.326000,2010,101,0.055000
1609059798.687234879,34.688999,2001,101,0.055000
1609059798.712295294,19.334000,2000,102,0.055000
1609059798.712979317,11.039000,2010,100,0.055000
1609059798.737245560,10.489000,2001,100,0.024000
1609059798.737967730,33.907001,2011,101,0.056000
1609059798.762235165,34.717999,2000,101,0.056000
1609059798.788015842,11.342000,2011,100,0.055000
1609059798.837260008,10.875000,2000,100,0.055000
1609059798.838021994,33.976002,2010,101,0.056000
1609059798.862228155,34.738998,2001,101,0.055000
1609059798.887255430,19.424000,2000,102,0.055000
1609059798.887944460,10.964000,2010,100,0.055000
1609059798.912206888,10.370000,2001,100,0.055000
1609059798.936677933,39.943001,2000,101,10.536000
1609059798.937798023,19.673000,2010,102,0.055000
1609059798.962971210,11.258000,2011,100,0.055000
1609059799.012261629,10.759000,2000,100,0.055000
1609059799.037275076,34.748001,2001,101,0.055000
1609059799.087265253,10.350000,2001,100,0.024000
1609059799.088519335,34.006001,2011,101,0.056000
1609059799.112457037,34.155998,2010,102,0.268000
1609059799.137214422,20.073999,2001,102,0.024000
1609059799.138719559,11.151000,2011,100,0.024000
1609059799.187192678,10.722000,2000,100,0.024000
1609059799.188010693,33.994999,2010,101,0.056000
1609059799.212255955,34.743000,2001,101,0.055000
1609059799.237195969,19.627001,2000,102,0.024000
1609059799.237929821,10.831000,2010,100,0.055000
1609059799.262229681,10.287000,2001,100,0.055000
1609059799.286718845,45.441002,2000,101,0.129000
1609059799.313050985,11.118000,2011,100,0.055000
1609059799.362279177,10.638000,2000,100,0.055000
1609059799.363139868,34.041000,2010,101,0.056000
1609059799.412636280,19.729000,2000,102,0.055000
1609059799.413063526,10.809000,2010,100,0.055000
1609059799.462976694,19.719999,2010,102,0.055000
1609059799.487928152,11.059000,2011,100,0.055000
1609059799.537165880,10.565000,2000,100,0.055000
1609059799.537987232,33.902000,2010,101,0.056000
1609059799.562281609,34.658001,2001,101,0.055000
1609059799.562489748,20.118000,2011,102,0.268000
1609059799.587201595,19.825001,2000,102,0.055000
1609059799.587922096,10.780000,2010,100,0.055000
1609059799.637729168,34.491001,2010,102,0.055000
1609059799.662236214,20.291000,2001,102,0.055000
1609059799.662932158,10.974000,2011,100,0.055000
1609059799.712190151,10.504000,2000,100,0.055000
1609059799.737264633,34.658001,2001,101,0.055000
1609059799.762285471,19.905001,2000,102,0.024000
1609059799.763069153,10.766000,2010,100,0.055000
1609059799.812374830,56.057999,2000,101,10.536000
1609059799.837230206,20.402000,2001,102,0.024000
1609059799.837955475,10.976000,2011,100,0.024000
1609059799.887192726,10.465000,2000,100,0.024000
1609059799.888072014,33.816002,2010,101,10.536000
1609059799.912194252,34.591999,2001,101,0.055000
1609059799.912382126,33.507000,2011,102,0.129000
1609059799.937243462,19.968000,2000,102,0.024000
1609059799.937941790,10.776000,2010,100,0.055000
1609059799.962961674,33.785000,2011,101,0.024000
1609059800.012252331,20.466999,2001,102,0.055000
1609059800.013448238,10.949000,2011,100,0.055000
1609059800.062243223,10.430000,2000,100,0.055000
1609059800.087207556,34.557999,2001,101,0.055000
1609059800.087455034,32.240002,2011,102,0.129000
1609059800.112272978,20.032000,2000,102,0.055000
1609059800.112957954,10.753000,2010,100,0.055000
1609059800.137916565,33.841000,2011,101,0.268000
1609059800.187306166,20.537001,2001,102,0.055000
1609059800.187949896,10.917000,2011,100,0.024000
1609059800.237191677,10.389000,2000,100,0.055000
1609059800.262212753,34.528000,2001,101,0.055000
1609059800.262794495,20.253000,2011,102,0.055000
1609059800.287208319,20.061001,2000,102,0.055000
1609059800.287868977,10.728000,2010,100,0.024000
1609059800.312935114,33.813999,2011,101,0.024000
1609059800.337271452,34.476002,2000,101,0.056000
1609059800.362320900,20.614000,2001,102,0.055000
1609059800.363018036,10.879000,2011,100,0.055000
1609059800.412204742,10.350000,2000,100,0.055000
1609059800.437243938,34.532001,2001,101,0.055000
1609059800.437731743,33.660999,2011,102,0.268000
1609059800.461765528,20.752001,2000,102,0.268000
1609059800.462915421,10.708000,2010,100,0.055000
1609059800.487232208,10.071000,2001,100,0.055000
1609059800.512318134,34.450001,2000,101,0.056000
1609059800.537237883,20.694000,2001,102,0.055000
1609059800.537888527,10.851000,2011,100,0.055000
1609059800.587158680,10.313000,2000,100,0.055000
1609059800.612255335,34.473000,2001,101,0.055000
1609059800.637214899,20.246000,2000,102,0.055000
1609059800.637926579,10.663000,2010,100,0.055000
1609059800.662215710,10.163000,2001,100,0.055000
1609059800.687238216,34.474998,2000,101,0.056000
1609059800.712212563,20.737000,2001,102,0.024000
1609059800.712925434,10.815000,2011,100,0.055000
1609059800.762203693,10.283000,2000,100,0.055000
1609059800.787214518,34.393002,2001,101,0.055000
1609059800.812286139,20.323000,2000,102,0.055000
1609059800.812917948,10.641000,2010,100,0.055000
1609059800.837203979,10.139000,2001,100,0.055000
1609059800.837949753,33.730000,2011,101,0.056000
1609059800.862237930,34.487999,2000,101,0.056000
1609059800.887906313,10.791000,2011,100,0.055000
1609059800.937260151,10.245000,2000,100,0.055000
1609059800.937947035,33.810001,2010,101,0.056000
1609059800.962250710,34.441002,2001,101,0.055000
1609059800.987229586,20.402000,2000,102,0.055000
1609059800.987964630,10.657000,2010,100,0.055000
1609059801.012266874,10.011000,2001,100,0.055000
1609059801.014232159,34.108002,2011,101,0.056000
1609059801.037309647,34.453999,2000,101,0.056000
1609059801.062214613,20.938999,2001,102,0.055000
1609059801.062884092,10.756000,2011,100,0.055000
1609059801.112205982,10.213000,2000,100,0.055000
1609059801.112942219,33.630001,2010,101,10.536000
1609059801.137240171,34.435001,2001,101,0.055000
1609059801.162093163,20.804001,2000,102,0.055000
1609059801.162901640,10.647000,2010,100,0.055000
1609059801.187904835,33.648998,2011,101,0.056000
1609059801.237200022,21.030001,2001,102,0.055000
1609059801.237921715,10.734000,2011,100,0.055000
1609059801.287171364,10.187000,2000,100,0.055000
1609059801.287943840,33.750999,2010,101,10.536000
1609059801.312251091,34.388000,2001,101,0.055000
1609059801.337228298,21.141001,2000,102,0.055000
1609059801.337888241,10.634000,2010,100,0.055000
1609059801.362204313,9.993000,2001,100,0.055000
1609059801.362960577,33.626999,2011,101,0.268000
1609059801.387279272,34.396000,2000,101,0.056000
1609059801.412196398,21.136999,2001,102,0.024000
1609059801.412949324,10.711000,2011,100,0.055000
1609059801.462224245,10.199000,2000,100,0.055000
1609059801.462924719,34.049000,2010,101,0.056000
1609059801.487266541,34.448002,2001,101,0.055000
1609059801.512278318,20.664000,2000,102,0.055000
1609059801.512965441,10.664000,2010,100,0.055000
1609059801.537169933,9.982000,2001,100,0.055000
1609059801.562261581,34.432999,2000,101,0.056000
1609059801.587198257,21.239000,2001,102,0.055000
1609059801.587890148,10.695000,2011,100,0.024000
1609059801.637171984,10.145000,2000,100,0.055000
1609059801.662221909,34.410000,2001,101,0.055000
1609059801.662861824,20.261999,2011,102,0.024000
1609059801.687175274,20.771999,2000,102,0.055000
1609059801.687976122,10.653000,2010,100,0.055000
1609059801.712219715,9.975000,2001,100,0.024000
1609059801.762208223,21.337999,2001,102,0.055000
1609059801.763196468,10.669000,2011,100,0.055000
1609059801.812167406,10.115000,2000,100,0.055000
1609059801.812955618,33.967999,2010,101,0.056000
1609059801.837145329,34.404999,2001,101,0.024000
1609059801.862197876,20.874001,2000,102,0.055000
1609059801.887201309,9.967000,2001,100,0.024000
1609059801.912330151,34.382999,2000,101,0.056000
1609059801.937245607,21.415001,2001,102,0.055000
1609059801.937947989,10.632000,2011,100,0.055000
1609059801.987133265,10.111000,2000,100,0.055000
1609059801.987895727,33.669998,2010,101,10.536000
1609059802.012239218,34.381001,2001,101,0.055000
1609059802.062137127,9.950000,2001,100,0.055000
1609059802.062916517,34.087002,2011,101,0.055000
1609059802.087305307,51.804001,2000,101,0.056000
1609059802.112232924,21.450001,2001,102,0.055000
1609059802.112869978,10.595000,2011,100,0.055000
1609059802.162170172,10.030000,2000,100,0.055000
1609059802.187209368,34.375999,2001,101,0.055000
1609059802.212292433,21.061001,2000,102,0.024000
1609059802.213091612,10.608000,2010,100,0.055000
1609059802.237183332,9.919000,2001,100,0.055000
1609059802.262303352,34.448002,2000,101,0.056000
1609059802.287162781,21.539000,2001,102,0.055000
1609059802.287871122,10.546000,2011,100,0.055000
1609059802.337142706,9.976000,2000,100,0.024000
1609059802.337878227,33.734001,2010,101,0.056000
1609059802.362176657,34.410999,2001,101,0.055000
1609059802.387187958,21.107000,2000,102,0.055000
1609059802.412229061,9.881000,2001,100,0.024000
1609059802.462208748,21.730000,2001,102,0.055000
1609059802.463007689,10.464000,2011,100,0.055000
1609059802.512172461,9.924000,2000,100,0.055000
1609059802.512990952,34.040001,2010,101,0.056000
1609059802.537208557,34.414001,2001,101,0.055000
1609059802.587136745,9.846000,2001,100,0.055000
1609059802.587861061,33.641998,2011,101,0.056000
1609059802.611791611,34.223999,2000,101,10.536000
1609059802.637183666,21.787001,2001,102,0.055000
1609059802.637886286,10.405000,2011,100,0.055000
1609059802.687179565,9.870000,2000,100,0.055000
1609059802.687830925,33.630001,2010,101,0.268000
1609059802.712196827,34.407001,2001,101,0.055000
1609059802.737196922,21.273001,2000,102,0.055000
1609059802.737880230,10.381000,2010,100,0.055000
1609059802.762134314,9.812000,2001,100,0.055000
1609059802.812189341,21.858000,2001,102,0.055000
1609059802.812955141,10.382000,2011,100,0.055000
1609059802.862181664,9.846000,2000,100,0.055000
1609059802.887170315,34.398998,2001,101,0.055000
1609059802.937188864,9.772000,2001,100,0.024000
1609059802.937955379,33.606998,2011,101,0.056000
1609059802.962348461,34.401001,2000,101,10.536000
1609059802.987193584,21.922001,2001,102,0.055000
1609059802.987937450,10.264000,2011,100,0.055000
1609059803.037138939,9.807000,2000,100,0.055000
1609059803.062195063,34.387001,2001,101,0.055000
1609059803.062882662,20.933001,2011,102,0.024000
1609059803.087214947,21.420000,2000,102,0.055000
1609059803.087875128,10.287000,2010,100,0.024000
1609059803.112229824,9.749000,2001,100,0.055000
1609059803.136753082,34.012001,2000,101,0.129000
1609059803.162196875,21.975000,2001,102,0.055000
1609059803.162941217,10.283000,2011,100,0.055000
1609059803.212172031,9.776000,2000,100,0.055000
1609059803.237181425,34.194000,2001,101,0.268000
1609059803.262150049,21.402000,2000,102,0.055000
1609059803.262888193,10.270000,2010,100,0.055000
1609059803.287155390,9.731000,2001,100,0.055000
1609059803.312220097,34.589001,2000,101,10.536000
1609059803.337151527,22.014000,2001,102,0.055000
1609059803.337838173,10.249000,2011,100,0.055000
1609059803.387168169,9.755000,2000,100,0.024000
1609059803.412214756,34.327999,2001,101,0.056000
1609059803.437219143,21.496000,2000,102,0.055000
1609059803.437900782,10.261000,2010,100,0.024000
1609059803.462202787,9.723000,2001,100,0.055000
1609059803.462934732,33.650002,2011,101,0.055000
1609059803.487741232,21.596001,2010,102,0.055000
1609059803.512281418,22.035000,2001,102,0.055000
1609059803.513194561,10.199000,2011,100,0.055000
1609059803.562119484,9.757000,2000,100,0.055000
1609059803.587132931,34.320000,2001,101,0.056000
1609059803.612166882,21.507999,2000,102,0.024000
1609059803.612842560,10.266000,2010,100,0.055000
1609059803.637175798,9.735000,2001,100,0.055000
1609059803.637934923,33.575001,2011,101,0.056000
1609059803.661827803,34.126999,2000,101,10.536000
1609059803.687209129,22.055000,2001,102,0.055000
1609059803.687907219,10.281000,2011,100,0.055000
1609059803.737163305,9.748000,2000,100,0.024000
1609059803.738009930,33.595001,2010,101,0.056000
1609059803.762182236,34.264000,2001,101,0.055000
1609059803.762927055,21.023001,2011,102,0.055000
1609059803.787230968,21.516001,2000,102,0.055000
1609059803.787924528,10.361000,2010,100,0.055000
1609059803.812224150,9.750000,2001,100,0.024000
1609059803.912181377,9.756000,2000,100,0.024000
1609059803.913017511,33.279999,2010,101,10.536000
1609059803.937218666,34.153999,2001,101,0.055000
1609059803.937993526,21.010000,2011,102,0.055000
1609059803.962302446,21.495001,2000,102,0.055000
1609059803.962940454,10.382000,2010,100,0.055000
1609059803.987178326,9.771000,2001,100,0.024000
1609059804.012314796,34.119999,2000,101,10.536000
1609059804.087936640,33.338001,2010,101,0.056000
1609059804.112186432,34.076000,2001,101,0.055000
1609059804.137269497,21.464001,2000,102,0.055000
1609059804.137902498,10.396000,2010,100,0.055000
1609059804.162217855,9.766000,2001,100,0.055000
1609059804.187193632,33.933998,2000,101,10.536000
1609059804.187803984,21.546000,2010,102,0.055000
1609059804.212234735,21.986000,2001,102,0.055000
1609059804.212893248,10.247000,2011,100,0.024000
1609059804.262995243,33.688999,2010,101,0.056000
1609059804.287189007,33.998001,2001,101,0.055000
1609059804.312209129,21.443001,2000,102,0.024000
1609059804.312857151,10.334000,2010,100,0.055000
1609059804.337182522,9.784000,2001,100,0.024000
1609059804.387195349,21.881001,2001,102,0.055000
1609059804.387898207,10.198000,2011,100,0.055000
1609059804.437190056,9.781000,2000,100,0.055000
1609059804.439153671,33.022999,2010,101,10.536000
1609059804.462239027,33.921001,2001,101,0.055000
1609059804.487182617,21.372999,2000,102,0.055000
1609059804.487894297,10.354000,2010,100,0.055000
1609059804.512229204,9.791000,2001,100,0.024000
1609059804.612257242,9.771000,2000,100,0.055000
1609059804.612990856,33.183998,2010,101,0.056000
1609059804.637177944,33.854000,2001,101,0.055000
1609059804.662230015,21.400999,2000,102,0.055000
1609059804.662890434,10.373000,2010,100,0.055000
1609059804.686952114,9.812000,2001,100,0.055000
1609059804.687865734,33.166000,2011,101,0.055000
1609059804.737188816,21.902000,2001,102,0.055000
1609059804.787195444,9.785000,2000,100,0.055000
1609059804.812179565,33.757999,2001,101,0.055000
1609059804.837152958,21.384001,2000,102,0.055000
1609059804.837872028,10.387000,2010,100,0.055000
1609059804.861948729,9.828000,2001,100,0.055000
1609059804.887233496,33.862000,2000,101,0.056000
1609059804.962152481,9.775000,2000,100,0.055000
1609059804.962958097,31.153999,2010,101,10.536000
1609059804.987172604,33.619999,2001,101,0.024000
1609059804.987868071,20.879999,2011,102,0.055000
1609059805.012168646,21.367001,2000,102,0.024000
1609059805.012895107,10.401000,2010,100,0.024000
1609059805.037006378,9.837000,2001,100,0.024000
1609059805.087230921,21.826000,2001,102,0.055000
1609059805.087869644,10.304000,2011,100,0.055000
1609059805.137117624,9.704000,2000,100,0.055000
1609059805.162153006,33.714001,2001,101,0.024000
1609059805.187232971,21.374001,2000,102,0.055000
1609059805.187893391,10.406000,2010,100,0.024000
1609059805.212334394,9.875000,2001,100,0.055000
1609059805.213130713,32.882999,2011,101,0.056000
1609059805.262233257,21.785000,2001,102,0.055000
1609059805.312114954,9.728000,2000,100,0.055000
1609059805.337166071,33.653999,2001,101,0.055000
1609059805.362201691,21.339001,2000,102,0.024000
1609059805.362890959,10.444000,2010,100,0.055000
1609059805.387201309,9.878000,2001,100,0.055000
1609059805.387830257,32.834000,2011,101,10.536000
1609059805.437206030,21.917000,2001,102,0.055000
1609059805.487612486,47.736000,2010,101,0.129000
1609059805.512211800,33.587002,2001,101,0.055000
1609059805.537187338,21.358999,2000,102,0.024000
1609059805.537904501,10.414000,2010,100,0.055000
1609059805.562237740,9.880000,2001,100,0.055000
1609059805.587253571,31.985001,2000,101,10.536000
1609059805.662202358,9.707000,2000,100,0.055000
1609059805.662981510,33.194000,2010,101,0.056000
1609059805.687171936,33.585999,2001,101,0.055000
1609059805.712141275,21.355000,2000,102,0.024000
1609059805.714035273,10.408000,2010,100,0.055000
1609059805.737256289,9.765000,2001,100,0.024000
1609059805.737875462,32.894001,2011,101,0.056000
1609059805.787137032,21.795000,2001,102,0.055000
1609059805.787862539,10.308000,2011,100,0.055000
1609059805.837124586,9.661000,2000,100,0.024000
1609059805.838814259,32.868000,2010,101,0.056000
1609059805.862160444,33.424000,2001,101,0.055000
1609059805.887203932,21.358000,2000,102,0.055000
1609059805.887887716,10.399000,2010,100,0.024000
1609059805.912214994,9.861000,2001,100,0.055000
1609059805.912889004,32.756001,2011,101,0.056000
1609059805.962105274,21.910000,2001,102,0.055000
1609059805.962879896,9.863000,2011,100,0.268000
1609059806.012122869,9.637000,2000,100,0.055000
1609059806.037102461,33.464001,2001,101,0.055000
1609059806.040818453,20.804001,2011,102,0.024000
1609059806.062123537,21.309000,2000,102,0.055000
1609059806.063240767,10.386000,2010,100,0.055000
1609059806.087187290,9.858000,2001,100,0.024000
1609059806.087857962,32.770000,2011,101,0.056000
1609059806.137158394,21.841000,2001,102,0.055000
1609059806.137828827,10.369000,2011,100,0.055000
1609059806.187424660,9.609000,2000,100,0.055000
1609059806.212188005,33.436001,2001,101,0.055000
1609059806.212840080,20.816999,2011,102,0.055000
1609059806.237171888,21.333000,2000,102,0.024000
1609059806.237667561,10.370000,2010,100,0.055000
1609059806.262226582,9.831000,2001,100,0.055000
1609059806.262885571,32.674000,2011,101,0.055000
1609059806.312173367,21.854000,2001,102,0.024000
1609059806.312894583,10.402000,2011,100,0.055000
1609059806.362118483,9.584000,2000,100,0.055000
1609059806.362969875,33.171001,2010,101,10.536000
1609059806.387224913,33.382999,2001,101,0.055000
1609059806.412253618,21.306999,2000,102,0.055000
1609059806.412817717,10.349000,2010,100,0.055000
1609059806.437176943,9.773000,2001,100,0.024000
1609059806.437917948,32.729000,2011,101,0.055000
1609059806.487110853,21.847000,2001,102,0.055000
1609059806.489029884,10.287000,2011,100,0.055000
1609059806.537133694,9.552000,2000,100,0.055000
1609059806.562161446,33.432999,2001,101,0.055000
1609059806.587146521,21.309000,2000,102,0.055000
1609059806.587886810,10.393000,2010,100,0.055000
1609059806.612274647,9.758000,2001,100,0.055000
1609059806.612867117,32.728001,2011,101,0.024000
1609059806.637163877,33.798000,2000,101,0.056000
1609059806.662169695,21.806999,2001,102,0.055000
1609059806.712139845,9.525000,2000,100,0.055000
1609059806.737204552,33.422001,2001,101,0.055000
1609059806.762149572,21.347000,2000,102,0.055000
1609059806.763018608,10.402000,2010,100,0.055000
1609059806.787588120,9.733000,2001,100,0.055000
1609059806.787967205,32.757999,2011,101,0.055000
1609059806.812112570,33.590000,2000,101,10.536000
1609059806.837182522,21.822001,2001,102,0.055000
1609059806.912113190,33.720001,2001,101,0.055000
1609059806.937128544,21.375000,2000,102,0.055000
1609059806.938106060,10.377000,2010,100,0.055000
1609059806.962242603,9.738000,2001,100,0.055000
1609059806.962857008,32.728001,2011,101,0.055000
1609059806.987177610,34.060001,2000,101,0.056000
1609059807.012136221,21.797001,2001,102,0.055000
1609059807.012811899,10.183000,2011,100,0.055000
1609059807.062081099,9.441000,2000,100,0.055000
1609059807.062911749,32.716000,2010,101,0.056000
1609059807.087112904,33.386002,2001,101,0.055000
1609059807.112109184,21.393000,2000,102,0.055000
1609059807.112679005,10.239000,2010,100,0.055000
1609059807.137224674,9.716000,2001,100,0.024000
1609059807.137876034,32.723999,2011,101,0.056000
1609059807.187193394,21.858000,2001,102,0.055000
1609059807.237079620,9.404000,2000,100,0.024000
1609059807.262125015,33.666000,2001,101,0.055000
1609059807.262872219,20.857000,2011,102,0.055000
1609059807.287121296,21.408001,2000,102,0.055000
1609059807.287959576,10.283000,2010,100,0.024000
1609059807.312180758,9.653000,2001,100,0.055000
1609059807.312822342,32.778999,2011,101,0.056000
1609059807.337265968,33.629002,2000,101,10.536000
1609059807.362146378,21.826000,2001,102,0.055000
1609059807.412097692,9.368000,2000,100,0.055000
1609059807.437184572,33.355999,2001,101,0.056000
1609059807.462157249,21.423000,2000,102,0.055000
1609059807.462913036,10.286000,2010,100,0.055000
1609059807.487199068,9.701000,2001,100,0.055000
1609059807.487840891,32.757999,2011,101,0.055000
1609059807.537143230,21.868999,2001,102,0.055000
1609059807.587136507,9.292000,2000,100,0.024000
1609059807.612062454,33.428001,2001,101,0.055000
1609059807.637114048,21.426001,2000,102,0.055000
1609059807.637894154,10.222000,2010,100,0.055000
1609059807.662127733,9.633000,2001,100,0.055000
1609059807.662774801,32.799999,2011,101,0.055000
1609059807.687180519,33.908001,2000,101,0.056000
1609059807.712114334,21.792999,2001,102,0.055000
1609059807.787122965,33.657001,2001,101,0.055000
1609059807.812116623,21.384001,2000,102,0.055000
1609059807.812631607,10.071000,2010,100,0.055000
1609059807.837203741,9.604000,2001,100,0.024000
1609059807.837849617,32.748001,2011,101,0.024000
1609059807.887119055,21.841999,2001,102,0.055000
1609059807.937119246,9.227000,2000,100,0.055000
1609059807.938329220,33.215000,2010,101,0.056000
1609059807.962096691,33.678001,2001,101,0.055000
1609059807.987079859,21.361000,2000,102,0.024000
1609059807.987804174,10.163000,2010,100,0.055000
1609059808.012119770,9.549000,2001,100,0.055000
1609059808.012811661,32.741001,2011,101,0.055000
1609059808.037817717,21.285999,2010,102,0.055000
1609059808.062114239,21.716000,2001,102,0.055000
1609059808.112060547,9.200000,2000,100,0.055000
1609059808.137196779,33.370998,2001,101,0.055000
1609059808.137875795,20.770000,2011,102,0.024000
1609059808.162127018,21.341999,2000,102,0.055000
1609059808.163782120,10.154000,2010,100,0.055000
1609059808.187172413,9.533000,2001,100,0.055000
1609059808.187794447,32.730000,2011,101,0.055000
1609059808.212235928,33.431999,2000,101,0.056000
1609059808.237100601,21.705000,2001,102,0.055000
1609059808.237785578,9.872000,2011,100,0.055000
1609059808.287078142,9.223000,2000,100,0.055000
1609059808.312092066,33.299999,2001,101,0.055000
1609059808.337102175,21.320000,2000,102,0.055000
1609059808.337862730,10.179000,2010,100,0.055000
1609059808.362169266,9.565000,2001,100,0.055000
1609059808.362865448,32.777000,2011,101,0.055000
1609059808.387077332,33.741001,2000,101,0.056000
1609059808.412120581,21.774000,2001,102,0.055000
1609059808.462104559,9.200000,2000,100,0.055000
1609059808.512057543,21.332001,2000,102,0.055000
1609059808.514179707,10.175000,2010,100,0.055000
1609059808.537063360,9.587000,2001,100,0.055000
1609059808.537766457,32.639000,2011,101,0.055000
1609059808.562165976,33.691002,2000,101,0.055000
1609059808.586691856,21.554001,2001,102,0.268000
1609059808.662093878,33.110001,2001,101,0.055000
1609059808.687105179,21.299000,2000,102,0.055000
1609059808.687801361,10.173000,2010,100,0.055000
1609059808.712197542,9.555000,2001,100,0.024000
1609059808.712831020,32.644001,2011,101,0.024000
1609059808.737087965,33.419998,2000,101,0.024000
1609059808.762216091,21.625999,2001,102,0.055000
1609059808.812049150,9.185000,2000,100,0.055000
1609059808.837059498,33.188999,2001,101,0.055000
1609059808.837764740,20.680000,2011,102,0.055000
1609059808.862146616,21.261000,2000,102,0.055000
1609059808.862804174,10.173000,2010,100,0.055000
1609059808.887139797,9.518000,2001,100,0.055000
1609059808.887796164,32.688000,2011,101,0.055000
1609059808.912112713,33.636002,2000,101,0.024000
1609059808.937073469,21.632999,2001,102,0.024000
1609059808.987076998,9.186000,2000,100,0.055000
1609059809.012119532,33.147999,2001,101,0.055000
1609059809.037079811,21.191999,2000,102,0.055000
1609059809.037826300,10.166000,2010,100,0.055000
1609059809.062107563,9.543000,2001,100,0.055000
1609059809.064133644,32.534000,2011,101,0.055000
1609059809.087138653,33.630001,2000,101,0.055000
1609059809.112108707,21.646999,2001,102,0.056000
1609059809.112825632,9.907000,2011,100,0.055000
1609059809.187085390,33.119999,2001,101,0.055000
1609059809.212135315,21.201000,2000,102,0.055000
1609059809.212857723,10.169000,2010,100,0.055000
1609059809.237137079,9.459000,2001,100,0.055000
1609059809.240530491,32.578999,2011,101,0.024000
1609059809.262109995,33.331001,2000,101,0.056000
1609059809.287113905,21.634001,2001,102,0.055000
1609059809.287785530,9.895000,2011,100,0.055000
1609059809.337075949,9.162000,2000,100,0.024000
1609059809.337843657,32.551998,2010,101,10.536000
1609059809.362070799,33.074001,2001,101,0.055000
1609059809.362842321,20.594000,2011,102,0.055000
1609059809.387060642,21.176001,2000,102,0.055000
1609059809.387857676,10.155000,2010,100,0.055000
1609059809.412078381,9.493000,2001,100,0.055000
1609059809.412770748,32.588001,2011,101,0.055000
1609059809.437055349,33.264000,2000,101,0.056000
1609059809.462124825,21.586000,2001,102,0.055000
1609059809.512050867,9.144000,2000,100,0.055000
1609059809.513961554,32.833000,2010,101,0.056000
1609059809.537194014,33.109001,2001,101,0.055000
1609059809.537773609,20.566999,2011,102,0.055000
1609059809.562128544,21.120001,2000,102,0.055000
1609059809.562823057,10.057000,2010,100,0.055000
1609059809.587134600,9.467000,2001,100,0.024000
1609059809.587822199,32.536999,2011,101,0.055000
1609059809.612107038,33.236000,2000,101,0.056000
1609059809.637137413,21.566000,2001,102,0.055000
1609059809.687085629,9.122000,2000,100,0.055000
1609059809.712092876,33.300999,2001,101,0.024000
1609059809.737150669,21.096001,2000,102,0.055000
1609059809.737785816,10.046000,2010,100,0.055000
1609059809.762141943,9.456000,2001,100,0.055000
1609059809.763965607,32.487000,2011,101,0.055000
1609059809.787090063,33.258999,2000,101,0.056000
1609059809.812182426,21.544001,2001,102,0.056000
1609059809.862098455,9.105000,2000,100,0.055000
1609059809.887869596,33.036999,2001,101,0.055000
1609059809.912436485,21.070000,2000,102,0.024000
1609059809.912876368,10.020000,2010,100,0.055000
1609059809.936983824,9.351000,2001,100,0.024000
1609059809.937767029,32.466000,2011,101,0.024000
1609059809.962108612,33.208000,2000,101,0.055000
1609059809.962781668,20.938999,2010,102,0.055000
1609059809.987162590,21.482000,2001,102,0.055000
1609059810.037079573,9.073000,2000,100,0.055000
1609059810.062142134,32.991001,2001,101,0.055000
1609059810.062753201,20.497999,2011,102,0.055000
1609059810.087060213,21.055000,2000,102,0.024000
1609059810.087781429,9.995000,2010,100,0.024000
1609059810.112125874,9.401000,2001,100,0.055000
1609059810.112760067,32.393002,2011,101,0.055000
1609059810.137070417,33.195999,2000,101,0.024000
1609059810.162130117,21.426001,2001,102,0.055000
1609059810.212099552,9.053000,2000,100,0.055000
1609059810.237045050,32.988998,2001,101,0.055000
1609059810.262063503,21.070999,2000,102,0.055000
1609059810.262900829,9.981000,2010,100,0.055000
1609059810.287126303,9.366000,2001,100,0.024000
1609059810.287829638,32.483002,2011,101,0.055000
1609059810.312103033,33.194000,2000,101,0.056000
1609059810.338158131,21.490999,2001,102,0.055000
1609059810.387059450,9.030000,2000,100,0.055000
1609059810.412104130,32.986000,2001,101,0.055000
1609059810.412768602,20.441000,2011,102,0.055000
1609059810.437109232,21.009001,2000,102,0.055000
1609059810.437821388,9.940000,2010,100,0.024000
1609059810.461872101,9.257000,2001,100,0.024000
1609059810.462768316,32.445000,2011,101,0.024000
1609059810.487168550,33.176998,2000,101,0.056000
1609059810.512069702,21.431000,2001,102,0.055000
1609059810.562064409,9.004000,2000,100,0.055000
1609059810.587054729,33.007000,2001,101,0.055000
1609059810.587733269,20.454000,2011,102,0.055000
1609059810.612145901,21.032000,2000,102,0.055000
1609059810.612751961,9.867000,2010,100,0.055000
1609059810.637095928,9.293000,2001,100,0.024000
1609059810.637805939,32.438000,2011,101,0.055000
1609059810.662170410,33.216999,2000,101,0.056000
1609059810.687099934,21.391001,2001,102,0.055000
1609059810.737072945,8.942000,2000,100,0.055000
1609059810.762036562,33.054001,2001,101,0.055000
1609059810.762770653,20.388000,2011,102,0.055000
1609059810.787079096,21.021999,2000,102,0.024000
1609059810.787589788,9.831000,2010,100,0.055000
1609059810.813240767,32.448002,2011,101,0.055000
1609059810.813733339,9.256000,2001,100,0.024000
1609059810.837154388,33.528999,2000,101,0.056000
1609059810.862193346,21.462000,2001,102,0.055000
1609059810.937024117,33.060001,2001,101,0.024000
1609059810.937745094,20.441999,2011,102,0.055000
1609059810.962092400,21.021000,2000,102,0.024000
1609059810.962644339,9.792000,2010,100,0.055000
1609059810.987089872,9.217000,2001,100,0.024000
1609059810.987761497,32.487000,2011,101,0.055000
1609059811.012165308,33.242001,2000,101,0.056000
1609059811.037097216,21.419001,2001,102,0.055000
1609059811.087046385,8.896000,2000,100,0.055000
1609059811.112050772,32.965000,2001,101,0.056000
1609059811.137066841,21.003000,2000,102,0.024000
1609059811.137535572,9.755000,2010,100,0.055000
1609059811.162117720,9.178000,2001,100,0.055000
1609059811.162784576,32.480999,2011,101,0.055000
1609059811.187169552,33.202000,2000,101,10.536000
1609059811.188761234,20.868999,2010,102,0.024000
1609059811.212050200,21.431999,2001,102,0.055000
1609059811.262012005,8.866000,2000,100,0.055000
1609059811.287214518,33.083000,2001,101,0.055000
1609059811.312075615,20.975000,2000,102,0.055000
1609059811.312543631,9.717000,2010,100,0.024000
1609059811.337038994,9.141000,2001,100,0.055000
1609059811.337812901,32.504002,2011,101,0.024000
1609059811.362096786,33.153000,2000,101,0.056000
1609059811.387159348,21.268999,2001,102,0.055000
1609059811.438947916,8.794000,2000,100,0.055000
1609059811.439396381,32.728001,2010,101,0.056000
1609059811.462085247,33.316002,2001,101,0.055000
1609059811.462736607,20.389000,2011,102,0.055000
1609059811.487057686,20.878000,2000,102,0.024000
1609059811.487548828,9.681000,2010,100,0.055000
1609059811.512095928,9.110000,2001,100,0.055000
1609059811.514027596,32.476002,2011,101,0.055000
1609059811.562105894,21.246000,2001,102,0.055000
1609059811.612003088,8.770000,2000,100,0.055000
1609059811.637144804,33.092999,2001,101,0.055000
1609059811.662057877,20.896999,2000,102,0.055000
1609059811.662740231,9.654000,2010,100,0.055000
1609059811.687096834,9.109000,2001,100,0.055000
1609059811.687747717,32.492001,2011,101,0.024000
1609059811.712088585,33.237999,2000,101,0.056000
1609059811.737036228,21.179001,2001,102,0.055000
1609059811.787042379,8.743000,2000,100,0.055000
1609059811.787992716,32.734001,2010,101,10.536000
1609059811.812035561,33.112000,2001,101,0.055000
1609059811.812756062,20.333000,2011,102,0.055000
1609059811.837030411,20.868999,2000,102,0.055000
1609059811.837733746,9.622000,2010,100,0.055000
1609059811.862030983,8.975000,2001,100,0.055000
1609059811.862769127,32.352001,2011,101,0.024000
1609059811.887087345,33.282001,2000,101,0.056000
1609059811.912107944,21.288000,2001,102,0.055000
1609059811.961973667,8.712000,2000,100,0.055000
1609059811.962799072,33.375000,2010,101,0.056000
1609059811.987017870,32.952999,2001,101,0.268000
1609059811.987765789,20.302000,2011,102,0.055000
1609059812.012060404,20.837999,2000,102,0.055000
1609059812.012772083,9.593000,2010,100,0.024000
1609059812.037088633,9.045000,2001,100,0.055000
1609059812.037758589,32.497002,2011,101,0.055000
1609059812.062019587,33.186001,2000,101,0.056000
1609059812.087027311,21.288000,2001,102,0.055000
1609059812.137011051,8.689000,2000,100,0.055000
1609059812.162034750,33.053001,2001,101,0.055000
1609059812.162998199,20.268999,2011,102,0.024000
1609059812.187011719,20.797001,2000,102,0.055000
1609059812.187709570,9.559000,2010,100,0.055000
1609059812.212142944,8.969000,2001,100,0.024000
1609059812.212743998,32.507000,2011,101,0.024000
1609059812.237019539,33.276001,2000,101,0.056000
1609059812.312071800,8.655000,2000,100,0.055000
1609059812.362082958,20.780001,2000,102,0.055000
1609059812.362782955,9.526000,2010,100,0.055000
1609059812.387107611,8.946000,2001,100,0.024000
1609059812.412032127,33.282001,2000,101,0.056000
1609059812.437057972,21.090000,2001,102,0.055000
1609059812.486993551,8.665000,2000,100,0.055000
1609059812.487813473,32.429001,2010,101,0.056000
1609059812.512023211,33.143002,2001,101,0.024000
1609059812.512736559,20.198000,2011,102,0.055000
1609059812.537031174,20.726999,2000,102,0.055000
1609059812.537825346,9.538000,2010,100,0.024000
1609059812.561818838,8.839000,2001,100,0.055000
1609059812.562764645,32.560001,2011,101,0.024000
1609059812.587000370,33.279999,2000,101,0.056000
1609059812.612061501,21.253000,2001,102,0.055000
1609059812.612944365,9.420000,2011,100,0.055000
1609059812.661984682,8.644000,2000,100,0.055000
1609059812.687038422,33.150002,2001,101,0.055000
1609059812.687773228,20.152000,2011,102,0.055000
1609059812.712017536,20.731001,2000,102,0.055000
1609059812.712999344,9.515000,2010,100,0.055000
1609059812.737032890,8.918000,2001,100,0.055000
1609059812.762015104,33.324001,2000,101,0.056000
1609059812.837038994,8.629000,2000,100,0.055000
1609059812.862008810,33.132999,2001,101,0.055000
1609059812.862728834,20.059000,2011,102,0.055000
1609059812.887015820,20.604000,2000,102,0.055000
1609059812.887513399,9.457000,2010,100,0.055000
1609059812.912116528,8.862000,2001,100,0.055000
1609059812.912759781,32.568001,2011,101,0.024000
1609059812.962004662,21.136000,2001,102,0.055000
1609059813.011958838,8.614000,2000,100,0.055000
1609059813.037043095,33.116001,2001,101,0.055000
1609059813.037917376,19.975000,2011,102,0.055000
1609059813.062072515,20.570000,2000,102,0.055000
1609059813.062801361,9.481000,2010,100,0.055000
1609059813.087047100,8.854000,2001,100,0.055000
1609059813.087720633,32.506001,2011,101,0.024000
1609059813.112078190,33.264000,2000,101,0.055000
1609059813.137033463,21.063000,2001,102,0.055000
1609059813.186977863,8.619000,2000,100,0.024000
1609059813.187705517,31.034000,2010,101,10.536000
1609059813.211997986,33.066002,2001,101,0.055000
1609059813.212758303,19.962000,2011,102,0.055000
1609059813.237039328,20.514999,2000,102,0.055000
1609059813.237490654,9.441000,2010,100,0.055000
1609059813.262091875,8.836000,2001,100,0.055000
1609059813.287087202,33.209999,2000,101,0.056000
1609059813.311556339,20.718000,2001,102,0.268000
1609059813.362008572,8.628000,2000,100,0.055000
1609059813.386981726,33.081001,2001,101,0.055000
1609059813.387703896,19.884001,2011,102,0.055000
1609059813.411991358,20.431000,2000,102,0.055000
1609059813.412752151,9.438000,2010,100,0.024000
1609059813.437044859,8.846000,2001,100,0.055000
1609059813.438903093,32.473999,2011,101,0.055000
1609059813.462041378,33.219002,2000,101,0.056000
1609059813.486999750,20.906000,2001,102,0.055000
1609059813.537028551,8.639000,2000,100,0.055000
1609059813.562074661,33.089001,2001,101,0.055000
1609059813.562762737,19.808001,2011,102,0.055000
1609059813.587025642,20.382000,2000,102,0.055000
1609059813.587784529,9.452000,2010,100,0.055000
1609059813.612075567,8.880000,2001,100,0.055000
1609059813.612732649,32.412998,2011,101,0.055000
1609059813.637051344,33.105000,2000,101,0.056000
1609059813.637763977,20.240000,2010,102,0.055000
1609059813.661987305,20.742001,2001,102,0.055000
1609059813.711936474,8.651000,2000,100,0.024000
1609059813.737015963,33.019001,2001,101,0.055000
1609059813.737791300,19.729000,2011,102,0.055000
1609059813.761972427,20.273001,2000,102,0.055000
1609059813.762805700,9.463000,2010,100,0.055000
1609059813.787044287,8.845000,2001,100,0.055000
1609059813.787721872,32.410999,2011,101,0.055000
1609059813.812046766,32.960999,2000,101,10.536000
1609059813.837011814,20.707001,2001,102,0.055000
1609059813.886975765,8.670000,2000,100,0.055000
1609059813.911957264,32.938999,2001,101,0.055000
1609059813.912694454,19.646999,2011,102,0.055000
1609059813.937004328,20.188999,2000,102,0.055000
1609059813.937713623,9.481000,2010,100,0.055000
1609059813.962023020,8.870000,2001,100,0.055000
1609059813.962771893,32.301998,2011,101,0.055000
1609059814.012015343,20.615000,2001,102,0.055000
1609059814.061948538,8.659000,2000,100,0.055000
1609059814.086991310,32.907001,2001,101,0.024000
1609059814.087760210,19.534000,2011,102,0.055000
1609059814.112042665,20.063000,2000,102,0.055000
1609059814.112741232,9.500000,2010,100,0.055000
1609059814.137036324,8.922000,2001,100,0.024000
1609059814.137711525,32.375000,2011,101,0.024000
1609059814.162034512,33.084000,2000,101,0.055000
1609059814.187101126,20.541000,2001,102,0.024000
1609059814.236982584,8.723000,2000,100,0.055000
1609059814.261968136,32.884998,2001,101,0.055000
1609059814.262847185,19.455999,2011,102,0.024000
1609059814.286978483,20.016001,2000,102,0.055000
1609059814.287705898,9.514000,2010,100,0.055000
1609059814.312004328,8.910000,2001,100,0.055000
1609059814.312683105,32.300999,2011,101,0.055000
1609059814.336992025,33.028000,2000,101,0.056000
1609059814.361958981,20.461000,2001,102,0.055000
1609059814.411938906,8.709000,2000,100,0.055000
1609059814.413269997,32.601002,2010,101,0.056000
1609059814.436988592,32.814999,2001,101,0.055000
1609059814.437672138,19.355000,2011,102,0.055000
1609059814.461956739,19.979000,2000,102,0.024000
1609059814.462721348,9.542000,2010,100,0.055000
1609059814.487020969,8.928000,2001,100,0.055000
1609059814.488075256,32.291000,2011,101,0.055000
1609059814.511930227,32.992001,2000,101,0.055000
1609059814.536988258,20.371000,2001,102,0.024000
1609059814.586902618,8.778000,2000,100,0.055000
1609059814.587718964,32.162998,2010,101,0.056000
1609059814.611928940,32.787998,2001,101,0.055000
1609059814.637014389,19.889999,2000,102,0.055000
1609059814.637701511,9.563000,2010,100,0.055000
1609059814.661944151,8.880000,2001,100,0.024000
1609059814.686945438,32.880001,2000,101,0.055000
1609059814.711954117,20.294001,2001,102,0.055000
1609059814.761984348,8.765000,2000,100,0.055000
1609059814.762807846,32.432999,2010,101,0.056000
1609059814.786923647,32.729000,2001,101,0.055000
1609059814.787685156,19.233000,2011,102,0.055000
1609059814.811989307,19.773001,2000,102,0.055000
1609059814.812699080,9.587000,2010,100,0.055000
1609059814.836871386,8.907000,2001,100,0.055000
1609059814.837737083,32.217999,2011,101,0.055000
1609059814.862059355,32.958000,2000,101,0.055000
1609059814.886983156,20.215000,2001,102,0.055000
1609059814.937724590,32.237000,2010,101,0.056000
1609059814.986954927,19.688999,2000,102,0.055000
1609059814.987697840,9.608000,2010,100,0.055000
1609059815.012019634,8.984000,2001,100,0.055000
1609059815.012740374,32.194000,2011,101,0.055000
1609059815.036982298,32.916000,2000,101,0.055000
1609059815.061937332,20.091999,2001,102,0.055000
1609059815.062701702,9.550000,2011,100,0.055000
1609059815.111939430,8.817000,2000,100,0.055000
1609059815.136990547,32.702000,2001,101,0.055000
1609059815.162031889,19.653999,2000,102,0.055000
1609059815.162702322,9.631000,2010,100,0.055000
1609059815.187084913,9.037000,2001,100,0.055000
1609059815.211971045,32.845001,2000,101,0.055000
1609059815.236977100,20.007000,2001,102,0.055000
1609059815.237667561,9.686000,2011,100,0.055000
1609059815.286933661,8.837000,2000,100,0.055000
1609059815.312672615,18.997000,2011,102,0.055000
1609059815.313203096,32.625000,2001,101,0.055000
1609059815.336999655,19.544001,2000,102,0.055000
1609059815.337809086,9.675000,2010,100,0.055000
1609059815.362030268,9.044000,2001,100,0.055000
1609059815.362790108,32.129002,2011,101,0.024000
1609059815.386981964,32.865002,2000,101,0.055000
1609059815.411957741,19.964001,2001,102,0.024000
1609059815.461924076,8.858000,2000,100,0.024000
1609059815.486955404,32.632999,2001,101,0.055000
1609059815.487774372,18.872999,2011,102,0.055000
1609059815.512026310,19.459999,2000,102,0.055000
1609059815.512839079,9.657000,2010,100,0.055000
1609059815.536746264,9.017000,2001,100,0.055000
1609059815.561991215,32.844002,2000,101,0.055000
1609059815.586953402,19.888000,2001,102,0.055000
1609059815.636964560,8.921000,2000,100,0.055000
1609059815.637737036,32.005001,2010,101,0.056000
1609059815.662013292,32.610001,2001,101,0.055000
1609059815.662764072,18.829000,2011,102,0.024000
1609059815.686950207,19.375999,2000,102,0.055000
1609059815.687832355,9.660000,2010,100,0.055000
1609059815.711988449,9.066000,2001,100,0.055000
1609059815.736974955,32.820999,2000,101,0.055000
1609059815.761974812,19.799000,2001,102,0.055000
1609059815.811972380,8.925000,2000,100,0.055000
1609059815.836994648,32.594002,2001,101,0.024000
1609059815.837771177,18.752001,2011,102,0.055000
1609059815.861995220,19.295000,2000,102,0.055000
1609059815.862712622,9.710000,2010,100,0.024000
1609059815.886959076,9.074000,2001,100,0.024000
1609059815.887691259,31.980000,2011,101,0.055000
1609059815.937000275,19.719999,2001,102,0.055000
1609059816.012372255,32.577000,2001,101,0.055000
1609059816.012826681,18.638000,2011,102,0.055000
1609059816.037006855,19.247000,2000,102,0.055000
1609059816.037742376,9.686000,2010,100,0.055000
1609059816.062031746,9.045000,2001,100,0.024000
1609059816.062676191,32.002998,2011,101,0.055000
1609059816.086940050,32.742001,2000,101,0.055000
1609059816.111981630,19.643999,2001,102,0.055000
1609059816.112689495,9.832000,2011,100,0.024000
1609059816.162672520,31.980999,2010,101,0.056000
1609059816.186937571,32.562000,2001,101,0.055000
1609059816.187808514,18.556000,2011,102,0.055000
1609059816.212846041,9.696000,2010,100,0.055000
1609059816.237009764,9.094000,2001,100,0.055000
1609059816.237721205,31.946999,2011,101,0.055000
1609059816.262042761,32.722000,2000,101,0.056000
1609059816.286953211,19.572001,2001,102,0.055000
1609059816.287736654,9.854000,2011,100,0.055000
1609059816.337021828,9.097000,2000,100,0.055000
1609059816.361968517,32.551998,2001,101,0.055000
1609059816.386937857,19.056999,2000,102,0.055000
1609059816.388505220,9.744000,2010,100,0.055000
1609059816.411993742,9.099000,2001,100,0.055000
1609059816.412657738,31.935001,2011,101,0.055000
1609059816.436992645,32.752998,2000,101,0.056000
1609059816.461937904,19.542999,2001,102,0.055000
1609059816.462632895,9.973000,2011,100,0.055000
1609059816.511940956,9.092000,2000,100,0.024000
1609059816.537717581,18.412001,2011,102,0.055000
1609059816.561921597,18.975000,2000,102,0.055000
1609059816.562693119,9.717000,2010,100,0.055000
1609059816.586991310,9.109000,2001,100,0.055000
1609059816.611941099,32.409000,2000,101,10.536000
1609059816.637042522,19.476000,2001,102,0.055000
1609059816.637637138,9.796000,2011,100,0.055000
1609059816.686959028,9.152000,2000,100,0.055000
1609059816.711953163,32.497002,2001,101,0.055000
1609059816.712657690,18.315001,2011,102,0.055000
1609059816.736937046,18.943001,2000,102,0.024000
1609059816.737647295,9.724000,2010,100,0.055000
1609059816.761958599,9.157000,2001,100,0.055000
1609059816.762769699,31.896000,2011,101,0.055000
1609059816.811979055,19.413000,2001,102,0.055000
1609059816.813925266,9.699000,2011,100,0.268000
1609059816.861906052,9.216000,2000,100,0.055000
1609059816.886940241,32.525002,2001,101,0.055000
1609059816.887625456,18.250000,2011,102,0.024000
1609059816.911932707,18.787001,2000,102,0.055000
1609059816.912655115,9.703000,2010,100,0.055000
1609059816.936969519,9.083000,2001,100,0.055000
1609059816.937627554,31.942001,2011,101,0.024000
1609059816.961971760,32.480999,2000,101,10.536000
1609059816.986952305,19.201000,2001,102,0.055000
1609059816.987642527,10.162000,2011,100,0.024000
1609059817.061976671,32.509998,2001,101,0.055000
1609059817.086949110,18.756001,2000,102,0.055000
1609059817.087630987,9.748000,2010,100,0.055000
1609059817.111717701,9.111000,2001,100,0.024000
1609059817.112722635,31.859001,2011,101,0.024000
1609059817.136989355,32.568001,2000,101,10.536000
1609059817.161970377,19.191000,2001,102,0.055000
1609059817.261910200,18.702999,2000,102,0.055000
1609059817.262808561,9.763000,2010,100,0.055000
1609059817.286822081,9.112000,2001,100,0.055000
1609059817.336881399,19.093000,2001,102,0.055000
1609059817.386892080,9.226000,2000,100,0.055000
1609059817.413991213,18.004000,2011,102,0.055000
1609059817.414466858,32.478001,2001,101,0.268000
1609059817.437057972,18.614000,2000,102,0.024000
1609059817.437778234,9.778000,2010,100,0.055000
1609059817.461948633,9.121000,2001,100,0.055000
1609059817.462637663,31.868000,2011,101,0.055000
1609059817.486896753,32.622002,2000,101,0.055000
1609059817.511958361,19.002001,2001,102,0.055000
1609059817.512638807,9.862000,2011,100,0.055000
1609059817.586904764,32.535999,2001,101,0.055000
1609059817.611918688,18.542999,2000,102,0.024000
1609059817.612621546,9.784000,2010,100,0.055000
1609059817.636946917,9.133000,2001,100,0.055000
1609059817.661954165,32.683998,2000,101,0.055000
1609059817.686908007,18.934000,2001,102,0.055000
1609059817.687632561,9.919000,2011,100,0.055000
1609059817.736895800,9.247000,2000,100,0.055000
1609059817.762713432,17.882000,2011,102,0.055000
1609059817.786907196,18.476000,2000,102,0.055000
1609059817.787621260,9.787000,2010,100,0.055000
1609059817.812043905,9.130000,2001,100,0.055000
1609059817.836977959,32.623001,2000,101,0.056000
1609059817.861924410,18.934000,2001,102,0.055000
1609059817.862936974,9.887000,2011,100,0.055000
1609059817.911947966,9.256000,2000,100,0.055000
1609059817.936958790,32.542000,2001,101,0.055000
1609059817.961893559,18.388000,2000,102,0.055000
1609059817.962667227,9.804000,2010,100,0.055000
1609059817.986906767,9.129000,2001,100,0.055000
1609059817.987747908,31.967999,2011,101,0.055000
1609059818.011922359,32.568001,2000,101,0.268000
1609059818.036986351,18.809999,2001,102,0.055000
1609059818.037899971,9.927000,2011,100,0.055000
1609059818.086966276,9.225000,2000,100,0.024000
1609059818.087938786,31.792000,2010,101,10.536000
1609059818.111897945,32.563000,2001,101,0.055000
1609059818.136962652,18.336000,2000,102,0.055000
1609059818.137670755,9.758000,2010,100,0.055000
1609059818.162658930,31.936001,2011,101,0.055000
1609059818.186953545,32.723999,2000,101,0.055000
1609059818.187621117,18.208000,2010,102,0.055000
1609059818.211967468,18.857000,2001,102,0.055000
1609059818.212646961,9.921000,2011,100,0.055000
1609059818.261904716,9.222000,2000,100,0.024000
1609059818.262784481,32.353001,2010,101,0.056000
1609059818.286855936,32.604000,2001,101,0.055000
1609059818.311890602,18.327000,2000,102,0.055000
1609059818.312942266,9.744000,2010,100,0.055000
1609059818.336850405,9.091000,2001,100,0.055000
1609059818.337624550,31.889000,2011,101,0.024000
1609059818.361906767,32.841999,2000,101,0.055000
1609059818.386917353,18.723000,2001,102,0.055000
1609059818.387603045,9.918000,2011,100,0.055000
1609059818.436866999,9.247000,2000,100,0.055000
1609059818.461933851,32.716000,2001,101,0.055000
1609059818.462611437,17.681999,2011,102,0.055000
1609059818.486925840,18.223000,2000,102,0.055000
1609059818.487639427,9.731000,2010,100,0.055000
1609059818.511923075,9.076000,2001,100,0.055000
1609059818.561898232,18.676001,2001,102,0.055000
1609059818.562653303,9.937000,2011,100,0.055000
1609059818.611846209,9.241000,2000,100,0.024000
1609059818.636886358,32.695000,2001,101,0.055000
1609059818.637633324,17.612000,2011,102,0.055000
1609059818.661936998,18.254999,2000,102,0.055000
1609059818.686876297,9.053000,2001,100,0.055000
1609059818.711879015,32.867001,2000,101,0.055000
1609059818.736958504,18.635000,2001,102,0.055000
1609059818.737635612,9.894000,2011,100,0.055000
1609059818.786861181,9.219000,2000,100,0.024000
1609059818.811880589,32.733002,2001,101,0.055000
1609059818.812712908,17.608999,2011,102,0.055000
1609059818.836870670,18.219000,2000,102,0.024000
1609059818.837642193,9.676000,2010,100,0.024000
1609059818.861918449,9.028000,2001,100,0.055000
1609059818.886843920,32.922001,2000,101,0.055000
1609059818.911900759,18.573999,2001,102,0.055000
1609059818.912695885,9.876000,2011,100,0.055000
1609059818.961869240,9.219000,2000,100,0.055000
1609059818.986850023,32.840000,2001,101,0.055000
1609059818.987631559,17.618999,2011,102,0.024000
1609059819.012065411,32.084999,2000,102,0.055000
1609059819.012658358,9.647000,2010,100,0.055000
1609059819.036838531,9.004000,2001,100,0.055000
1609059819.037606001,32.223000,2011,101,0.024000
1609059819.061874866,32.973000,2000,101,0.056000
1609059819.086867094,18.672001,2001,102,0.055000
1609059819.087628841,9.866000,2011,100,0.055000
1609059819.136896610,9.180000,2000,100,0.055000
1609059819.137709618,32.728001,2010,101,0.056000
1609059819.161859751,32.933998,2001,101,0.055000
1609059819.162674665,17.590000,2011,102,0.055000
1609059819.186944723,32.029999,2000,102,0.055000
1609059819.188870430,9.655000,2010,100,0.055000
1609059819.211874247,8.970000,2001,100,0.055000
1609059819.212708950,32.289001,2011,101,0.055000
1609059819.236986160,33.159000,2000,101,0.055000
1609059819.237689257,18.056000,2010,102,0.055000
1609059819.261914253,18.615000,2001,102,0.055000
1609059819.264174461,9.812000,2011,100,0.055000
1609059819.311856508,9.242000,2000,100,0.055000
1609059819.312873125,30.917999,2010,101,10.536000
1609059819.336836576,32.929001,2001,101,0.055000
1609059819.361922264,45.804001,2000,102,0.055000
1609059819.362954855,9.654000,2010,100,0.055000
1609059819.386940718,8.937000,2001,100,0.055000
1609059819.387591839,32.317001,2011,101,0.024000
1609059819.411868811,33.137001,2000,101,0.055000
1609059819.436869383,18.500999,2001,102,0.055000
1609059819.437760115,9.825000,2011,100,0.024000
1609059819.486862183,9.188000,2000,100,0.055000
1609059819.487669945,32.144001,2010,101,10.536000
1609059819.511880875,33.041000,2001,101,0.055000
1609059819.536875963,45.749001,2000,102,0.055000
1609059819.537632227,9.613000,2010,100,0.055000
1609059819.562651396,32.376999,2011,101,0.055000
1609059819.586854458,33.182999,2000,101,0.055000
1609059819.611853838,18.551001,2001,102,0.055000
1609059819.612594604,9.782000,2011,100,0.055000
1609059819.661867857,9.160000,2000,100,0.055000
1609059819.686919451,33.091000,2001,101,0.055000
1609059819.711875677,45.696999,2000,102,0.024000
1609059819.736855745,8.869000,2001,100,0.024000
1609059819.761862755,33.291000,2000,101,0.055000
1609059819.786833763,18.572001,2001,102,0.055000
1609059819.787389755,9.744000,2011,100,0.055000
1609059819.836822748,9.140000,2000,100,0.055000
1609059819.837726831,32.484001,2010,101,0.056000
1609059819.861918926,33.157001,2001,101,0.055000
1609059819.887579441,9.571000,2010,100,0.055000
1609059819.911843300,8.834000,2001,100,0.055000
1609059819.912630558,32.617001,2011,101,0.024000
1609059819.936853647,33.296001,2000,101,0.268000
1609059819.937593937,17.974001,2010,102,0.055000
1609059819.961887598,18.451000,2001,102,0.055000
1609059819.962648153,9.745000,2011,100,0.055000
1609059820.011841774,9.077000,2000,100,0.055000
1609059820.012653351,32.290001,2010,101,10.536000
1609059820.037193775,33.242001,2001,101,0.055000
1609059820.037709951,31.933998,2011,102,0.055000
1609059820.062591553,9.463000,2010,100,0.055000
1609059820.086915016,8.763000,2001,100,0.055000
1609059820.087592840,32.514000,2011,101,0.024000
1609059820.111882925,33.507000,2000,101,0.055000
1609059820.136878490,18.579000,2001,102,0.055000
1609059820.137705326,9.714000,2011,100,0.055000
1609059820.186851263,9.033000,2000,100,0.055000
1609059820.211853266,33.367001,2001,101,0.055000
1609059820.261827469,8.739000,2001,100,0.055000
1609059820.262654305,32.758999,2011,101,0.024000
1609059820.286860228,33.476002,2000,101,0.056000
1609059820.312653065,9.674000,2011,100,0.024000
1609059820.361896753,9.007000,2000,100,0.024000
1609059820.362335682,32.570999,2010,101,10.536000
1609059820.386873960,33.483002,2001,101,0.055000
1609059820.412602901,9.048000,2010,100,0.268000
1609059820.436807156,8.583000,2001,100,0.268000
1609059820.461871386,33.529999,2000,101,0.055000
1609059820.486855030,18.568001,2001,102,0.055000
1609059820.487689734,9.629000,2011,100,0.055000
1609059820.536830664,8.998000,2000,100,0.055000
1609059820.561836720,33.467999,2001,101,0.055000
1609059820.562432766,31.627998,2011,102,0.055000
1609059820.587656021,9.309000,2010,100,0.055000
1609059820.611874819,8.596000,2001,100,0.268000
1609059820.612619877,32.973000,2011,101,0.055000
1609059820.636865854,33.695999,2000,101,0.055000
1609059820.637644529,18.056999,2010,102,0.055000
1609059820.661930084,18.596001,2001,102,0.055000
1609059820.662610769,9.590000,2011,100,0.055000
1609059820.711799860,8.969000,2000,100,0.055000
1609059820.736843109,33.583000,2001,101,0.024000
1609059820.737600803,45.084000,2011,102,0.055000
1609059820.787564516,33.007999,2011,101,0.055000
1609059820.837601662,9.560000,2011,100,0.055000
1609059820.886827230,8.934000,2000,100,0.024000
1609059820.887889385,36.452999,2010,101,10.536000
1609059820.911880732,33.679001,2001,101,0.055000
1609059820.912671804,45.022999,2011,102,0.055000
1609059820.936878920,18.198999,2000,102,0.024000
1609059820.938961029,9.147000,2010,100,0.055000
1609059820.962643385,33.126999,2011,101,0.024000
1609059820.986834049,33.895000,2000,101,0.055000
1609059821.011978626,18.608000,2001,102,0.055000
1609059821.012545586,9.524000,2011,100,0.024000
1609059821.061914682,8.876000,2000,100,0.055000
1609059821.087569237,45.021000,2011,102,0.055000
1609059821.111876726,18.245001,2000,102,0.055000
1609059821.112577438,9.647000,2010,100,0.055000
1609059821.161849976,33.880001,2000,101,0.055000
1609059821.162630796,45.747002,2010,102,0.055000
1609059821.186850548,18.677999,2001,102,0.055000
1609059821.187591791,9.494000,2011,100,0.055000
1609059821.286868334,18.282000,2000,102,0.024000
1609059821.287255287,8.711000,2010,100,0.129000
1609059821.336847067,33.952999,2000,101,0.056000
1609059821.361829519,18.700001,2001,102,0.055000
1609059821.362616777,9.472000,2011,100,0.024000
1609059821.411837816,8.853000,2000,100,0.055000
1609059821.412345171,33.188000,2010,101,10.536000
1609059821.461861849,18.301001,2000,102,0.055000
1609059821.463712454,9.099000,2010,100,0.268000
1609059821.486820459,8.523000,2001,100,0.055000
1609059821.511846304,33.841000,2000,101,0.056000
1609059821.512736559,31.917000,2010,102,0.024000
1609059821.536854267,18.726999,2001,102,0.055000
1609059821.537571669,9.444000,2011,100,0.055000
1609059821.586857080,8.840000,2000,100,0.024000
1609059821.611842394,33.904999,2001,101,0.024000
1609059821.636961937,18.358999,2000,102,0.055000
1609059821.637755871,9.039000,2010,100,0.268000
1609059821.662513733,33.278999,2011,101,0.055000
1609059821.686878681,34.050999,2000,101,0.056000
1609059821.712535381,9.434000,2011,100,0.055000
1609059821.761891603,8.798000,2000,100,0.055000
1609059821.786894560,33.959999,2001,101,0.055000
1609059821.811829329,18.385000,2000,102,0.024000
1609059821.812649727,9.149000,2010,100,0.055000
1609059821.836964607,8.547000,2001,100,0.055000
1609059821.837688446,33.362000,2011,101,0.024000
1609059821.861893654,34.116001,2000,101,0.056000
1609059821.886852026,18.766001,2001,102,0.055000
1609059821.887612581,9.417000,2011,100,0.055000
1609059821.936844826,8.819000,2000,100,0.055000
1609059821.961823702,34.015999,2001,101,0.055000
1609059821.962404013,31.542999,2011,102,0.055000
1609059821.986825228,18.340000,2000,102,0.024000
1609059821.987571478,9.130000,2010,100,0.055000
1609059822.012521744,33.387001,2011,101,0.055000
1609059822.061805964,18.827000,2001,102,0.055000
1609059822.062587261,9.393000,2011,100,0.024000
1609059822.111829042,8.806000,2000,100,0.024000
1609059822.136849403,34.101002,2001,101,0.055000
1609059822.161884308,18.434999,2000,102,0.055000
1609059822.162891150,9.069000,2010,100,0.055000
1609059822.187624931,33.473999,2011,101,0.055000
1609059822.237533092,9.388000,2011,100,0.055000
1609059822.286815643,8.762000,2000,100,0.055000
1609059822.287565708,33.433998,2010,101,10.536000
1609059822.311937094,34.157001,2001,101,0.024000
1609059822.336894274,18.424999,2000,102,0.024000
1609059822.337597609,9.094000,2010,100,0.055000
1609059822.362115383,8.366000,2001,100,0.268000
1609059822.362573385,33.542999,2011,101,0.024000
1609059822.386879921,34.223000,2000,101,0.056000
1609059822.387561798,18.275999,2010,102,0.055000
1609059822.411828995,18.865000,2001,102,0.055000
1609059822.412532091,9.375000,2011,100,0.024000
1609059822.461781979,8.785000,2000,100,0.055000
1609059822.486835718,34.183998,2001,101,0.024000
1609059822.511848927,18.448000,2000,102,0.024000
1609059822.512525320,9.036000,2010,100,0.024000
1609059822.536416054,8.832000,2001,100,0.268000
1609059822.541214705,33.613998,2011,101,0.055000
1609059822.561855316,34.306000,2000,101,0.056000
1609059822.562568426,18.247999,2010,102,0.055000
1609059822.586841583,18.882000,2001,102,0.055000
1609059822.587552309,9.381000,2011,100,0.024000
1609059822.637329340,8.759000,2000,100,0.055000
1609059822.661865711,34.173000,2001,101,0.055000
1609059822.662603855,17.834000,2011,102,0.055000
1609059822.686893702,18.478001,2000,102,0.055000
1609059822.687597275,9.086000,2010,100,0.055000
1609059822.711813927,8.603000,2001,100,0.268000
1609059822.712600231,33.598999,2011,101,0.055000
1609059822.736859083,34.352001,2000,101,0.024000
1609059822.761870146,18.848000,2001,102,0.055000
1609059822.762594938,9.398000,2011,100,0.024000
1609059822.811915636,8.817000,2000,100,0.055000
1609059822.812538862,33.499001,2010,101,0.268000
1609059822.836815834,34.176998,2001,101,0.055000
1609059822.862510204,9.113000,2010,100,0.055000
1609059822.911837101,34.306999,2000,101,0.055000
1609059822.936838150,18.858000,2001,102,0.055000
1609059822.937541723,9.436000,2011,100,0.055000
1609059822.986870527,8.865000,2000,100,0.055000
1609059823.012506962,17.837000,2011,102,0.055000
1609059823.036832571,18.419001,2000,102,0.055000
1609059823.037637472,9.148000,2010,100,0.055000
1609059823.061979771,8.778000,2001,100,0.055000
1609059823.062552929,33.629002,2011,101,0.055000
1609059823.086880922,34.230000,2000,101,0.055000
1609059823.111820698,18.830999,2001,102,0.055000
1609059823.112531424,9.479000,2011,100,0.055000
1609059823.161788940,8.918000,2000,100,0.055000
1609059823.162572145,33.602001,2010,101,0.056000
1609059823.186821461,34.191002,2001,101,0.055000
1609059823.211855888,18.341999,2000,102,0.055000
1609059823.213777542,9.174000,2010,100,0.055000
1609059823.237525463,33.608002,2011,101,0.055000
1609059823.286854267,18.788000,2001,102,0.055000
1609059823.287559748,9.540000,2011,100,0.024000
1609059823.336770296,8.981000,2000,100,0.055000
1609059823.437508106,18.084999,2010,102,0.055000
1609059823.461794376,18.625999,2001,102,0.055000
1609059823.462532282,9.587000,2011,100,0.055000
1609059823.511779070,9.065000,2000,100,0.055000
1609059823.536845207,34.118999,2001,101,0.055000
1609059823.537628889,17.700001,2011,102,0.055000
1609059823.561865807,18.306999,2000,102,0.055000
1609059823.562756538,9.388000,2010,100,0.055000
1609059823.586824179,9.177000,2001,100,0.055000
1609059823.587565184,33.467999,2011,101,0.024000
1609059823.611896276,34.173000,2000,101,0.056000
1609059823.612578154,18.041000,2010,102,0.055000
1609059823.636824846,18.663000,2001,102,0.055000
1609059823.637576103,9.707000,2011,100,0.055000
1609059823.686784744,9.152000,2000,100,0.055000
1609059823.711876154,34.046001,2001,101,0.024000
1609059823.736853123,18.177999,2000,102,0.055000
1609059823.737550020,9.407000,2010,100,0.055000
1609059823.761904478,8.741000,2001,100,0.055000
1609059823.762605190,33.389000,2011,101,0.055000
1609059823.786836386,34.126999,2000,101,0.056000
1609059823.787528992,17.948999,2010,102,0.055000
1609059823.811822414,18.608000,2001,102,0.055000
1609059823.812546492,9.794000,2011,100,0.055000
1609059823.861839533,9.237000,2000,100,0.055000
1609059823.886835337,33.987000,2001,101,0.055000
1609059823.911830425,18.171000,2000,102,0.055000
1609059823.912516832,9.532000,2010,100,0.055000
1609059823.937531233,33.372002,2011,101,0.055000
1609059823.986838341,18.427999,2001,102,0.055000
1609059823.987522364,9.886000,2011,100,0.055000
1609059824.036758184,9.340000,2000,100,0.024000
1609059824.037615299,33.317001,2010,101,0.056000
1609059824.061835289,33.937000,2001,101,0.055000
1609059824.086797476,18.056999,2000,102,0.024000
1609059824.088540077,9.632000,2010,100,0.055000
1609059824.112504005,33.362000,2011,101,0.055000
1609059824.136873007,34.008999,2000,101,0.056000
1609059824.161839485,18.370001,2001,102,0.055000
1609059824.162585497,9.993000,2011,100,0.055000
1609059824.211751223,9.453000,2000,100,0.055000
1609059824.237116814,33.841000,2001,101,0.055000
1609059824.261821985,17.969000,2000,102,0.024000
1609059824.262618303,9.720000,2010,100,0.055000
1609059824.286488056,8.977000,2001,100,0.129000
1609059824.287563562,33.258999,2011,101,0.024000
1609059824.311837435,33.955002,2000,101,0.056000
1609059824.312516212,17.747999,2010,102,0.055000
1609059824.336794615,18.355000,2001,102,0.055000
1609059824.337525129,10.119000,2011,100,0.055000
1609059824.386930704,9.577000,2000,100,0.055000
1609059824.411851883,33.811001,2001,101,0.024000
1609059824.436812162,17.872999,2000,102,0.024000
1609059824.437556744,9.903000,2010,100,0.055000
1609059824.466326475,33.192001,2011,101,0.055000
1609059824.466942072,9.136000,2001,100,0.268000
1609059824.487481594,17.693001,2010,102,0.055000
1609059824.511800051,18.563999,2001,102,0.055000
1609059824.512605429,10.235000,2011,100,0.055000
1609059824.561832666,9.699000,2000,100,0.055000
1609059824.586816311,33.707001,2001,101,0.055000
1609059824.611791372,17.746000,2000,102,0.055000
1609059824.616801500,9.951000,2010,100,0.055000
1609059824.636358976,8.968000,2001,100,0.129000
1609059824.637533903,33.084999,2011,101,0.024000
1609059824.687492371,10.360000,2011,100,0.055000
1609059824.736717463,9.825000,2000,100,0.055000
1609059824.761822462,33.666000,2001,101,0.055000
1609059824.786817312,17.663000,2000,102,0.055000
1609059824.787494898,10.147000,2010,100,0.055000
1609059824.812535763,33.060001,2011,101,0.055000
1609059824.836858511,33.849998,2000,101,0.055000
1609059824.837492228,17.509001,2010,102,0.055000
1609059824.861852169,18.016001,2001,102,0.055000
1609059824.864728928,10.449000,2011,100,0.055000
1609059824.911730051,9.951000,2000,100,0.055000
1609059824.936832905,33.611000,2001,101,0.055000
1609059824.937513351,17.007000,2011,102,0.055000
1609059824.961887360,17.603001,2000,102,0.055000
1609059824.962575197,10.235000,2010,100,0.055000
1609059824.986318350,9.465000,2001,100,0.129000
1609059824.987510920,33.021000,2011,101,0.055000
1609059825.011804819,33.709000,2000,101,0.056000
1609059825.012692690,17.422001,2010,102,0.055000
1609059825.036957264,17.896000,2001,102,0.055000
1609059825.037971497,10.566000,2011,100,0.055000
1609059825.086849451,10.021000,2000,100,0.055000
1609059825.111844301,33.555000,2001,101,0.055000
1609059825.137134075,17.486000,2000,102,0.024000
1609059825.137543678,10.335000,2010,100,0.055000
1609059825.161381721,9.544000,2001,100,0.129000
1609059825.162555695,32.960999,2011,101,0.055000
1609059825.186807394,33.646999,2000,101,0.056000
1609059825.215563059,10.704000,2011,100,0.055000
1609059825.215986013,17.701000,2001,102,0.055000
1609059825.261789799,10.176000,2000,100,0.055000
1609059825.262619734,32.819000,2010,101,0.056000
1609059825.286795139,33.499001,2001,101,0.055000
1609059825.287541628,16.874001,2011,102,0.055000
1609059825.311841488,17.403000,2000,102,0.055000
1609059825.312566280,10.450000,2010,100,0.055000
1609059825.336427450,9.650000,2001,100,0.129000
1609059825.337586403,32.895000,2011,101,0.055000
1609059825.361970425,33.632999,2000,101,0.056000
1609059825.386792183,17.615000,2001,102,0.055000
1609059825.387615919,10.825000,2011,100,0.055000
1609059825.436785698,10.292000,2000,100,0.055000
1609059825.437772989,32.896000,2010,101,10.536000
1609059825.461808681,33.483002,2001,101,0.055000
1609059825.486783743,17.306000,2000,102,0.024000
1609059825.487511396,10.549000,2010,100,0.055000
1609059825.511878252,9.797000,2001,100,0.268000
1609059825.512797356,32.848000,2011,101,0.055000
1609059825.536773443,33.590000,2000,101,0.056000
1609059825.561782598,17.604000,2001,102,0.055000
1609059825.562493324,10.931000,2011,100,0.055000
1609059825.611763239,10.357000,2000,100,0.055000
1609059825.637047052,33.387001,2001,101,0.055000
1609059825.661852360,17.239000,2000,102,0.055000
1609059825.662499905,10.688000,2010,100,0.055000
1609059825.686291218,9.732000,2001,100,0.129000
1609059825.687513113,32.827999,2011,101,0.055000
1609059825.711783886,33.525002,2000,101,0.024000
1609059825.736775637,17.676001,2001,102,0.055000
1609059825.737535477,11.035000,2011,100,0.055000
1609059825.786750317,10.499000,2000,100,0.024000
1609059825.787577629,32.965000,2010,101,0.055000
1609059825.811793089,33.379002,2001,101,0.055000
1609059825.836789131,17.191999,2000,102,0.055000
1609059825.837511539,10.754000,2010,100,0.055000
1609059825.861771345,10.011000,2001,100,0.268000
1609059825.862468958,32.786999,2011,101,0.055000
1609059825.886827707,33.487999,2000,101,0.055000
1609059825.911808252,17.565001,2001,102,0.055000
1609059825.912466764,11.126000,2011,100,0.024000
1609059825.961771011,10.590000,2000,100,0.055000
1609059825.986776352,33.289001,2001,101,0.055000
1609059826.011818171,17.051001,2000,102,0.055000
1609059826.012507677,10.862000,2010,100,0.055000
1609059826.036880016,10.136000,2001,100,0.055000
1609059826.037499428,32.672001,2011,101,0.055000
1609059826.061825037,33.484001,2000,101,0.056000
1609059826.086796761,17.514999,2001,102,0.024000
1609059826.087489367,11.205000,2011,100,0.055000
1609059826.136743546,10.671000,2000,100,0.055000
1609059826.161767721,33.287998,2001,101,0.055000
1609059826.162512541,16.469999,2011,102,0.055000
1609059826.186853647,17.076000,2000,102,0.024000
1609059826.188482523,10.856000,2010,100,0.055000
1609059826.212496042,32.641998,2011,101,0.055000
1609059826.236756563,33.334000,2000,101,0.055000
1609059826.261806965,17.430000,2001,102,0.055000
1609059826.262521267,11.276000,2011,100,0.055000
1609059826.311759472,10.723000,2000,100,0.055000
1609059826.336763382,33.228001,2001,101,0.055000
1609059826.361785173,17.073999,2000,102,0.055000
1609059826.362555504,10.954000,2010,100,0.055000
1609059826.386771202,10.314000,2001,100,0.024000
1609059826.387522697,32.608002,2011,101,0.055000
1609059826.411767244,33.377998,2000,101,0.056000
1609059826.436839819,17.389999,2001,102,0.055000
1609059826.437504530,11.320000,2011,100,0.055000
1609059826.486692429,10.765000,2000,100,0.055000
1609059826.511774540,33.200001,2001,101,0.055000
1609059826.536822796,17.013000,2000,102,0.055000
1609059826.537493706,10.977000,2010,100,0.055000
1609059826.563271761,32.631001,2011,101,0.055000
1609059826.563739777,10.238000,2001,100,0.268000
1609059826.586825371,33.283001,2000,101,0.056000
1609059826.611747265,17.406000,2001,102,0.024000
1609059826.612476826,11.336000,2011,100,0.055000
1609059826.661650658,10.792000,2000,100,0.055000
1609059826.662409544,32.570000,2010,101,0.056000
1609059826.686707973,33.215000,2001,101,0.055000
1609059826.711748123,17.049000,2000,102,0.055000
1609059826.712405920,10.959000,2010,100,0.055000
1609059826.737440586,32.616001,2011,101,0.055000
1609059826.761716366,33.223000,2000,101,0.055000
1609059826.786717653,17.414000,2001,102,0.055000
1609059826.787460089,11.354000,2011,100,0.055000
1609059826.836670160,10.798000,2000,100,0.055000
1609059826.837532997,32.535999,2010,101,0.056000
1609059826.861751318,33.157001,2001,101,0.055000
1609059826.862425327,16.440001,2011,102,0.055000
1609059826.886671305,16.982000,2000,102,0.055000
1609059826.887429953,11.007000,2010,100,0.055000
1609059826.911722183,10.135000,2001,100,0.268000
1609059826.912457228,32.625999,2011,101,0.024000
1609059826.936779499,33.254002,2000,101,0.055000
1609059826.961737871,17.422001,2001,102,0.055000
1609059826.962522745,11.362000,2011,100,0.055000
1609059827.011736155,10.800000,2000,100,0.055000
1609059827.013255835,32.442001,2010,101,0.056000
1609059827.036808252,33.132999,2001,101,0.055000
1609059827.086743355,10.324000,2001,100,0.055000
1609059827.087459803,32.557999,2011,101,0.024000
1609059827.111791611,33.298000,2000,101,0.055000
1609059827.136783600,17.375000,2001,102,0.055000
1609059827.137462854,11.361000,2011,100,0.055000
1609059827.186700106,10.806000,2000,100,0.055000
1609059827.187459707,32.476002,2010,101,0.056000
1609059827.211839914,33.115002,2001,101,0.055000
1609059827.212852001,16.452999,2011,102,0.055000
1609059827.236723661,16.996000,2000,102,0.055000
1609059827.237476110,11.047000,2010,100,0.055000
1609059827.261334181,10.239000,2001,100,0.129000
1609059827.262757778,32.532001,2011,101,0.024000
1609059827.286738157,33.263000,2000,101,0.055000
1609059827.312496901,11.383000,2011,100,0.055000
1609059827.361786366,10.817000,2000,100,0.055000
1609059827.362526655,32.462002,2010,101,0.056000
1609059827.386748552,33.084999,2001,101,0.024000
1609059827.387447357,16.429001,2011,102,0.055000
1609059827.411724806,16.996000,2000,102,0.055000
1609059827.412417412,11.056000,2010,100,0.055000
1609059827.461771488,33.075001,2000,101,0.056000
1609059827.462452888,16.875000,2010,102,0.055000
1609059827.486765146,17.398001,2001,102,0.055000
1609059827.487487555,11.397000,2011,100,0.055000
1609059827.536684990,10.840000,2000,100,0.024000
1609059827.537616253,32.361000,2010,101,0.268000
1609059827.561776638,33.019001,2001,101,0.055000
1609059827.562533379,16.462000,2011,102,0.055000
1609059827.586788416,16.997999,2000,102,0.055000
1609059827.587523937,11.093000,2010,100,0.055000
1609059827.611269236,10.135000,2001,100,0.129000
1609059827.615698576,32.465000,2011,101,0.055000
1609059827.636729002,33.186001,2000,101,0.055000
1609059827.661761284,17.377001,2001,102,0.055000
1609059827.663258076,11.414000,2011,100,0.024000
1609059827.711711407,10.852000,2000,100,0.055000
1609059827.712473631,32.584999,2010,101,0.055000
1609059827.736733675,33.019001,2001,101,0.055000
1609059827.737447262,16.434999,2011,102,0.055000
1609059827.761779070,17.016001,2000,102,0.055000
1609059827.811755180,33.194000,2000,101,0.055000
1609059827.836755037,17.379999,2001,102,0.055000
1609059827.838495493,11.434000,2011,100,0.024000
1609059827.886707783,10.867000,2000,100,0.024000
1609059827.915056229,16.455999,2011,102,0.055000
1609059827.915490866,32.985001,2001,101,0.055000
1609059827.936785221,17.018000,2000,102,0.055000
1609059827.937545538,11.144000,2010,100,0.055000
1609059827.961291075,10.087000,2001,100,0.129000
1609059827.962448835,32.390999,2011,101,0.055000
1609059827.986763477,33.168999,2000,101,0.024000
1609059828.011725903,17.344000,2001,102,0.055000
1609059828.012451410,11.458000,2011,100,0.024000
1609059828.061741352,10.888000,2000,100,0.055000
1609059828.062464952,32.160999,2010,101,0.268000
1609059828.086882353,32.979000,2001,101,0.055000
1609059828.087588549,16.417000,2011,102,0.055000
1609059828.111731529,17.006001,2000,102,0.055000
1609059828.112497807,11.158000,2010,100,0.055000
1609059828.136762381,10.834000,2001,100,0.055000
1609059828.137500525,32.401001,2011,101,0.055000
1609059828.161779165,33.342999,2000,101,0.024000
1609059828.186754227,17.375999,2001,102,0.055000
1609059828.188350677,11.427000,2011,100,0.055000
1609059828.236701488,10.903000,2000,100,0.055000
1609059828.237143993,32.298000,2010,101,10.536000
1609059828.261809826,32.955002,2001,101,0.024000
1609059828.286725998,17.006001,2000,102,0.055000
1609059828.288825750,11.160000,2010,100,0.055000
1609059828.312536240,32.341000,2011,101,0.055000
1609059828.336805820,33.390999,2000,101,0.055000
1609059828.362490177,11.488000,2011,100,0.055000
1609059828.411695957,10.917000,2000,100,0.055000
1609059828.436744213,32.903999,2001,101,0.024000
1609059828.437492132,16.434000,2011,102,0.055000
1609059828.461756945,16.961000,2000,102,0.055000
1609059828.462503910,11.156000,2010,100,0.055000
1609059828.486748695,10.382000,2001,100,0.268000
1609059828.487442732,32.327000,2011,101,0.055000
1609059828.511734009,33.057999,2000,101,0.055000
1609059828.537439585,11.464000,2011,100,0.055000
1609059828.586717606,10.929000,2000,100,0.024000
1609059828.611741543,32.812000,2001,101,0.055000
1609059828.612413883,16.426001,2011,102,0.055000
1609059828.636787653,16.987000,2000,102,0.055000
1609059828.637469292,11.171000,2010,100,0.055000
1609059828.662160397,10.626000,2001,100,0.268000
1609059828.662587881,32.306999,2011,101,0.055000
1609059828.686794043,33.328999,2000,101,0.024000
1609059828.712481022,11.506000,2011,100,0.024000
1609059828.761696100,10.937000,2000,100,0.055000
1609059828.786697865,32.863998,2001,101,0.024000
1609059828.811707497,16.988001,2000,102,0.055000
1609059828.812430382,11.909000,2010,100,0.055000
1609059828.837417841,32.349998,2011,101,0.055000
1609059828.886756897,17.433001,2001,102,0.055000
1609059828.887447834,11.508000,2011,100,0.055000
1609059828.936693192,10.924000,2000,100,0.055000
1609059828.961721420,32.882999,2001,101,0.055000
1609059828.962454081,16.389999,2011,102,0.055000
1609059828.986765146,17.000000,2000,102,0.055000
1609059828.987440586,11.239000,2010,100,0.055000
1609059829.011698723,10.357000,2001,100,0.268000
1609059829.012419939,32.376999,2011,101,0.055000
1609059829.036732674,33.158001,2000,101,0.055000
1609059829.061686516,17.388000,2001,102,0.055000
1609059829.062430143,11.507000,2011,100,0.024000
1609059829.111761093,10.919000,2000,100,0.055000
1609059829.112480879,32.169998,2010,101,0.055000
1609059829.136733055,32.848000,2001,101,0.055000
1609059829.161726952,17.016001,2000,102,0.055000
1609059829.162458897,11.200000,2010,100,0.055000
1609059829.187462807,32.319000,2011,101,0.055000
1609059829.236704350,17.358000,2001,102,0.055000
1609059829.238837957,11.506000,2011,100,0.055000
1609059829.286700726,10.901000,2000,100,0.055000
1609059829.287415028,32.158001,2010,101,0.055000
1609059829.311734200,32.794998,2001,101,0.055000
1609059829.312441111,16.325001,2011,102,0.055000
1609059829.336729527,17.042000,2000,102,0.055000
1609059829.337451935,11.322000,2010,100,0.055000
1609059829.387423754,16.792000,2010,102,0.055000
1609059829.411712646,17.326000,2001,102,0.055000
1609059829.412414074,11.496000,2011,100,0.024000
1609059829.461743593,10.884000,2000,100,0.055000
1609059829.486687422,32.640999,2001,101,0.055000
1609059829.511687517,17.099001,2000,102,0.024000
1609059829.512454271,11.376000,2010,100,0.055000
1609059829.536818027,10.538000,2001,100,0.055000
1609059829.537593842,32.294998,2011,101,0.055000
1609059829.561802387,33.014999,2000,101,0.024000
1609059829.562472343,16.783001,2010,102,0.055000
1609059829.586711407,17.341000,2001,102,0.055000
1609059829.587526798,11.481000,2011,100,0.055000
1609059829.636804342,10.862000,2000,100,0.024000
1609059829.637601614,32.097000,2010,101,0.055000
1609059829.662441730,16.482000,2011,102,0.055000
1609059829.686706781,17.094000,2000,102,0.055000
1609059829.688256502,11.505000,2010,100,0.055000
1609059829.711711407,10.597000,2001,100,0.055000
1609059829.712564468,32.381001,2011,101,0.055000
1609059829.736715317,33.266998,2000,101,0.055000
1609059829.737490416,16.752001,2010,102,0.055000
1609059829.761745691,17.364000,2001,102,0.055000
1609059829.762475014,11.462000,2011,100,0.055000
1609059829.811705828,10.836000,2000,100,0.024000
1609059829.812426329,32.124001,2010,101,0.055000
1609059829.836725473,32.733002,2001,101,0.055000
1609059829.837584734,16.427999,2011,102,0.055000
1609059829.861802340,17.091999,2000,102,0.055000
1609059829.862406492,11.290000,2010,100,0.055000
1609059829.886755466,10.612000,2001,100,0.055000
1609059829.887423992,32.367001,2011,101,0.024000
1609059829.911715508,33.048000,2000,101,0.055000
1609059829.913804054,16.747999,2010,102,0.055000
1609059829.936705351,17.424000,2001,102,0.055000
1609059829.937499523,11.443000,2011,100,0.055000
1609059829.986691713,10.831000,2000,100,0.055000
1609059830.036697149,17.171000,2000,102,0.055000
1609059830.061794043,10.614000,2001,100,0.055000
1609059830.062516212,32.439999,2011,101,0.055000
1609059830.086716890,32.974998,2000,101,0.055000
1609059830.111668825,17.330999,2001,102,0.055000
1609059830.112378836,11.409000,2011,100,0.055000
1609059830.161773443,10.760000,2000,100,0.055000
1609059830.162513733,32.084000,2010,101,0.055000
1609059830.186700344,32.698002,2001,101,0.055000
1609059830.187670946,26.153999,2011,102,0.056000
1609059830.211755276,17.219000,2000,102,0.055000
1609059830.212379694,11.271000,2010,100,0.024000
1609059830.236703396,10.618000,2001,100,0.055000
1609059830.241934538,32.448002,2011,101,0.055000
1609059830.261734009,33.022999,2000,101,0.055000
1609059830.262518644,16.739000,2010,102,0.055000
1609059830.286691189,17.403999,2001,102,0.055000
1609059830.288128138,11.376000,2011,100,0.055000
1609059830.336664200,10.755000,2000,100,0.055000
1609059830.361773014,32.689999,2001,101,0.024000
1609059830.386739731,17.224001,2000,102,0.055000
1609059830.387332201,11.240000,2010,100,0.024000
1609059830.411691666,10.614000,2001,100,0.055000
1609059830.412390471,32.515999,2011,101,0.055000
1609059830.436773062,33.092999,2000,101,0.055000
1609059830.437378883,16.733999,2010,102,0.055000
1609059830.461684227,17.413000,2001,102,0.055000
1609059830.462414265,11.336000,2011,100,0.055000
1609059830.511678696,10.714000,2000,100,0.055000
1609059830.512403250,32.096001,2010,101,0.055000
1609059830.536699533,32.700001,2001,101,0.024000
1609059830.561687946,17.278999,2000,102,0.055000
1609059830.562432289,11.239000,2010,100,0.055000
1609059830.586692810,10.615000,2001,100,0.055000
1609059830.587387323,32.521999,2011,101,0.055000
1609059830.611699104,33.155998,2000,101,0.055000
1609059830.612410307,16.761000,2010,102,0.055000
1609059830.636726379,17.402000,2001,102,0.024000
1609059830.687377214,32.094002,2010,101,0.055000
1609059830.711681604,32.664001,2001,101,0.024000
1609059830.736660957,17.336000,2000,102,0.055000
1609059830.737345219,11.247000,2010,100,0.055000
1609059830.761662722,10.618000,2001,100,0.055000
1609059830.763380766,32.620998,2011,101,0.055000
1609059830.786678553,33.151001,2000,101,0.055000
1609059830.787375689,16.764999,2010,102,0.055000
1609059830.811681509,17.405001,2001,102,0.055000
1609059830.812361717,11.451000,2011,100,0.055000
1609059830.862370014,32.115002,2010,101,0.055000
1609059830.886635303,32.678001,2001,101,0.024000
1609059830.887424946,16.667000,2011,102,0.056000
1609059830.911683798,17.384001,2000,102,0.055000
1609059830.912377119,11.277000,2010,100,0.055000
1609059830.936653376,10.625000,2001,100,0.055000
1609059830.937366486,32.647999,2011,101,0.055000
1609059830.961644411,33.256001,2000,101,0.055000
1609059830.986679554,17.405001,2001,102,0.055000
1609059830.986977339,10.883000,2011,100,0.268000
1609059831.036625862,10.541000,2000,100,0.055000
1609059831.037393570,32.092999,2010,101,0.055000
1609059831.086602926,17.443001,2000,102,0.024000
1609059831.087375879,11.309000,2010,100,0.024000
1609059831.111629725,10.631000,2001,100,0.024000
1609059831.136629581,33.125999,2000,101,0.055000
1609059831.137361765,16.729000,2010,102,0.056000
1609059831.161692858,17.403000,2001,102,0.056000
1609059831.211658001,10.457000,2000,100,0.055000
1609059831.212704420,32.141998,2010,101,0.024000
1609059831.236712933,32.640999,2001,101,0.055000
1609059831.237304449,16.823999,2011,102,0.024000
1609059831.286651611,10.635000,2001,100,0.055000
1609059831.287385941,32.756001,2011,101,0.055000
1609059831.336713076,17.452999,2001,102,0.056000
1609059831.386642456,10.408000,2000,100,0.055000
1609059831.387396812,32.202999,2010,101,0.055000
1609059831.412348032,16.899000,2011,102,0.055000
1609059831.436664820,17.566999,2000,102,0.055000
1609059831.437402964,11.299000,2010,100,0.055000
1609059831.461668968,10.646000,2001,100,0.055000
1609059831.462327242,32.814999,2011,101,0.055000
1609059831.487438202,16.778999,2010,102,0.056000
1609059831.511651754,17.474001,2001,102,0.055000
1609059831.561669588,10.344000,2000,100,0.024000
1609059831.562592983,32.182999,2010,101,0.024000
1609059831.586773157,32.591000,2001,101,0.024000
1609059831.587442160,16.969999,2011,102,0.055000
1609059831.611662388,17.665001,2000,102,0.055000
1609059831.612339258,11.216000,2010,100,0.055000
1609059831.636602163,10.657000,2001,100,0.055000
1609059831.637436390,32.938999,2011,101,0.024000
1609059831.661649227,33.379002,2000,101,0.055000
1609059831.662385941,16.796000,2010,102,0.056000
1609059831.686623812,17.438999,2001,102,0.055000
1609059831.736660004,10.283000,2000,100,0.055000
1609059831.737344265,32.202999,2010,101,0.024000
1609059831.762386560,17.082001,2011,102,0.024000
1609059831.786641598,17.693001,2000,102,0.055000
1609059831.787334204,11.197000,2010,100,0.055000
1609059831.811466932,10.656000,2001,100,0.055000
1609059831.812453270,32.972000,2011,101,0.055000
1609059831.836611509,33.040001,2000,101,0.268000
1609059831.837363958,16.777000,2010,102,0.055000
1609059831.861662149,17.403000,2001,102,0.055000
1609059831.862572193,10.903000,2011,100,0.055000
1609059831.911643744,10.233000,2000,100,0.055000
1609059831.912383795,32.235001,2010,101,0.024000
1609059831.936671257,32.505001,2001,101,0.055000
1609059831.937369108,17.118999,2011,102,0.055000
1609059831.961698055,17.403000,2000,102,0.268000
1609059831.962461233,11.289000,2010,100,0.055000
1609059831.986463308,10.665000,2001,100,0.055000
1609059831.987426043,33.032001,2011,101,0.055000
1609059832.012395620,16.827999,2010,102,0.055000
1609059832.036621809,17.393999,2001,102,0.055000
1609059832.037349463,10.801000,2011,100,0.055000
1609059832.086619377,10.169000,2000,100,0.024000
1609059832.087344646,32.266998,2010,101,0.024000
1609059832.112954378,32.495998,2001,101,0.024000
1609059832.113234758,17.247999,2011,102,0.055000
1609059832.136629820,17.816999,2000,102,0.056000
1609059832.137471914,11.216000,2010,100,0.055000
1609059832.161475658,10.681000,2001,100,0.055000
1609059832.162146330,33.063999,2011,101,0.055000
1609059832.186148167,32.556999,2000,101,0.129000
1609059832.187340260,16.791000,2010,102,0.024000
1609059832.211643934,17.389000,2001,102,0.055000
1609059832.212337494,10.718000,2011,100,0.055000
1609059832.261585712,10.113000,2000,100,0.055000
1609059832.262458801,32.310001,2010,101,0.024000
1609059832.286611319,32.469002,2001,101,0.024000
1609059832.287314415,17.351000,2011,102,0.055000
1609059832.311627626,17.877001,2000,102,0.055000
1609059832.312122583,11.180000,2010,100,0.024000
1609059832.336159706,10.429000,2001,100,0.268000
1609059832.337387800,33.130001,2011,101,0.024000
1609059832.361659527,33.312000,2000,101,0.055000
1609059832.362412453,16.871000,2010,102,0.055000
1609059832.386662483,17.393999,2001,102,0.055000
1609059832.387572765,10.618000,2011,100,0.055000
1609059832.436625481,10.054000,2000,100,0.055000
1609059832.437305450,32.344002,2010,101,0.055000
1609059832.461647749,32.441002,2001,101,0.055000
1609059832.462307453,17.459000,2011,102,0.055000
1609059832.486625671,17.947001,2000,102,0.055000
1609059832.487351656,11.140000,2010,100,0.055000
1609059832.511431694,10.667000,2001,100,0.055000
1609059832.512345314,33.181999,2011,101,0.024000
1609059832.536614895,33.234001,2000,101,0.055000
1609059832.537346125,16.903999,2010,102,0.055000
1609059832.561617613,17.378000,2001,102,0.055000
1609059832.562166214,10.483000,2011,100,0.055000
1609059832.611409664,10.013000,2000,100,0.055000
1609059832.612313986,32.470001,2010,101,0.055000
1609059832.636643887,32.458000,2001,101,0.055000
1609059832.637119532,17.562000,2011,102,0.055000
1609059832.661670446,17.898001,2000,102,0.055000
1609059832.662273407,11.124000,2010,100,0.055000
1609059832.686704397,10.717000,2001,100,0.055000
1609059832.687348604,33.323002,2011,101,0.024000
1609059832.712664366,33.331001,2000,101,0.055000
1609059832.712877750,16.957001,2010,102,0.055000
1609059832.736661434,17.367001,2001,102,0.055000
1609059832.737135649,10.418000,2011,100,0.055000
1609059832.786626816,9.971000,2000,100,0.055000
1609059832.787321806,32.481998,2010,101,0.024000
1609059832.811586618,32.351002,2001,101,0.055000
1609059832.812168598,17.663000,2011,102,0.055000
1609059832.836655140,18.149000,2000,102,0.055000
1609059832.837418318,11.070000,2010,100,0.055000
1609059832.861733198,10.764000,2001,100,0.055000
1609059832.862316132,33.327999,2011,101,0.024000
1609059832.886612415,33.321999,2000,101,0.055000
1609059832.887306690,17.042000,2010,102,0.055000
1609059832.911658525,17.362000,2001,102,0.055000
1609059832.912430286,10.362000,2011,100,0.055000
1609059832.961709738,9.971000,2000,100,0.055000
1609059832.962455511,32.522999,2010,101,0.055000
1609059832.986604214,32.366001,2001,101,0.055000
1609059832.987665653,17.801001,2011,102,0.055000
1609059833.011137724,17.837000,2000,102,0.268000
1609059833.012372494,10.973000,2010,100,0.055000
1609059833.036194801,10.354000,2001,100,0.268000
1609059833.037354946,33.365002,2011,101,0.024000
1609059833.061638355,33.258999,2000,101,0.055000
1609059833.062298298,17.096001,2010,102,0.024000
1609059833.086648941,17.358999,2001,102,0.055000
1609059833.087404966,10.262000,2011,100,0.055000
1609059833.136689425,9.960000,2000,100,0.055000
1609059833.137318373,32.573002,2010,101,0.055000
1609059833.161605120,32.332001,2001,101,0.055000
1609059833.162446022,17.912001,2011,102,0.055000
1609059833.186597109,18.215000,2000,102,0.055000
1609059833.186842203,10.562000,2010,100,0.268000
1609059833.211613178,10.743000,2001,100,0.055000
1609059833.212322950,33.355000,2011,101,0.055000
1609059833.236626387,33.247002,2000,101,0.055000
1609059833.237134218,17.157000,2010,102,0.055000
1609059833.261654139,17.354000,2001,102,0.055000
1609059833.262469769,10.173000,2011,100,0.055000
1609059833.311712980,9.945000,2000,100,0.024000
1609059833.312296391,32.651001,2010,101,0.055000
1609059833.336590528,32.293999,2001,101,0.055000
1609059833.337304115,17.959999,2011,102,0.055000
1609059833.361608744,18.187000,2000,102,0.055000
1609059833.361856699,10.467000,2010,100,0.268000
1609059833.386600733,10.754000,2001,100,0.055000
1609059833.387279749,33.363998,2011,101,0.055000
1609059833.411609173,33.138000,2000,101,0.055000
1609059833.412113667,17.221001,2010,102,0.024000
1609059833.436622620,17.341999,2001,102,0.055000
1609059833.437386751,10.042000,2011,100,0.024000
1609059833.486640930,9.953000,2000,100,0.055000
1609059833.487331390,32.688999,2010,101,0.055000
1609059833.511617661,32.264000,2001,101,0.024000
1609059833.536587238,18.202999,2000,102,0.024000
1609059833.537341833,10.823000,2010,100,0.024000
1609059833.561111212,10.210000,2001,100,0.268000
1609059833.586627007,33.085999,2000,101,0.055000
1609059833.587114573,17.301001,2010,102,0.055000
1609059833.611617088,17.316999,2001,102,0.055000
1609059833.612416983,10.011000,2011,100,0.055000
1609059833.661637783,9.975000,2000,100,0.055000
1609059833.662283897,32.720001,2010,101,0.055000
1609059833.686569929,32.222000,2001,101,0.055000
1609059833.687298536,18.158001,2011,102,0.055000
1609059833.711614847,18.216000,2000,102,0.055000
1609059833.712388992,10.715000,2010,100,0.024000
1609059833.736144304,10.285000,2001,100,0.268000
1609059833.737287045,33.202999,2011,101,0.268000
1609059833.761624575,32.987999,2000,101,0.055000
1609059833.762370825,17.371000,2010,102,0.055000
1609059833.786578417,17.308001,2001,102,0.055000
1609059833.787376165,9.953000,2011,100,0.055000
1609059833.836676598,10.021000,2000,100,0.055000
1609059833.837278128,32.716000,2010,101,0.055000
1609059833.861624479,32.185001,2001,101,0.024000
1609059833.862311125,18.233000,2011,102,0.055000
1609059833.886630297,18.180000,2000,102,0.055000
1609059833.886858225,10.292000,2010,100,0.268000
1609059833.911109924,10.322000,2001,100,0.268000
1609059833.912305832,33.256001,2011,101,0.056000
1609059833.936651468,32.827999,2000,101,0.055000
1609059833.937296629,17.452999,2010,102,0.055000
1609059833.961568356,17.299000,2001,102,0.024000
1609059833.962341070,9.910000,2011,100,0.055000
1609059834.011678457,10.085000,2000,100,0.055000
1609059834.012308121,32.736000,2010,101,0.055000
1609059834.036606312,32.140999,2001,101,0.055000
1609059834.037286282,18.330000,2011,102,0.055000
1609059834.061632395,18.201000,2000,102,0.055000
1609059834.061892033,10.216000,2010,100,0.268000
1609059834.086154461,10.306000,2001,100,0.268000
1609059834.087543011,33.180000,2011,101,0.056000
1609059834.111648321,32.673000,2000,101,0.055000
1609059834.136586428,17.284000,2001,102,0.055000
1609059834.137363195,9.896000,2011,100,0.024000
1609059834.186567783,10.131000,2000,100,0.024000
1609059834.187282562,32.769001,2010,101,0.056000
1609059834.211576462,32.096001,2001,101,0.055000
1609059834.236584902,18.157000,2000,102,0.055000
1609059834.236894369,10.203000,2010,100,0.268000
1609059834.261133909,10.424000,2001,100,0.268000
1609059834.262348652,33.129002,2011,101,0.024000
1609059834.286576033,32.528000,2000,101,0.055000
1609059834.311622620,17.271999,2001,102,0.055000
1609059834.312268019,9.866000,2011,100,0.055000
1609059834.361601591,10.234000,2000,100,0.055000
1609059834.362391949,32.778000,2010,101,0.056000
1609059834.412331343,10.476000,2010,100,0.024000
1609059834.437325716,33.015999,2011,101,0.055000
1609059834.461602926,32.381001,2000,101,0.055000
1609059834.486582518,17.271000,2001,102,0.055000
1609059834.487372875,9.944000,2011,100,0.055000
1609059834.537321806,10.361000,2000,100,0.055000
1609059834.561645508,32.118000,2001,101,0.056000
1609059834.586605787,18.040001,2000,102,0.055000
1609059834.587353230,10.394000,2010,100,0.055000
1609059834.611571074,10.921000,2001,100,0.055000
1609059834.612319708,32.862999,2011,101,0.024000
1609059834.636574507,32.203999,2000,101,0.055000
1609059834.661601782,17.254999,2001,102,0.055000
1609059834.662049055,9.897000,2011,100,0.055000
1609059834.736554146,31.918999,2001,101,0.055000
1609059834.761602402,17.945999,2000,102,0.055000
1609059834.762422562,10.394000,2010,100,0.055000
1609059834.786588669,10.979000,2001,100,0.055000
1609059834.787327528,32.570000,2011,101,0.056000
1609059834.811585665,32.014999,2000,101,0.056000
1609059834.836597204,17.252001,2001,102,0.024000
1609059834.837270737,10.066000,2011,100,0.024000
1609059834.886537313,10.654000,2000,100,0.055000
1609059834.911564112,31.894001,2001,101,0.055000
1609059834.936605215,17.848000,2000,102,0.055000
1609059834.937342882,10.402000,2010,100,0.055000
1609059834.961659670,10.997000,2001,100,0.055000
1609059834.962391853,32.571999,2011,101,10.536000
1609059834.986658335,31.757999,2000,101,10.536000
1609059835.011553288,17.261000,2001,102,0.024000
1609059835.012293816,10.183000,2011,100,0.055000
1609059835.062206745,32.536999,2010,101,0.055000
1609059835.086587667,31.786999,2001,101,0.055000
1609059835.111660957,17.728001,2000,102,0.055000
1609059835.112303257,10.356000,2010,100,0.055000
1609059835.136618853,10.983000,2001,100,0.055000
1609059835.137327671,32.481998,2011,101,0.056000
1609059835.161628962,31.556999,2000,101,0.055000
1609059835.162282467,17.889000,2010,102,0.055000
1609059835.186582565,17.354000,2001,102,0.056000
1609059835.187235832,10.313000,2011,100,0.055000
1609059835.236570120,11.135000,2000,100,0.055000
1609059835.237262011,32.384998,2010,101,0.055000
1609059835.263871908,31.762001,2001,101,0.055000
1609059835.264100790,18.247999,2011,102,0.055000
1609059835.286554575,17.613001,2000,102,0.055000
1609059835.287262917,10.641000,2010,100,0.055000
1609059835.311581612,11.041000,2001,100,0.055000
1609059835.312293053,32.056999,2011,101,0.056000
1609059835.336601257,31.361000,2000,101,0.055000
1609059835.337337017,17.976000,2010,102,0.055000
1609059835.362157106,10.498000,2011,100,0.055000
1609059835.412952900,11.216000,2000,100,0.024000
1609059835.413339376,32.303001,2010,101,0.055000
1609059835.436546564,31.662998,2001,101,0.055000
1609059835.461582661,17.551001,2000,102,0.024000
1609059835.462674141,10.422000,2010,100,0.055000
1609059835.511546850,31.176001,2000,101,0.055000
1609059835.512278795,18.018000,2010,102,0.055000
1609059835.537298918,10.745000,2011,100,0.024000
1609059835.586588621,11.405000,2000,100,0.055000
1609059835.587246418,32.167000,2010,101,0.055000
1609059835.611615896,31.657001,2001,101,0.055000
1609059835.612303019,18.048000,2011,102,0.055000
1609059835.636561632,17.437000,2000,102,0.055000
1609059835.637113810,10.486000,2010,100,0.055000
1609059835.661591768,11.081000,2001,100,0.055000
1609059835.662286282,31.578999,2011,101,0.055000
1609059835.686588287,30.976000,2000,101,0.055000
1609059835.687292099,17.809000,2010,102,0.268000
1609059835.711571455,17.311001,2001,102,0.055000
1609059835.712340593,10.931000,2011,100,0.055000
1609059835.761591196,11.580000,2000,100,0.055000
1609059835.762337446,32.122002,2010,101,0.055000
1609059835.786952496,31.577000,2001,101,0.055000
1609059835.788480997,17.931999,2011,102,0.056000
1609059835.811690092,17.174000,2000,102,0.056000
1609059835.812326670,10.630000,2010,100,0.055000
1609059835.836571693,11.126000,2001,100,0.024000
1609059835.837311029,31.318001,2011,101,0.024000
1609059835.861616850,30.790001,2000,101,0.055000
1609059835.886561632,17.348000,2001,102,0.055000
1609059835.887310028,11.118000,2011,100,0.024000
1609059835.936546326,11.709000,2000,100,0.055000
1609059835.937228441,31.661999,2010,101,0.268000
1609059835.961582184,31.520000,2001,101,0.055000
1609059835.962274551,18.007999,2011,102,0.056000
1609059835.986558676,17.112000,2000,102,0.024000
1609059835.987282515,10.720000,2010,100,0.055000
1609059836.011380434,11.178000,2001,100,0.055000
1609059836.012299538,31.056999,2011,101,0.055000
1609059836.036596537,30.632999,2000,101,0.055000
1609059836.037263393,17.966000,2010,102,0.055000
1609059836.061586618,17.363001,2001,102,0.055000
1609059836.062312603,11.435000,2011,100,0.055000
1609059836.111051083,11.269000,2000,100,0.268000
1609059836.136519670,31.373001,2001,101,0.055000
1609059836.161587715,17.014000,2000,102,0.055000
1609059836.162306309,10.919000,2010,100,0.024000
1609059836.186645269,11.262000,2001,100,0.055000
1609059836.187296629,30.829000,2011,101,0.024000
1609059836.211640120,30.462999,2000,101,0.055000
1609059836.212321281,17.950001,2010,102,0.055000
1609059836.236593246,17.302999,2001,102,0.055000
1609059836.237363815,11.633000,2011,100,0.055000
1609059836.286530018,12.086000,2000,100,0.024000
1609059836.288135052,31.484001,2010,101,0.055000
1609059836.311584473,31.204000,2001,101,0.055000
1609059836.312284470,17.693001,2011,102,0.268000
1609059836.336582661,16.943001,2000,102,0.055000
1609059836.337329388,11.034000,2010,100,0.055000
1609059836.361611843,11.402000,2001,100,0.055000
1609059836.362276316,30.638000,2011,101,0.055000
1609059836.386560202,30.280001,2000,101,0.055000
1609059836.387246370,17.924000,2010,102,0.055000
1609059836.411560297,17.267000,2001,102,0.055000
1609059836.411786079,11.359000,2011,100,0.268000
1609059836.461593151,12.210000,2000,100,0.024000
1609059836.462124109,30.988001,2010,101,0.268000
1609059836.486594915,31.010000,2001,101,0.055000
1609059836.487600088,17.639999,2011,102,0.055000
1609059836.511637211,16.854000,2000,102,0.055000
1609059836.512345314,11.200000,2010,100,0.055000
1609059836.536673546,11.557000,2001,100,0.055000
1609059836.537296057,30.440001,2011,101,0.024000
1609059836.561598778,30.094999,2000,101,0.024000
1609059836.586567879,17.172001,2001,102,0.055000
1609059836.586792231,11.535000,2011,100,0.268000
1609059836.636532068,12.390000,2000,100,0.055000
1609059836.636748791,30.594000,2010,101,0.268000
1609059836.661614180,30.747000,2001,101,0.055000
1609059836.662299395,17.629999,2011,102,0.056000
1609059836.686525345,16.719000,2000,102,0.055000
1609059836.711563587,11.702000,2001,100,0.055000
1609059836.687322140,11.374000,2010,100,0.055000
1609059836.712219238,30.212999,2011,101,0.055000
1609059836.736510277,29.916000,2000,101,0.055000
1609059836.737283707,17.688999,2010,102,0.055000
1609059836.761584282,17.042999,2001,102,0.055000
1609059836.762340546,12.086000,2011,100,0.055000
1609059836.811523199,12.609000,2000,100,0.024000
1609059836.811791658,30.726000,2010,101,0.268000
1609059836.836569071,30.632999,2001,101,0.055000
1609059836.838119984,17.502001,2011,102,0.056000
1609059836.861636400,16.639000,2000,102,0.055000
1609059836.862848520,11.609000,2010,100,0.055000
1609059836.886606216,11.930000,2001,100,0.055000
1609059836.887264729,30.031000,2011,101,0.024000
1609059836.911620378,29.655001,2000,101,0.055000
1609059836.912255764,17.509001,2010,102,0.268000
1609059836.936547756,16.917000,2001,102,0.055000
1609059836.936841726,11.898000,2011,100,0.268000
1609059836.986529827,12.810000,2000,100,0.024000
1609059836.987254858,30.705000,2010,101,0.055000
1609059837.011594534,30.372000,2001,101,0.055000
1609059837.012274504,17.354000,2011,102,0.056000
1609059837.036572456,16.489000,2000,102,0.055000
1609059837.037297487,11.759000,2010,100,0.055000
1609059837.061412096,12.088000,2001,100,0.055000
1609059837.062281609,29.816000,2011,101,0.055000
1609059837.086519480,29.445000,2000,101,0.055000
1609059837.087231636,17.849001,2010,102,0.055000
1609059837.111563444,16.736000,2001,102,0.055000
1609059837.112369061,12.484000,2011,100,0.055000
1609059837.161556721,13.019000,2000,100,0.055000
1609059837.162296772,30.436001,2010,101,0.055000
1609059837.186592579,30.157000,2001,101,0.055000
1609059837.187378407,17.170000,2011,102,0.056000
1609059837.211577892,16.353001,2000,102,0.055000
1609059837.212302446,11.994000,2010,100,0.055000
1609059837.236562490,12.360000,2001,100,0.024000
1609059837.237259865,29.582001,2011,101,0.055000
1609059837.261537313,29.218000,2000,101,0.055000
1609059837.262426138,17.073999,2010,102,0.268000
1609059837.286546946,16.545000,2001,102,0.055000
1609059837.286786079,12.262000,2011,100,0.268000
1609059837.336513042,13.215000,2000,100,0.055000
1609059837.336790800,29.916000,2010,101,0.268000
1609059837.361572266,30.014000,2001,101,0.055000
1609059837.362284899,17.021999,2011,102,0.056000
1609059837.386530638,16.200001,2000,102,0.055000
1609059837.387265205,12.097000,2010,100,0.055000
1609059837.411549091,12.495000,2001,100,0.024000
1609059837.412231922,29.385000,2011,101,0.055000
1609059837.436546087,29.027000,2000,101,0.024000
1609059837.437234402,17.437000,2010,102,0.055000
1609059837.461611032,16.438000,2001,102,0.055000
1609059837.462373018,12.942000,2011,100,0.055000
1609059837.511678457,13.390000,2000,100,0.055000
1609059837.511937618,29.676001,2010,101,0.268000
1609059837.536554813,29.754000,2001,101,0.055000
1609059837.537248611,16.900000,2011,102,0.056000
1609059837.562337160,12.256000,2010,100,0.055000
1609059837.586593151,12.618000,2001,100,0.024000
1609059837.587526798,29.214001,2011,101,0.055000
1609059837.611553192,28.886999,2000,101,0.055000
1609059837.612259388,16.934000,2010,102,0.055000
1609059837.636587858,16.284000,2001,102,0.055000
1609059837.636864662,12.497000,2011,100,0.268000
1609059837.686558247,13.544000,2000,100,0.055000
1609059837.686824322,29.528999,2010,101,0.268000
1609059837.711503029,29.625000,2001,101,0.055000
1609059837.712263346,16.756001,2011,102,0.056000
1609059837.736515760,15.924999,2000,102,0.055000
1609059837.737307549,12.438000,2010,100,0.055000
1609059837.761594772,12.809000,2001,100,0.055000
1609059837.762315750,29.016001,2011,101,0.055000
1609059837.786535978,28.714001,2000,101,0.055000
1609059837.786801577,16.673000,2010,102,0.129000
1609059837.811603546,16.138000,2001,102,0.055000
1609059837.812157393,12.820000,2011,100,0.268000
1609059837.861506462,13.644000,2000,100,0.055000
1609059837.862341404,29.551001,2010,101,0.056000
1609059837.886511326,29.493999,2001,101,0.055000
1609059837.887268543,16.663000,2011,102,0.056000
1609059837.911527634,15.802999,2000,102,0.055000
1609059837.912295818,12.610000,2010,100,0.055000
1609059837.936499119,12.900000,2001,100,0.055000
1609059837.937222958,28.893000,2011,101,0.024000
1609059837.961540937,28.579000,2000,101,0.055000
1609059837.962237597,16.620001,2010,102,0.055000
1609059837.986539841,16.032000,2001,102,0.055000
1609059837.986788273,12.878000,2011,100,0.268000
1609059838.036547899,13.754000,2000,100,0.055000
1609059838.036805153,29.254000,2010,101,0.268000
1609059838.061511755,29.382000,2001,101,0.024000
1609059838.062205315,16.507000,2011,102,0.056000
1609059838.086529255,15.635000,2000,102,0.055000
1609059838.087339401,12.620000,2010,100,0.055000
1609059838.111366510,12.989000,2001,100,0.055000
1609059838.112256050,28.837999,2011,101,0.055000
1609059838.136543274,28.531000,2000,101,0.024000
1609059838.137227535,16.452999,2010,102,0.055000
1609059838.161517620,15.920000,2001,102,0.055000
1609059838.161770344,13.002000,2011,100,0.268000
1609059838.211568832,13.868000,2000,100,0.055000
1609059838.212057352,29.106001,2010,101,0.268000
1609059838.236549616,29.306999,2001,101,0.055000
1609059838.237309456,16.326000,2011,102,0.056000
1609059838.261536121,15.555000,2000,102,0.055000
1609059838.262327909,12.794000,2010,100,0.055000
1609059838.286300898,13.087000,2001,100,0.055000
1609059838.287218809,28.783001,2011,101,0.055000
1609059838.311492443,28.444000,2000,101,0.055000
1609059838.312240362,16.385000,2010,102,0.055000
1609059838.336563826,15.806000,2001,102,0.055000
1609059838.336891413,13.013000,2011,100,0.268000
1609059838.386008024,13.525000,2000,100,0.268000
1609059838.386724949,28.871000,2010,101,0.129000
1609059838.411566019,29.297001,2001,101,0.055000
1609059838.412249565,16.250000,2011,102,0.056000
1609059838.436594963,15.427999,2000,102,0.055000
1609059838.437435865,12.824000,2010,100,0.055000
1609059838.461607218,13.080000,2001,100,0.055000
1609059838.462331057,28.760000,2011,101,0.024000
1609059838.486598969,28.443001,2000,101,0.055000
1609059838.487373590,16.330000,2010,102,0.055000
1609059838.511687756,15.681999,2001,102,0.055000
1609059838.512367964,13.438000,2011,100,0.055000
1609059838.561576605,13.890000,2000,100,0.055000
1609059838.561977863,29.187000,2010,101,0.268000
1609059838.586588621,29.261999,2001,101,0.055000
1609059838.587239742,16.162001,2011,102,0.268000
1609059838.611489773,15.365000,2000,102,0.024000
1609059838.612308264,12.745000,2010,100,0.024000
1609059838.636577368,13.074000,2001,100,0.055000
1609059838.637446165,28.782000,2011,101,0.055000
1609059838.661536694,28.483999,2000,101,0.055000
1609059838.662223577,15.985001,2010,102,0.268000
1609059838.686529398,15.631001,2001,102,0.055000
1609059838.687282801,13.407000,2011,100,0.055000
1609059838.736465693,13.867000,2000,100,0.055000
1609059838.737222433,29.558001,2010,101,0.055000
1609059838.761566877,29.347000,2001,101,0.055000
1609059838.762800932,16.090000,2011,102,0.268000
1609059838.786559582,15.320000,2000,102,0.055000
1609059838.787317038,12.723000,2010,100,0.055000
1609059838.811449289,13.105000,2001,100,0.024000
1609059838.812480450,28.798000,2011,101,0.055000
1609059838.836529970,28.507000,2000,101,0.055000
1609059838.837279081,16.186001,2010,102,0.024000
1609059838.861628532,15.615000,2001,102,0.055000
1609059838.862256527,13.417000,2011,100,0.055000
1609059838.911556959,13.847000,2000,100,0.055000
1609059838.912285566,29.638000,2010,101,0.055000
1609059838.936533451,29.398001,2001,101,0.055000
1609059838.937434912,16.066999,2011,102,0.056000
1609059838.961568594,15.239000,2000,102,0.024000
1609059838.962338209,12.754000,2010,100,0.055000
1609059838.986536741,13.066000,2001,100,0.055000
1609059838.987300158,28.860001,2011,101,0.055000
1609059839.011526823,28.559999,2000,101,0.055000
1609059839.036508322,15.538000,2001,102,0.055000
1609059839.037338734,13.349000,2011,100,0.055000
1609059839.086658239,13.840000,2000,100,0.024000
1609059839.087080240,29.261000,2010,101,0.268000
1609059839.111607552,29.423000,2001,101,0.055000
1609059839.112376213,15.989000,2011,102,0.056000
1609059839.136557817,15.179000,2000,102,0.055000
1609059839.137359381,12.705000,2010,100,0.055000
1609059839.161556005,13.057000,2001,100,0.055000
1609059839.162296057,28.855000,2011,101,0.055000
1609059839.186527252,28.582001,2000,101,0.055000
1609059839.187257290,16.030001,2010,102,0.055000
1609059839.211606979,15.485001,2001,102,0.024000
1609059839.212349892,13.432000,2011,100,0.055000
1609059839.261569023,13.839000,2000,100,0.024000
1609059839.262066603,29.298000,2010,101,0.268000
1609059839.286557198,29.476999,2001,101,0.024000
1609059839.287251472,15.978001,2011,102,0.268000
1609059839.311569691,15.057000,2000,102,0.055000
1609059839.312357664,12.748000,2010,100,0.055000
1609059839.336344004,13.100000,2001,100,0.024000
1609059839.337278843,28.896000,2011,101,0.055000
1609059839.361601591,28.594000,2000,101,0.055000
1609059839.362350941,16.488001,2010,102,0.055000
1609059839.386532307,15.427999,2001,102,0.024000
1609059839.387274027,13.354000,2011,100,0.055000
1609059839.436518669,13.837000,2000,100,0.024000
1609059839.437046289,29.287001,2010,101,0.268000
1609059839.461529970,29.489000,2001,101,0.055000
1609059839.463995457,15.487000,2011,102,0.268000
1609059839.486507893,15.046000,2000,102,0.055000
1609059839.487310886,12.756000,2010,100,0.055000
1609059839.511374712,13.091000,2001,100,0.055000
1609059839.512278318,28.893999,2011,101,0.055000
1609059839.536590576,28.597000,2000,101,0.055000
1609059839.537301540,15.966999,2010,102,0.055000
1609059839.561587572,15.356001,2001,102,0.055000
1609059839.562356710,13.419000,2011,100,0.055000
1609059839.611492634,13.846000,2000,100,0.055000
1609059839.611916780,29.261000,2010,101,0.268000
1609059839.636617184,29.518000,2001,101,0.055000
1609059839.637422562,15.747999,2011,102,0.268000
1609059839.661581278,15.041000,2000,102,0.055000
1609059839.663516760,12.760000,2010,100,0.055000
1609059839.686626911,13.038000,2001,100,0.055000
1609059839.687744856,28.851000,2011,101,0.055000
1609059839.711587667,28.601000,2000,101,0.055000
1609059839.712232828,15.983000,2010,102,0.055000
1609059839.736546755,15.399000,2001,102,0.024000
1609059839.737054110,13.052000,2011,100,0.268000
1609059839.786484241,13.853000,2000,100,0.055000
1609059839.786784649,29.289000,2010,101,0.268000
1609059839.811455727,29.492001,2001,101,0.055000
1609059839.812197685,15.629999,2011,102,0.268000
1609059839.836526394,14.968000,2000,102,0.055000
1609059839.837305784,12.774000,2010,100,0.024000
1609059839.861311674,13.016000,2001,100,0.055000
1609059839.862194777,28.822001,2011,101,0.055000
1609059839.886528492,28.611000,2000,101,0.055000
1609059839.887207747,15.943001,2010,102,0.055000
1609059839.911485195,15.441999,2001,102,0.055000
1609059839.911800385,13.046000,2011,100,0.268000
1609059839.961458683,13.866000,2000,100,0.055000
1609059839.962236881,29.516001,2010,101,0.055000
1609059839.986465931,29.492001,2001,101,0.055000
1609059839.987239361,15.586000,2011,102,0.055000
1609059840.011515141,14.961000,2000,102,0.055000
1609059840.012232780,12.803000,2010,100,0.055000
1609059840.036306381,13.042000,2001,100,0.055000
1609059840.037207842,28.780001,2011,101,0.055000
1609059840.061580896,28.598000,2000,101,0.055000
1609059840.062193632,15.990999,2010,102,0.055000
1609059840.086487293,15.407000,2001,102,0.024000
1609059840.086749554,13.109000,2011,100,0.268000
1609059840.136479855,13.883000,2000,100,0.055000
1609059840.137199163,29.504000,2010,101,0.055000
1609059840.161582470,29.541000,2001,101,0.055000
1609059840.162265539,15.554001,2011,102,0.055000
1609059840.186498165,14.885000,2000,102,0.024000
1609059840.187270641,12.800000,2010,100,0.055000
1609059840.211273909,12.997000,2001,100,0.055000
1609059840.212201595,28.726000,2011,101,0.024000
1609059840.236533642,28.598000,2000,101,0.055000
1609059840.237213612,15.934000,2010,102,0.055000
1609059840.261566877,15.414000,2001,102,0.055000
1609059840.261780739,13.122000,2011,100,0.268000
1609059840.311521530,13.897000,2000,100,0.055000
1609059840.312202215,29.521000,2010,101,0.055000
1609059840.336061001,29.106001,2001,101,0.268000
1609059840.337261438,15.490000,2011,102,0.055000
1609059840.361557245,14.834000,2000,102,0.055000
1609059840.362433434,12.895000,2010,100,0.055000
1609059840.386616707,13.086000,2001,100,0.055000
1609059840.387232542,28.636999,2011,101,0.055000
1609059840.411450148,28.584000,2000,101,0.055000
1609059840.412153721,15.906000,2010,102,0.055000
1609059840.436518192,15.393999,2001,102,0.055000
1609059840.437076569,13.211000,2011,100,0.268000
1609059840.486474514,13.872000,2000,100,0.055000
1609059840.487208366,29.424000,2010,101,0.055000
1609059840.511488676,29.471001,2001,101,0.055000
1609059840.512174606,15.368000,2011,102,0.055000
1609059840.536460400,14.738000,2000,102,0.055000
1609059840.537248135,12.954000,2010,100,0.055000
1609059840.561533213,13.111000,2001,100,0.055000
1609059840.562294722,28.601000,2011,101,0.055000
1609059840.586575270,28.594999,2000,101,0.055000
1609059840.587291479,15.891001,2010,102,0.055000
1609059840.611533165,15.408001,2001,102,0.055000
1609059840.611989021,13.268000,2011,100,0.268000
1609059840.661254168,13.983000,2000,100,0.055000
1609059840.662234545,29.319000,2010,101,0.055000
1609059840.686511278,29.403000,2001,101,0.055000
1609059840.687202692,15.268999,2011,102,0.024000
1609059840.711535931,14.709000,2000,102,0.055000
1609059840.712227106,13.023000,2010,100,0.055000
1609059840.736590862,13.097000,2001,100,0.055000
1609059840.737173557,28.521000,2011,101,0.055000
1609059840.761459827,28.528000,2000,101,0.055000
1609059840.762243986,15.681999,2010,102,0.055000
1609059840.786288261,15.381001,2001,102,0.055000
1609059840.787316084,13.816000,2011,100,0.024000
1609059840.836467505,13.999000,2000,100,0.055000
1609059840.837178946,29.302999,2010,101,0.055000
1609059840.861513853,29.406000,2001,101,0.055000
1609059840.862162828,15.169000,2011,102,0.024000
1609059840.886504412,14.629000,2000,102,0.055000
1609059840.887217283,13.147000,2010,100,0.055000
1609059840.911531210,13.176000,2001,100,0.055000
1609059840.912198544,28.452999,2011,101,0.055000
1609059840.936464071,28.547001,2000,101,0.055000
1609059840.936741829,15.471001,2010,102,0.268000
1609059840.961468220,15.292000,2001,102,0.055000
1609059840.962620735,13.951000,2011,100,0.055000
1609059841.011504650,14.026000,2000,100,0.055000
1609059841.012180567,29.235001,2010,101,0.055000
1609059841.036484003,29.396999,2001,101,0.055000
1609059841.037184715,15.054000,2011,102,0.055000
1609059841.061477661,14.511000,2000,102,0.055000
1609059841.062232971,13.186000,2010,100,0.024000
1609059841.086265326,13.132000,2001,100,0.055000
1609059841.087160826,28.355000,2011,101,0.055000
1609059841.111468792,28.488001,2000,101,0.055000
1609059841.112191916,15.399000,2010,102,0.055000
1609059841.136765242,15.292000,2001,102,0.055000
1609059841.137100935,13.512000,2011,100,0.268000
1609059841.186481714,14.100000,2000,100,0.024000
1609059841.187173128,29.087999,2010,101,0.055000
1609059841.211520672,29.424000,2001,101,0.055000
1609059841.212716103,15.021000,2011,102,0.024000
1609059841.236462355,14.474000,2000,102,0.055000
1609059841.237235308,13.221000,2010,100,0.055000
1609059841.261425018,13.211000,2001,100,0.055000
1609059841.262290239,28.329000,2011,101,0.055000
1609059841.286501646,28.506001,2000,101,0.055000
1609059841.311452389,15.264000,2001,102,0.055000
1609059841.311752319,13.639000,2011,100,0.268000
1609059841.361476421,14.131000,2000,100,0.055000
1609059841.362173557,29.052000,2010,101,0.024000
1609059841.386507750,29.356001,2001,101,0.055000
1609059841.387272358,14.923000,2011,102,0.055000
1609059841.411494017,14.376000,2000,102,0.055000
1609059841.412456512,13.336000,2010,100,0.024000
1609059841.436535597,13.276000,2001,100,0.055000
1609059841.437188387,28.290001,2011,101,0.024000
1609059841.461500168,28.517000,2000,101,0.055000
1609059841.462226868,15.540001,2010,102,0.055000
1609059841.486533642,15.225000,2001,102,0.055000
1609059841.487436295,14.180000,2011,100,0.024000
1609059841.536522388,14.155000,2000,100,0.055000
1609059841.538447857,29.038000,2010,101,0.055000
1609059841.561478138,29.302999,2001,101,0.055000
1609059841.562187672,14.821000,2011,102,0.055000
1609059841.586479902,14.361000,2000,102,0.055000
1609059841.587255239,13.398000,2010,100,0.024000
1609059841.611466885,13.215000,2001,100,0.024000
1609059841.612186193,28.256001,2011,101,0.055000
1609059841.636472464,28.495001,2000,101,0.055000
1609059841.636986017,15.469999,2010,102,0.055000
1609059841.661503077,15.202000,2001,102,0.024000
1609059841.662321329,14.263000,2011,100,0.024000
1609059841.711434841,14.157000,2000,100,0.055000
1609059841.712355852,28.948000,2010,101,0.055000
1609059841.736011744,28.818001,2001,101,0.268000
1609059841.736984253,14.658000,2011,102,0.024000
1609059841.761458635,14.321000,2000,102,0.055000
1609059841.762271643,13.443000,2010,100,0.055000
1609059841.786257029,13.222000,2001,100,0.024000
1609059841.787122726,28.205999,2011,101,0.055000
1609059841.811508179,28.568001,2000,101,0.055000
1609059841.812232494,15.195000,2010,102,0.055000
1609059841.835987568,14.782000,2001,102,0.268000
1609059841.836722136,13.916000,2011,100,0.268000
1609059841.886407614,14.130000,2000,100,0.055000
1609059841.887226105,29.212000,2010,101,0.024000
1609059841.911497116,29.337000,2001,101,0.055000
1609059841.912224054,14.663000,2011,102,0.055000
1609059841.936431885,14.285000,2000,102,0.055000
1609059841.937259197,13.442000,2010,100,0.055000
1609059841.961440325,13.228000,2001,100,0.055000
1609059841.962166548,28.230000,2011,101,0.055000
1609059841.986464024,28.610001,2000,101,0.055000
1609059841.986926079,15.282000,2010,102,0.055000
1609059842.011470795,15.175000,2001,102,0.055000
1609059842.012219906,14.290000,2011,100,0.055000
1609059842.061286211,14.148000,2000,100,0.055000
1609059842.061905384,28.903999,2010,101,0.055000
1609059842.086429596,29.323000,2001,101,0.055000
1609059842.087125540,14.614000,2011,102,0.055000
1609059842.111457825,14.271000,2000,102,0.055000
1609059842.112246990,13.502000,2010,100,0.055000
1609059842.136480808,13.219000,2001,100,0.055000
1609059842.137134790,28.225000,2011,101,0.055000
1609059842.161466599,28.636000,2000,101,0.055000
1609059842.162172079,14.929000,2010,102,0.268000
1609059842.186431408,15.156000,2001,102,0.055000
1609059842.187201977,14.359000,2011,100,0.055000
1609059842.236483335,14.170000,2000,100,0.024000
1609059842.236944437,28.924999,2010,101,0.024000
1609059842.261493444,29.648001,2001,101,0.055000
1609059842.262238264,14.583000,2011,102,0.055000
1609059842.286250353,14.255000,2000,102,0.055000
1609059842.287201166,13.488000,2010,100,0.024000
1609059842.312583685,13.272000,2001,100,0.055000
1609059842.312786579,28.254999,2011,101,0.055000
1609059842.336448908,28.677999,2000,101,0.024000
1609059842.337121010,15.311001,2010,102,0.055000
1609059842.361448288,15.143000,2001,102,0.055000
1609059842.362182856,14.265000,2011,100,0.055000
1609059842.411263704,14.074000,2000,100,0.055000
1609059842.411911488,28.993999,2010,101,0.055000
1609059842.436451435,29.245001,2001,101,0.055000
1609059842.437191725,14.563000,2011,102,0.055000
1609059842.461255789,14.239000,2000,102,0.055000
1609059842.462201595,13.468000,2010,100,0.055000
1609059842.486234188,13.186000,2001,100,0.055000
1609059842.487173796,28.320999,2011,101,0.055000
1609059842.511467218,28.667000,2000,101,0.055000
1609059842.512139797,15.295000,2010,102,0.024000
1609059842.536440611,15.128000,2001,102,0.055000
1609059842.536935806,14.245000,2011,100,0.055000
1609059842.586201191,14.095000,2000,100,0.055000
1609059842.587236404,29.138000,2010,101,0.055000
1609059842.611384630,29.422001,2001,101,0.055000
1609059842.612246037,14.566000,2011,102,0.055000
1609059842.636457682,14.233000,2000,102,0.024000
1609059842.637189388,13.401000,2010,100,0.055000
1609059842.661420107,13.161000,2001,100,0.055000
1609059842.662132740,28.322001,2011,101,0.055000
1609059842.686453342,28.747000,2000,101,0.055000
1609059842.687118769,15.290001,2010,102,0.055000
1609059842.711414576,15.134000,2001,102,0.055000
1609059842.712154627,14.214000,2011,100,0.024000
1609059842.761220932,14.035000,2000,100,0.055000
1609059842.762309790,29.320999,2010,101,0.055000
1609059842.786460400,29.493999,2001,101,0.024000
1609059842.787209034,14.514000,2011,102,0.055000
1609059842.811455011,14.235000,2000,102,0.055000
1609059842.812198877,13.405000,2010,100,0.055000
1609059842.836240292,13.170000,2001,100,0.024000
1609059842.837199450,28.385000,2011,101,0.055000
1609059842.861445427,28.796000,2000,101,0.055000
1609059842.861688852,14.881000,2010,102,0.268000
1609059842.886458158,15.135000,2001,102,0.055000
1609059842.887240887,14.182000,2011,100,0.024000
1609059842.936485052,14.080000,2000,100,0.024000
1609059842.936896086,29.153000,2010,101,0.055000
1609059842.961387634,29.538000,2001,101,0.055000
1609059842.962182045,14.539000,2011,102,0.024000
1609059842.986417055,14.232000,2000,102,0.055000
1609059842.987150431,13.385000,2010,100,0.055000
1609059843.011412382,13.122000,2001,100,0.055000
1609059843.012161732,28.395000,2011,101,0.024000
1609059843.036420345,28.816000,2000,101,0.055000
1609059843.036655188,14.894000,2010,102,0.268000
1609059843.061063051,14.623000,2001,102,0.268000
1609059843.062192440,14.192000,2011,100,0.055000
1609059843.111493349,14.139000,2000,100,0.055000
1609059843.112181664,29.375000,2010,101,0.055000
1609059843.137089491,29.806000,2001,101,0.055000
1609059843.137287617,14.533000,2011,102,0.055000
1609059843.161441088,14.214000,2000,102,0.055000
1609059843.162222147,13.328000,2010,100,0.055000
1609059843.186225653,13.143000,2001,100,0.055000
1609059843.187189579,28.438999,2011,101,0.024000
1609059843.211443901,28.799999,2000,101,0.055000
1609059843.212127686,15.289000,2010,102,0.055000
1609059843.236385584,15.131000,2001,102,0.024000
1609059843.237177849,14.222000,2011,100,0.055000
1609059843.286213875,13.988000,2000,100,0.055000
1609059843.287230492,29.375000,2010,101,0.024000
1609059843.310978413,28.900000,2001,101,0.129000
1609059843.312214613,14.568000,2011,102,0.055000
1609059843.336527824,14.217000,2000,102,0.055000
1609059843.337185383,13.408000,2010,100,0.055000
1609059843.361199617,13.115000,2001,100,0.055000
1609059843.362170219,28.433001,2011,101,0.024000
1609059843.386457205,28.813000,2000,101,0.055000
1609059843.386799812,14.871000,2010,102,0.268000
1609059843.410969496,14.626000,2001,102,0.268000
1609059843.411961079,14.127000,2011,100,0.055000
1609059843.461482763,14.110000,2000,100,0.055000
1609059843.462227106,29.363001,2010,101,0.024000
1609059843.486414194,29.792999,2001,101,0.055000
1609059843.487267256,14.555000,2011,102,0.055000
1609059843.511248827,14.238000,2000,102,0.055000
1609059843.512238979,13.386000,2010,100,0.055000
1609059843.536400318,13.127000,2001,100,0.055000
1609059843.537160158,28.424000,2011,101,0.024000
1609059843.561427355,28.763000,2000,101,0.024000
1609059843.561691761,14.856000,2010,102,0.268000
1609059843.586413383,15.096000,2001,102,0.055000
1609059843.587167740,13.787000,2011,100,0.268000
1609059843.636247635,14.025000,2000,100,0.055000
1609059843.637197256,29.308001,2010,101,0.055000
1609059843.660991669,29.405001,2001,101,0.268000
1609059843.662193298,14.549000,2011,102,0.055000
1609059843.686202765,14.220000,2000,102,0.055000
1609059843.687183142,13.407000,2010,100,0.055000
1609059843.711405754,13.134000,2001,100,0.055000
1609059843.712099075,28.353001,2011,101,0.055000
1609059843.736566067,28.764000,2000,101,0.055000
1609059843.736764193,14.858000,2010,102,0.268000
1609059843.760980129,14.678000,2001,102,0.268000
1609059843.762246609,14.247000,2011,100,0.055000
1609059843.811157703,14.039000,2000,100,0.055000
1609059843.812195539,29.113001,2010,101,0.055000
1609059843.836379528,29.745001,2001,101,0.055000
1609059843.837189198,14.501000,2011,102,0.055000
1609059843.861450911,14.178000,2000,102,0.055000
1609059843.862273932,13.381000,2010,100,0.055000
1609059843.886394024,13.154000,2001,100,0.055000
1609059843.887145281,28.371000,2011,101,0.055000
1609059843.911410570,28.747999,2000,101,0.024000
1609059843.911629438,14.804000,2010,102,0.268000
1609059843.936388731,15.083000,2001,102,0.055000
1609059843.937153339,14.300000,2011,100,0.055000
1609059843.986158371,14.055000,2000,100,0.055000
1609059843.987169027,29.094999,2010,101,0.055000
1609059844.011384964,29.728001,2001,101,0.055000
1609059844.012156487,14.503000,2011,102,0.055000
1609059844.036421061,14.168000,2000,102,0.055000
1609059844.037153244,13.481000,2010,100,0.055000
1609059844.061389685,13.172000,2001,100,0.055000
1609059844.062097549,28.316999,2011,101,0.055000
1609059844.086413622,28.693001,2000,101,0.024000
1609059844.086626053,14.849000,2010,102,0.268000
1609059844.161174297,14.104000,2000,100,0.024000
1609059844.162213087,29.077000,2010,101,0.055000
1609059844.186440945,29.469000,2001,101,0.055000
1609059844.187182426,14.491000,2011,102,0.055000
1609059844.211205006,14.206000,2000,102,0.055000
1609059844.212215662,13.493000,2010,100,0.024000
1609059844.236173153,13.229000,2001,100,0.055000
1609059844.237104654,28.312000,2011,101,0.055000
1609059844.261490107,28.716000,2000,101,0.055000
1609059844.261686563,14.821000,2010,102,0.268000
1609059844.285944939,14.645000,2001,102,0.268000
1609059844.287108660,14.288000,2011,100,0.055000
1609059844.336159468,14.111000,2000,100,0.024000
1609059844.337161779,29.278999,2010,101,0.055000
1609059844.361468315,29.452000,2001,101,0.055000
1609059844.362141371,14.477000,2011,102,0.055000
1609059844.386401415,14.151000,2000,102,0.055000
1609059844.387187243,13.465000,2010,100,0.024000
1609059844.411388397,13.223000,2001,100,0.055000
1609059844.412106991,28.305000,2011,101,0.055000
1609059844.436434031,28.716000,2000,101,0.055000
1609059844.437087059,14.827000,2010,102,0.268000
1609059844.461398363,15.019000,2001,102,0.055000
1609059844.461682320,13.896000,2011,100,0.268000
1609059844.511436462,14.084000,2000,100,0.055000
1609059844.511863947,29.033001,2010,101,0.055000
1609059844.536406517,29.412001,2001,101,0.055000
1609059844.537208319,14.434000,2011,102,0.055000
1609059844.561476707,14.185000,2000,102,0.055000
1609059844.562197447,13.466000,2010,100,0.055000
1609059844.586373091,13.181000,2001,100,0.055000
1609059844.587103605,28.343000,2011,101,0.055000
1609059844.611383200,28.716000,2000,101,0.055000
1609059844.612342358,14.820000,2010,102,0.268000
1609059844.636379242,14.995000,2001,102,0.055000
1609059844.637162924,14.371000,2011,100,0.055000
1609059844.686138391,14.112000,2000,100,0.055000
1609059844.687208652,29.034000,2010,101,0.055000
1609059844.711354017,29.225000,2001,101,0.268000
1609059844.712237835,14.455000,2011,102,0.055000
1609059844.736165047,14.139000,2000,102,0.055000
1609059844.737162113,13.417000,2010,100,0.055000
1609059844.761152983,13.187000,2001,100,0.055000
1609059844.762163639,28.312000,2011,101,0.055000
1609059844.786378145,28.761999,2000,101,0.024000
1609059844.786626577,14.807000,2010,102,0.268000
1609059844.811371803,15.026000,2001,102,0.055000
1609059844.812149286,14.286000,2011,100,0.055000
1609059844.861165047,14.102000,2000,100,0.055000
1609059844.862178802,29.093000,2010,101,0.055000
1609059844.885932684,29.375000,2001,101,0.268000
1609059844.887221098,14.447000,2011,102,0.055000
1609059844.911254883,14.115000,2000,102,0.055000
1609059844.912192822,13.444000,2010,100,0.055000
1609059844.936440706,13.178000,2001,100,0.055000
1609059844.937085152,28.368000,2011,101,0.055000
1609059844.961454391,28.754999,2000,101,0.055000
1609059844.962130070,15.187000,2010,102,0.055000
1609059844.985954762,14.604000,2001,102,0.268000
1609059844.987156630,14.308000,2011,100,0.055000
1609059845.036358833,14.128000,2000,100,0.055000
1609059845.037253380,29.073999,2010,101,0.024000
1609059845.061405897,29.790001,2001,101,0.055000
1609059845.062201500,14.457000,2011,102,0.055000
1609059845.086377144,14.089000,2000,102,0.055000
1609059845.087198496,13.394000,2010,100,0.055000
1609059845.111355543,13.166000,2001,100,0.055000
1609059845.112109423,28.386999,2011,101,0.055000
1609059845.136416435,28.778000,2000,101,0.055000
1609059845.136667252,14.763000,2010,102,0.268000
1609059845.160938025,14.544000,2001,102,0.268000
1609059845.162227154,14.218000,2011,100,0.055000
1609059845.211384535,14.056000,2000,100,0.024000
1609059845.212188244,29.134001,2010,101,0.055000
1609059845.235910177,29.242001,2001,101,0.268000
1609059845.237160444,14.352000,2011,102,0.024000
1609059845.261407375,14.067000,2000,102,0.055000
1609059845.262616158,13.386000,2010,100,0.055000
1609059845.286426067,13.175000,2001,100,0.055000
1609059845.287485123,28.413000,2011,101,0.055000
1609059845.311382055,28.829000,2000,101,0.055000
1609059845.312093258,15.125000,2010,102,0.055000
1609059845.335923433,14.580000,2001,102,0.268000
1609059845.337175369,14.300000,2011,100,0.055000
1609059845.386475801,14.144000,2000,100,0.024000
1609059845.387535810,29.270000,2010,101,0.024000
1609059845.410959005,29.437000,2001,101,0.268000
1609059845.412137508,14.383000,2011,102,0.055000
1609059845.436386347,14.028000,2000,102,0.055000
1609059845.437132835,13.481000,2010,100,0.055000
1609059845.461197615,13.233000,2001,100,0.055000
1609059845.462123871,28.405001,2011,101,0.055000
1609059845.486393452,28.795000,2000,101,0.024000
1609059845.486894369,15.120000,2010,102,0.055000
1609059845.510946035,14.518000,2001,102,0.268000
1609059845.511957407,14.200000,2011,100,0.055000
1609059845.561171055,14.135000,2000,100,0.055000
1609059845.562182426,29.309000,2010,101,0.024000
1609059845.586409807,29.780001,2001,101,0.024000
1609059845.587156534,14.312000,2011,102,0.055000
1609059845.611313581,13.983000,2000,102,0.055000
1609059845.612220764,13.414000,2010,100,0.055000
1609059845.636347771,13.219000,2001,100,0.055000
1609059845.637205362,28.368000,2011,101,0.055000
1609059845.661388397,28.780001,2000,101,0.055000
1609059845.662081957,15.043000,2010,102,0.055000
1609059845.686390638,14.863000,2001,102,0.055000
1609059845.687135220,14.342000,2011,100,0.024000
1609059845.736355543,14.136000,2000,100,0.055000
1609059845.737180710,29.188999,2010,101,0.024000
1609059845.761435986,29.559999,2001,101,0.055000
1609059845.762207270,14.279000,2011,102,0.055000
1609059845.786395550,13.926000,2000,102,0.024000
1609059845.787139654,13.476000,2010,100,0.055000
1609059845.811343908,13.258000,2001,100,0.055000
1609059845.812073469,28.371000,2011,101,0.024000
1609059845.836346388,28.750999,2000,101,0.055000
1609059845.836637497,14.621000,2010,102,0.268000
1609059845.911371469,14.184000,2000,100,0.055000
1609059845.912152767,29.410000,2010,101,0.055000
1609059845.936372042,29.448000,2001,101,0.055000
1609059845.937119961,14.257000,2011,102,0.055000
1609059845.961349010,13.868000,2000,102,0.055000
1609059845.962157488,13.478000,2010,100,0.055000
1609059845.986166716,13.304000,2001,100,0.055000
1609059845.986893415,28.389000,2011,101,0.055000
1609059846.011394739,28.709999,2000,101,0.055000
1609059846.011669874,14.564000,2010,102,0.268000
1609059846.036380291,14.687000,2001,102,0.055000
1609059846.037178516,14.290000,2011,100,0.055000
1609059846.086364269,14.263000,2000,100,0.055000
1609059846.087147713,29.353001,2010,101,0.055000
1609059846.111374378,29.285000,2001,101,0.055000
1609059846.112144232,14.235000,2011,102,0.024000
1609059846.136388540,13.814000,2000,102,0.055000
1609059846.137118340,13.434000,2010,100,0.055000
1609059846.161155224,13.332000,2001,100,0.055000
1609059846.161900759,28.365999,2011,101,0.055000
1609059846.186363459,28.691000,2000,101,0.055000
1609059846.211341143,14.666000,2001,102,0.055000
1609059846.212324381,13.892000,2011,100,0.268000
1609059846.261422873,14.308000,2000,100,0.055000
1609059846.262236595,29.412001,2010,101,0.055000
1609059846.286376238,29.497999,2001,101,0.055000
1609059846.287157059,14.221000,2011,102,0.055000
1609059846.311333895,13.777000,2000,102,0.055000
1609059846.312363148,13.431000,2010,100,0.055000
1609059846.336359739,13.385000,2001,100,0.055000
1609059846.336863279,28.412001,2011,101,0.055000
1609059846.361409903,28.667000,2000,101,0.055000
1609059846.361695290,14.537000,2010,102,0.268000
1609059846.386193037,14.598000,2001,102,0.055000
1609059846.386641502,13.833000,2011,100,0.268000
1609059846.436346769,14.340000,2000,100,0.055000
1609059846.437127113,29.191000,2010,101,0.055000
1609059846.461359024,29.670000,2001,101,0.055000
1609059846.462156296,14.199000,2011,102,0.055000
1609059846.486357212,13.692000,2000,102,0.024000
1609059846.487107038,13.480000,2010,100,0.055000
1609059846.511186123,13.404000,2001,100,0.055000
1609059846.512177467,28.683001,2011,101,0.024000
1609059846.536332607,28.625999,2000,101,0.055000
1609059846.537073612,14.865000,2010,102,0.055000
1609059846.561196804,14.548000,2001,102,0.055000
1609059846.561897516,14.214000,2011,100,0.055000
1609059846.611333132,14.364000,2000,100,0.055000
1609059846.612118483,29.504999,2010,101,0.055000
1609059846.637223482,29.059999,2001,101,0.268000
1609059846.637483835,14.167000,2011,102,0.055000
1609059846.661349773,13.648000,2000,102,0.055000
1609059846.662160873,13.493000,2010,100,0.055000
1609059846.686126232,13.480000,2001,100,0.055000
1609059846.687126160,28.700001,2011,101,0.055000
1609059846.711325645,28.665001,2000,101,0.055000
1609059846.711608887,14.038000,2010,102,0.129000
1609059846.736363411,14.486000,2001,102,0.055000
1609059846.737085581,14.304000,2011,100,0.024000
1609059846.786323547,14.395000,2000,100,0.055000
1609059846.787107229,29.462999,2010,101,0.055000
1609059846.810889244,29.113001,2001,101,0.268000
1609059846.811857462,14.064000,2011,102,0.055000
1609059846.836370230,13.588000,2000,102,0.055000
1609059846.837124348,13.500000,2010,100,0.055000
1609059846.861158133,13.496000,2001,100,0.055000
1609059846.861849308,28.465000,2011,101,0.024000
1609059846.886348963,28.646999,2000,101,0.055000
1609059846.886616707,14.423000,2010,102,0.268000
1609059846.911461115,14.530000,2001,102,0.055000
1609059846.912157774,14.266000,2011,100,0.055000
1609059846.961364269,14.427000,2000,100,0.055000
1609059846.961908340,29.243999,2010,101,0.055000
1609059846.985865355,29.087000,2001,101,0.268000
1609059846.987049103,13.983000,2011,102,0.055000
1609059847.011402130,13.529000,2000,102,0.024000
1609059847.012171030,13.465000,2010,100,0.055000
1609059847.036373854,13.546000,2001,100,0.055000
1609059847.036855459,28.448999,2011,101,0.024000
1609059847.061399460,28.643999,2000,101,0.024000
1609059847.061665297,14.086000,2010,102,0.129000
1609059847.086350918,14.327000,2001,102,0.055000
1609059847.087168217,14.267000,2011,100,0.055000
1609059847.136347532,14.517000,2000,100,0.055000
1609059847.137047768,29.270000,2010,101,0.055000
1609059847.161346674,29.507999,2001,101,0.055000
1609059847.162102461,13.978000,2011,102,0.055000
1609059847.186345816,13.461000,2000,102,0.055000
1609059847.187148094,13.492000,2010,100,0.024000
1609059847.211372614,13.609000,2001,100,0.055000
1609059847.212159634,28.545000,2011,101,0.055000
1609059847.236397028,28.591000,2000,101,0.024000
1609059847.236690760,14.279000,2010,102,0.268000
1609059847.261358976,14.244000,2001,102,0.055000
1609059847.262209415,14.327000,2011,100,0.055000
1609059847.311376572,14.575000,2000,100,0.055000
1609059847.311670303,28.958000,2010,101,0.268000
1609059847.335881710,29.079000,2001,101,0.268000
1609059847.337128639,13.922000,2011,102,0.055000
1609059847.361391783,13.392000,2000,102,0.055000
1609059847.362179756,13.554000,2010,100,0.055000
1609059847.386312723,13.672000,2001,100,0.024000
1609059847.386898756,28.556999,2011,101,0.055000
1609059847.411350965,28.575001,2000,101,0.024000
1609059847.412045717,14.531000,2010,102,0.055000
1609059847.436353683,14.144000,2001,102,0.055000
1609059847.436633110,13.959000,2011,100,0.268000
1609059847.486361027,14.621000,2000,100,0.055000
1609059847.486850023,29.334000,2010,101,0.055000
1609059847.511280298,29.444000,2001,101,0.055000
1609059847.512068510,13.880000,2011,102,0.024000
1609059847.536364794,13.372000,2000,102,0.024000
1609059847.537148237,13.635000,2010,100,0.055000
1609059847.561368227,13.744000,2001,100,0.055000
1609059847.565093040,28.556000,2011,101,0.024000
1609059847.586355209,28.584999,2000,101,0.024000
1609059847.587350607,14.469000,2010,102,0.055000
1609059847.611343145,14.023000,2001,102,0.055000
1609059847.612055302,14.374000,2011,100,0.055000
1609059847.661360502,14.674000,2000,100,0.055000
1609059847.662164211,29.391001,2010,101,0.055000
1609059847.686326504,29.379000,2001,101,0.024000
1609059847.687044859,13.833000,2011,102,0.055000
1609059847.711377144,13.261000,2000,102,0.055000
1609059847.712155104,13.664000,2010,100,0.024000
1609059847.736329317,13.796000,2001,100,0.055000
1609059847.737158298,28.764999,2011,101,0.055000
1609059847.761353493,28.573999,2000,101,0.055000
1609059847.762113094,14.300000,2010,102,0.055000
1609059847.786317110,13.984000,2001,102,0.055000
1609059847.787032843,14.432000,2011,100,0.055000
1609059847.836363316,14.726000,2000,100,0.024000
1609059847.838411808,29.350000,2010,101,0.055000
1609059847.861409903,29.306000,2001,101,0.055000
1609059847.862131834,13.793000,2011,102,0.055000
1609059847.886363268,13.206000,2000,102,0.055000
1609059847.887156487,13.700000,2010,100,0.055000
1609059847.911338329,13.899000,2001,100,0.055000
1609059847.911869287,28.533001,2011,101,0.024000
1609059847.936372995,28.545000,2000,101,0.055000
1609059847.938164711,14.351000,2010,102,0.055000
1609059847.961469650,13.894000,2001,102,0.055000
1609059847.962080240,14.449000,2011,100,0.055000
1609059848.011283875,14.765000,2000,100,0.055000
1609059848.012070656,29.330000,2010,101,0.055000
1609059848.035936117,29.094000,2001,101,0.268000
1609059848.037071228,13.765000,2011,102,0.055000
1609059848.061371326,13.155000,2000,102,0.055000
1609059848.062177896,13.688000,2010,100,0.024000
1609059848.086333513,13.959000,2001,100,0.024000
1609059848.087095976,28.569000,2011,101,0.055000
1609059848.111314297,28.523001,2000,101,0.055000
1609059848.112031937,14.334000,2010,102,0.055000
1609059848.136336088,13.788000,2001,102,0.055000
1609059848.137054920,14.461000,2011,100,0.024000
1609059848.186325312,14.801000,2000,100,0.055000
1609059848.187191248,29.329000,2010,101,0.055000
1609059848.210911036,29.051001,2001,101,0.268000
1609059848.212168455,13.735000,2011,102,0.055000
1609059848.236358643,13.106000,2000,102,0.055000
1609059848.238325596,13.723000,2010,100,0.055000
1609059848.261405706,14.023000,2001,100,0.024000
1609059848.261927128,28.572001,2011,101,0.055000
1609059848.286558390,28.409000,2000,101,0.055000
1609059848.287121773,14.140000,2010,102,0.055000
1609059848.311344385,13.719000,2001,102,0.055000
1609059848.312200546,14.483000,2011,100,0.055000
1609059848.361328125,14.849000,2000,100,0.055000
1609059848.362120390,29.330999,2010,101,0.055000
1609059848.386341333,29.320999,2001,101,0.055000
1609059848.387336016,13.665000,2011,102,0.024000
1609059848.411344051,13.094000,2000,102,0.055000
1609059848.412585735,13.766000,2010,100,0.055000
1609059848.436471224,14.051000,2001,100,0.055000
1609059848.437241554,28.528999,2011,101,0.055000
1609059848.461334944,28.384001,2000,101,0.024000
1609059848.462079287,14.143000,2010,102,0.055000
1609059848.486432552,13.667000,2001,102,0.055000
1609059848.487207174,14.429000,2011,100,0.055000
1609059848.536420822,14.900000,2000,100,0.055000
1609059848.537068605,29.323000,2010,101,0.055000
1609059848.560841799,28.944000,2001,101,0.268000
1609059848.562085390,13.619000,2011,102,0.055000
1609059848.586360455,13.067000,2000,102,0.055000
1609059848.587095976,13.780000,2010,100,0.055000
1609059848.611288548,14.174000,2001,100,0.055000
1609059848.612080336,28.552000,2011,101,0.055000
1609059848.636268377,28.410999,2000,101,0.055000
1609059848.637147903,14.107000,2010,102,0.055000
1609059848.661321640,13.504000,2001,102,0.055000
1609059848.662091970,14.540000,2011,100,0.055000
1609059848.711302042,14.960000,2000,100,0.055000
1609059848.712036848,29.268999,2010,101,0.055000
1609059848.736285925,29.055000,2001,101,0.055000
1609059848.737074852,13.604000,2011,102,0.055000
1609059848.761283159,12.962000,2000,102,0.055000
1609059848.762135029,13.879000,2010,100,0.055000
1609059848.786288261,14.312000,2001,100,0.055000
1609059848.786835432,28.548000,2011,101,0.024000
1609059848.811306715,28.315001,2000,101,0.055000
1609059848.812053442,13.983000,2010,102,0.055000
1609059848.836306334,13.459000,2001,102,0.024000
1609059848.837089300,14.571000,2011,100,0.055000
1609059848.886282444,15.026000,2000,100,0.055000
1609059848.887029171,29.250999,2010,101,0.055000
1609059848.911309242,29.212000,2001,101,0.055000
1609059848.912055254,13.486000,2011,102,0.056000
1609059848.936320066,12.866000,2000,102,0.055000
1609059848.939312458,13.903000,2010,100,0.055000
1609059848.961359262,14.409000,2001,100,0.055000
1609059848.961870670,28.533001,2011,101,0.055000
1609059848.986290455,28.271000,2000,101,0.024000
1609059848.987046480,13.859000,2010,102,0.055000
1609059849.011287689,13.306000,2001,102,0.024000
1609059849.012099981,14.602000,2011,100,0.055000
1609059849.061280489,15.056000,2000,100,0.024000
1609059849.062012434,28.989000,2010,101,0.268000
1609059849.086323977,29.063000,2001,101,0.055000
1609059849.087058783,13.354000,2011,102,0.268000
1609059849.111322165,12.796000,2000,102,0.055000
1609059849.112103939,13.973000,2010,100,0.055000
1609059849.136283636,14.472000,2001,100,0.024000
1609059849.136814833,28.482000,2011,101,0.055000
1609059849.161334038,28.214001,2000,101,0.055000
1609059849.162082672,13.753000,2010,102,0.055000
1609059849.186275005,13.155000,2001,102,0.055000
1609059849.187103748,14.641000,2011,100,0.055000
1609059849.236312389,15.092000,2000,100,0.055000
1609059849.237020969,28.990999,2010,101,0.268000
1609059849.261341333,29.004000,2001,101,0.055000
1609059849.262117624,13.608000,2011,102,0.055000
1609059849.286362648,12.769000,2000,102,0.055000
1609059849.286833286,14.095000,2010,100,0.055000
1609059849.311310768,14.625000,2001,100,0.055000
1609059849.312038660,28.459000,2011,101,0.055000
1609059849.336365223,28.191999,2000,101,0.055000
1609059849.337048769,13.607000,2010,102,0.268000
1609059849.361265182,13.068000,2001,102,0.055000
1609059849.362159252,14.687000,2011,100,0.055000
1609059849.411301613,15.197000,2000,100,0.055000
1609059849.411548615,28.430000,2010,101,0.129000
1609059849.436431885,28.944000,2001,101,0.055000
1609059849.437126875,13.609000,2011,102,0.055000
1609059849.461312056,12.686000,2000,102,0.024000
1609059849.462011337,14.153000,2010,100,0.055000
1609059849.486290216,14.696000,2001,100,0.055000
1609059849.487019300,28.436001,2011,101,0.024000
1609059849.514841318,28.068001,2000,101,0.055000
1609059849.515289783,13.548000,2010,102,0.055000
1609059849.536335707,12.908000,2001,102,0.055000
1609059849.538302898,14.664000,2011,100,0.055000
1609059849.586292028,15.237000,2000,100,0.055000
1609059849.611314774,28.944000,2001,101,0.055000
1609059849.612090111,13.521000,2011,102,0.056000
1609059849.636554718,12.601000,2000,102,0.055000
1609059849.637224436,14.247000,2010,100,0.055000
1609059849.662817001,28.403999,2011,101,0.024000
1609059849.663450956,14.847000,2001,100,0.055000
1609059849.686317205,28.084000,2000,101,0.055000
1609059849.711294174,12.856000,2001,102,0.055000
1609059849.711844683,14.687000,2011,100,0.055000
1609059849.786324024,28.882999,2001,101,0.055000
1609059849.786769867,12.375000,2011,102,0.129000
1609059849.811825275,12.512000,2000,102,0.024000
1609059849.812217236,14.332000,2010,100,0.055000
1609059849.836296558,14.969000,2001,100,0.055000
1609059849.836847544,28.372000,2011,101,0.055000
1609059849.861274004,28.028999,2000,101,0.055000
1609059849.862032413,13.332000,2010,102,0.055000
1609059849.886317015,12.759000,2001,102,0.055000
1609059849.887107611,14.845000,2011,100,0.024000
1609059849.936288834,15.333000,2000,100,0.055000
1609059849.936551332,28.305000,2010,101,0.129000
1609059849.961252451,28.833000,2001,101,0.024000
1609059849.986268759,12.456000,2000,102,0.055000
1609059849.986983538,14.425000,2010,100,0.055000
1609059850.011340618,15.054000,2001,100,0.055000
1609059850.011880636,28.320000,2011,101,0.055000
1609059850.036297560,27.947001,2000,101,0.024000
1609059850.037694216,13.276000,2010,102,0.055000
1609059850.061320066,12.671000,2001,102,0.024000
1609059850.061824560,14.847000,2011,100,0.055000
1609059850.111369133,15.497999,2000,100,0.055000
1609059850.112066507,28.408001,2010,101,10.536000
1609059850.136312962,28.791000,2001,101,0.024000
1609059850.137045860,13.038000,2011,102,0.268000
1609059850.161404371,12.333000,2000,102,0.055000
1609059850.162131786,14.510000,2010,100,0.024000
1609059850.186355829,15.137000,2001,100,0.024000
1609059850.187399626,28.277000,2011,101,0.055000
1609059850.211324692,27.943001,2000,101,0.055000
1609059850.212052107,13.187000,2010,102,0.055000
1609059850.236383200,12.591000,2001,102,0.024000
1609059850.237041950,14.969000,2011,100,0.055000
1609059850.286265135,15.600000,2000,100,0.055000
1609059850.286517382,28.288000,2010,101,0.129000
1609059850.311362982,28.745001,2001,101,0.024000
1609059850.312179565,13.050000,2011,102,0.056000
1609059850.336353064,12.249000,2000,102,0.024000
1609059850.337824583,14.583000,2010,100,0.055000
1609059850.361338854,15.185000,2001,100,0.055000
1609059850.362065315,28.240999,2011,101,0.055000
1609059850.386363506,27.900000,2000,101,0.055000
1609059850.387352705,13.064000,2010,102,0.055000
1609059850.411294460,12.458000,2001,102,0.055000
1609059850.412012815,15.037000,2011,100,0.055000
1609059850.461312294,15.638000,2000,100,0.055000
1609059850.461756945,28.261000,2010,101,0.129000
1609059850.486331224,28.684000,2001,101,0.055000
1609059850.486861467,12.009000,2011,102,0.129000
1609059850.511277199,12.163000,2000,102,0.055000
1609059850.511999607,14.670000,2010,100,0.055000
1609059850.536315441,15.320999,2001,100,0.024000
1609059850.537107706,28.200001,2011,101,0.055000
1609059850.561320782,27.806999,2000,101,0.024000
1609059850.562044621,13.010000,2010,102,0.055000
1609059850.586295605,12.309000,2001,102,0.055000
1609059850.587080479,15.090000,2011,100,0.024000
1609059850.636299133,15.639000,2000,100,0.055000
1609059850.636888027,28.055000,2010,101,0.129000
1609059850.661349773,28.569000,2001,101,0.055000
1609059850.662098646,12.751000,2011,102,0.056000
1609059850.686308622,12.098000,2000,102,0.055000
1609059850.687083960,14.762000,2010,100,0.055000
1609059850.711285830,15.388000,2001,100,0.055000
1609059850.712178469,28.167000,2011,101,0.055000
1609059850.736308575,27.736000,2000,101,0.055000
1609059850.737335205,12.938000,2010,102,0.055000
1609059850.761378050,12.208000,2001,102,0.055000
1609059850.762078047,15.140000,2011,100,0.024000
1609059850.811262846,15.742001,2000,100,0.055000
1609059850.811717033,28.006001,2010,101,0.129000
1609059850.836318493,28.511999,2001,101,0.055000
1609059850.837053776,12.735000,2011,102,0.024000
1609059850.862029314,15.344000,2010,100,0.024000
1609059850.886326313,15.520000,2001,100,0.055000
1609059850.887031794,28.122000,2011,101,0.024000
1609059850.911293745,27.709999,2000,101,0.024000
1609059850.912034750,12.845000,2010,102,0.024000
1609059850.936375618,12.159000,2001,102,0.055000
1609059850.938480377,15.184000,2011,100,0.055000
1609059850.986316204,15.782000,2000,100,0.024000
1609059850.987047672,28.716000,2010,101,0.055000
1609059851.011279106,28.458000,2001,101,0.055000
1609059851.012003422,12.647000,2011,102,0.055000
1609059851.036293507,11.988000,2000,102,0.024000
1609059851.037091255,14.919000,2010,100,0.024000
1609059851.061395407,15.611000,2001,100,0.055000
1609059851.062054873,28.129000,2011,101,0.024000
1609059851.086264372,27.673000,2000,101,0.055000
1609059851.087005854,12.765000,2010,102,0.055000
1609059851.111294508,12.040000,2001,102,0.024000
1609059851.112054586,15.228000,2011,100,0.055000
1609059851.161366224,15.917000,2000,100,0.024000
1609059851.186334610,28.421000,2001,101,0.024000
1609059851.187027931,12.635000,2011,102,0.055000
1609059851.211294413,11.962000,2000,102,0.055000
1609059851.212037325,15.022000,2010,100,0.055000
1609059851.236278534,15.693001,2001,100,0.055000
1609059851.237071991,28.100000,2011,101,0.055000
1609059851.261281252,27.641001,2000,101,0.024000
1609059851.262048721,12.699000,2010,102,0.055000
1609059851.286269903,11.994000,2001,102,0.055000
1609059851.287015676,15.277000,2011,100,0.024000
1609059851.336263657,15.934000,2000,100,0.055000
1609059851.337027788,28.549000,2010,101,0.268000
1609059851.361311436,28.348000,2001,101,0.055000
1609059851.362049341,12.541000,2011,102,0.024000
1609059851.386988401,15.045000,2010,100,0.055000
1609059851.411318541,15.718000,2001,100,0.055000
1609059851.412841320,28.077000,2011,101,0.055000
1609059851.436386108,27.559000,2000,101,0.055000
1609059851.437081099,12.653000,2010,102,0.055000
1609059851.461283207,11.953000,2001,102,0.055000
1609059851.462031603,15.319000,2011,100,0.055000
1609059851.511283398,16.004999,2000,100,0.055000
1609059851.512603045,28.443001,2010,101,0.268000
1609059851.536283493,28.336000,2001,101,0.055000
1609059851.537057638,12.503000,2011,102,0.024000
1609059851.562086344,15.104000,2010,100,0.055000
1609059851.586312532,15.799999,2001,100,0.055000
1609059851.588189125,28.003000,2011,101,0.055000
1609059851.611323118,27.548000,2000,101,0.055000
1609059851.612046719,12.576000,2010,102,0.055000
1609059851.636302471,11.861000,2001,102,0.055000
1609059851.638528347,15.364000,2011,100,0.024000
1609059851.686851978,16.014000,2000,100,0.055000
1609059851.711324453,28.282000,2001,101,0.055000
1609059851.711998940,12.499000,2011,102,0.024000
1609059851.737123013,15.204000,2010,100,0.055000
1609059851.761268616,15.819000,2001,100,0.055000
1609059851.762430191,27.980000,2011,101,0.055000
1609059851.786350965,27.483000,2000,101,0.024000
1609059851.787052631,12.531000,2010,102,0.055000
1609059851.811327219,11.818000,2001,102,0.055000
1609059851.812027931,15.421000,2011,100,0.024000
1609059851.861259460,16.115000,2000,100,0.024000
1609059851.863430023,28.549999,2010,101,0.268000
1609059851.886282444,28.198000,2001,101,0.055000
1609059851.886996984,12.455000,2011,102,0.055000
1609059851.911329985,11.815000,2000,102,0.024000
1609059851.911986589,15.164000,2010,100,0.055000
1609059851.936332226,15.898001,2001,100,0.055000
1609059851.937030315,27.892000,2011,101,0.024000
1609059851.961656570,27.388000,2000,101,0.055000
1609059851.962089777,12.435000,2010,102,0.055000
1609059851.986249924,11.822000,2001,102,0.055000
1609059851.987855434,15.488001,2011,100,0.024000
1609059852.036279917,16.184999,2000,100,0.055000
1609059852.061270952,28.047001,2001,101,0.055000
1609059852.062004805,12.415000,2011,102,0.055000
1609059852.086274862,11.780000,2000,102,0.055000
1609059852.111448050,16.018999,2001,100,0.055000
1609059852.136337280,27.291000,2000,101,0.055000
1609059852.137131453,12.385000,2010,102,0.055000
1609059852.161299706,11.666000,2001,102,0.055000
1609059852.162054777,15.556000,2011,100,0.055000
1609059852.211286783,16.301001,2000,100,0.055000
1609059852.212599516,28.377001,2010,101,0.024000
1609059852.236368656,27.952999,2001,101,0.055000
1609059852.239382982,12.361000,2011,102,0.055000
1609059852.261320591,11.767000,2000,102,0.055000
1609059852.262066603,15.437000,2010,100,0.055000
1609059852.286299706,16.115000,2001,100,0.055000
1609059852.286996841,27.705999,2011,101,0.055000
1609059852.311275721,27.165001,2000,101,0.055000
1609059852.312010765,12.325000,2010,102,0.055000
1609059852.336447239,11.588000,2001,102,0.055000
1609059852.337609291,15.646999,2011,100,0.024000
1609059852.386261940,16.355000,2000,100,0.055000
1609059852.386998892,28.018000,2010,101,0.268000
1609059852.411258221,27.822001,2001,101,0.055000
1609059852.412058353,12.296000,2011,102,0.055000
1609059852.436258554,11.663000,2000,102,0.055000
1609059852.437089682,15.493000,2010,100,0.055000
1609059852.461377859,16.180000,2001,100,0.055000
1609059852.462006330,27.591999,2011,101,0.055000
1609059852.486273289,27.041000,2000,101,0.055000
1609059852.487002611,12.220000,2010,102,0.055000
1609059852.511348009,11.527000,2001,102,0.024000
1609059852.511968374,15.743000,2011,100,0.055000
1609059852.561233997,16.450001,2000,100,0.024000
1609059852.562037230,27.934999,2010,101,0.268000
1609059852.586251259,27.702999,2001,101,0.024000
1609059852.587023973,12.232000,2011,102,0.055000
1609059852.611232758,11.591000,2000,102,0.055000
1609059852.611992836,15.628000,2010,100,0.055000
1609059852.636338234,16.225000,2001,100,0.055000
1609059852.661266088,26.926001,2000,101,0.055000
1609059852.662053347,12.141000,2010,102,0.055000
1609059852.686267376,11.453000,2001,102,0.055000
1609059852.687051296,15.844999,2011,100,0.055000
1609059852.736248255,16.552000,2000,100,0.055000
1609059852.761309147,27.589001,2001,101,0.055000
1609059852.762067556,12.152000,2011,102,0.055000
1609059852.786974192,15.683001,2010,100,0.055000
1609059852.811272621,16.364000,2001,100,0.055000
1609059852.811963081,27.356001,2011,101,0.055000
1609059852.836296797,26.805000,2000,101,0.055000
1609059852.838869333,12.048000,2010,102,0.055000
1609059852.861320972,11.360000,2001,102,0.024000
1609059852.861974478,15.948999,2011,100,0.055000
1609059852.911277056,16.650999,2000,100,0.055000
1609059852.912097454,27.827000,2010,101,0.055000
1609059852.936301470,27.455999,2001,101,0.055000
1609059852.937041998,12.068000,2011,102,0.055000
1609059852.961316347,11.398000,2000,102,0.024000
1609059852.961998940,15.792000,2010,100,0.055000
1609059852.986274719,16.481001,2001,100,0.055000
1609059852.986982346,27.204000,2011,101,0.055000
1609059853.011272907,26.694000,2000,101,0.055000
1609059853.011970758,11.922000,2010,102,0.055000
1609059853.036305428,11.260000,2001,102,0.055000
1609059853.037060261,16.032000,2011,100,0.055000
1609059853.086245060,16.743000,2000,100,0.024000
1609059853.086992264,27.631001,2010,101,0.055000
1609059853.112630844,27.282000,2001,101,0.055000
1609059853.113100052,11.997000,2011,102,0.055000
1609059853.136242867,11.395000,2000,102,0.055000
1609059853.137028456,15.985001,2010,100,0.055000
1609059853.161322355,16.657000,2001,100,0.055000
1609059853.162241936,27.150999,2011,101,0.055000
1609059853.186324596,26.584000,2000,101,0.055000
1609059853.187023878,11.880000,2010,102,0.055000
1609059853.211234093,11.128000,2001,102,0.055000
1609059853.211964607,16.089001,2011,100,0.055000
1609059853.261265516,16.886999,2000,100,0.055000
1609059853.286254883,27.152000,2001,101,0.055000
1609059853.287020683,11.892000,2011,102,0.055000
1609059853.336282969,16.740000,2001,100,0.055000
1609059853.337016106,27.014999,2011,101,0.055000
1609059853.361391068,26.461000,2000,101,0.055000
1609059853.362076044,11.794000,2010,102,0.055000
1609059853.386247396,11.053000,2001,102,0.055000
1609059853.386996269,16.214001,2011,100,0.024000
1609059853.436263800,16.973000,2000,100,0.055000
1609059853.437297821,27.764999,2010,101,0.055000
1609059853.461277008,27.011999,2001,101,0.055000
1609059853.461986542,11.812000,2011,102,0.055000
1609059853.486517429,16.173000,2010,100,0.268000
1609059853.511300325,16.865000,2001,100,0.055000
1609059853.536346197,26.378000,2000,101,0.055000
1609059853.537089586,11.662000,2010,102,0.055000
1609059853.561321735,10.980000,2001,102,0.024000
1609059853.562005758,16.325001,2011,100,0.055000
1609059853.611262560,17.052000,2000,100,0.055000
1609059853.636290312,26.875000,2001,101,0.055000
1609059853.637031317,11.734000,2011,102,0.055000
1609059853.661353350,11.111000,2000,102,0.024000
1609059853.662049770,16.247999,2010,100,0.056000
1609059853.686295271,17.018000,2001,100,0.055000
1609059853.687026024,26.820000,2011,101,0.055000
1609059853.711265802,26.173000,2000,101,0.055000
1609059853.713128090,11.595000,2010,102,0.024000
1609059853.737016439,16.441999,2011,100,0.055000
1609059853.786223650,17.132000,2000,100,0.055000
1609059853.811301470,26.672001,2001,101,0.055000
1609059853.812996864,11.644000,2011,102,0.055000
1609059853.836258650,11.021000,2000,102,0.055000
1609059853.836765289,16.452000,2010,100,0.129000
1609059853.861274242,17.142000,2001,100,0.024000
1609059853.886311054,26.118000,2000,101,0.024000
1609059853.887422323,11.473000,2010,102,0.055000
1609059853.912005424,16.561001,2011,100,0.055000
1609059853.961284876,17.247999,2000,100,0.055000
1609059853.986268759,26.606001,2001,101,0.055000
1609059853.987124681,11.633000,2011,102,0.055000
1609059854.011253119,10.941000,2000,102,0.024000
1609059854.036267757,17.231001,2001,100,0.055000
1609059854.061346531,25.905001,2000,101,0.055000
1609059854.062912941,11.379000,2010,102,0.055000
1609059854.136277199,17.059999,2000,100,0.268000
1609059854.161312103,26.441999,2001,101,0.055000
1609059854.161999464,11.493000,2011,102,0.055000
1609059854.211300373,17.358999,2001,100,0.055000
1609059854.212316275,26.541000,2011,101,0.055000
1609059854.236266613,25.843000,2000,101,0.055000
1609059854.237044573,11.268000,2010,102,0.055000
1609059854.261986971,16.781000,2011,100,0.055000
1609059854.310829878,17.483000,2000,100,0.268000
1609059854.336302757,26.313000,2001,101,0.055000
1609059854.337015152,11.429000,2011,102,0.055000
1609059854.361236572,10.836000,2000,102,0.055000
1609059854.386237144,17.489000,2001,100,0.055000
1609059854.411259890,25.655001,2000,101,0.055000
1609059854.411965847,11.175000,2010,102,0.055000
1609059854.437068939,16.889999,2011,100,0.055000
1609059854.486301661,17.493999,2000,100,0.056000
1609059854.511247635,26.040001,2001,101,0.055000
1609059854.511997461,11.383000,2011,102,0.055000
1609059854.536309242,10.769000,2000,102,0.055000
1609059854.538770199,17.360001,2010,100,0.055000
1609059854.561251402,17.613001,2001,100,0.024000
1609059854.561972141,26.157000,2011,101,0.055000
1609059854.586257696,25.551001,2000,101,0.055000
1609059854.586992741,11.125000,2010,102,0.055000
1609059854.612174749,17.003000,2011,100,0.055000
1609059854.660746574,17.552000,2000,100,0.129000
1609059854.686232567,25.966000,2001,101,0.055000
1609059854.687024832,11.326000,2011,102,0.055000
1609059854.711236954,10.703000,2000,102,0.055000
1609059854.712351084,17.400000,2010,100,0.268000
1609059854.736301899,17.732000,2001,100,0.055000
1609059854.761291981,25.368999,2000,101,0.055000
1609059854.762079954,11.039000,2010,102,0.055000
1609059854.787006140,17.136000,2011,100,0.055000
1609059854.836348057,61.063999,2000,100,0.056000
1609059854.861288309,25.740999,2001,101,0.055000
1609059854.861977100,11.253000,2011,102,0.055000
1609059854.886337042,10.641000,2000,102,0.024000
1609059854.887810230,17.076000,2010,100,0.268000
1609059854.911258221,17.851999,2001,100,0.055000
1609059854.936296940,25.254000,2000,101,0.055000
1609059854.937026501,10.953000,2010,102,0.055000
1609059854.961995363,17.247000,2011,100,0.055000
1609059855.011342049,18.243999,2000,100,0.056000
1609059855.011912346,26.253000,2010,101,0.055000
1609059855.036346436,25.671000,2001,101,0.055000
1609059855.037157774,11.223000,2011,102,0.055000
1609059855.061266184,10.572000,2000,102,0.055000
1609059855.061974764,17.288000,2010,100,0.268000
1609059855.086268425,17.982000,2001,100,0.055000
1609059855.111217260,25.082001,2000,101,0.055000
1609059855.111978769,10.800000,2010,102,0.055000
1609059855.137045622,17.370001,2011,100,0.055000
1609059855.186308861,18.344000,2000,100,10.536000
1609059855.211270809,25.513000,2001,101,0.055000
1609059855.212002516,11.091000,2011,102,0.055000
1609059855.236223459,10.528000,2000,102,0.055000
1609059855.261299849,18.122999,2001,100,0.055000
1609059855.286297321,24.941999,2000,101,0.055000
1609059855.311974525,17.490000,2011,100,0.055000
1609059855.361262798,18.100000,2000,100,0.056000
1609059855.386296749,25.379999,2001,101,0.055000
1609059855.386796474,11.054000,2011,102,0.055000
1609059855.436300993,18.250000,2001,100,0.055000
1609059855.461292744,24.794001,2000,101,0.055000
1609059855.461962223,10.693000,2010,102,0.055000
1609059855.486953497,17.573999,2011,100,0.055000
1609059855.536304474,18.329000,2000,100,0.056000
1609059855.561286926,25.194000,2001,101,0.055000
1609059855.562046766,11.059000,2011,102,0.055000
1609059855.586216450,10.400000,2000,102,0.055000
1609059855.586980820,17.694000,2010,100,0.056000
1609059855.611233950,18.386999,2001,100,0.055000
1609059855.636248112,24.653000,2000,101,0.055000
1609059855.637044191,10.608000,2010,102,0.024000
1609059855.661913872,17.740000,2011,100,0.055000
1609059855.711265087,60.945999,2000,100,0.056000
1609059855.736265898,25.073999,2001,101,0.055000
1609059855.737030745,10.985000,2011,102,0.055000
1609059855.761266232,10.338000,2000,102,0.055000
1609059855.762060165,17.735001,2010,100,0.056000
1609059855.786247969,18.552999,2001,100,0.055000
1609059855.811224222,24.482000,2000,101,0.055000
1609059855.836968899,17.882000,2011,100,0.055000
1609059855.886268616,61.076000,2000,100,0.056000
1609059855.911274433,24.910999,2001,101,0.055000
1609059855.911823034,10.824000,2011,102,0.055000
1609059855.936333179,10.266000,2000,102,0.055000
1609059855.961287260,18.705999,2001,100,0.055000
1609059855.986253023,24.330000,2000,101,0.055000
1609059856.011241436,9.735000,2001,102,0.055000
1609059856.012078047,18.028999,2011,100,0.055000
1609059856.061292410,60.953999,2000,100,0.056000
1609059856.061994076,25.273001,2010,101,0.055000
1609059856.086233616,24.708000,2001,101,0.055000
1609059856.086758614,10.708000,2011,102,0.055000
1609059856.111238718,10.181000,2000,102,0.055000
1609059856.112071514,18.148001,2010,100,0.024000
1609059856.136314631,18.865999,2001,100,0.024000
1609059856.161246538,24.160999,2000,101,0.055000
1609059856.186904192,18.171000,2011,100,0.055000
1609059856.236169100,18.938999,2000,100,0.055000
1609059856.261250257,24.511999,2001,101,0.055000
1609059856.262025356,10.717000,2011,102,0.055000
1609059856.286247730,10.105000,2000,102,0.055000
1609059856.311207533,19.045000,2001,100,0.055000
1609059856.336302757,23.996000,2000,101,0.055000
1609059856.337052584,10.168000,2010,102,0.055000
1609059856.361986160,18.362000,2011,100,0.055000
1609059856.411181688,19.086000,2000,100,0.055000
1609059856.413104773,24.950001,2010,101,0.024000
1609059856.436223269,24.322001,2001,101,0.055000
1609059856.437016726,10.614000,2011,102,0.055000
1609059856.460995913,10.035000,2000,102,0.055000
1609059856.462033033,18.461000,2010,100,0.055000
1609059856.486220121,19.190001,2001,100,0.055000
1609059856.511189461,23.827000,2000,101,0.055000
1609059856.512217760,10.038000,2010,102,0.055000
1609059856.586181879,19.218000,2000,100,0.055000
1609059856.586933374,24.790001,2010,101,0.024000
1609059856.611292839,24.124001,2001,101,0.055000
1609059856.611945152,10.502000,2011,102,0.055000
1609059856.636263132,9.909000,2000,102,0.055000
1609059856.637033463,18.684000,2010,100,0.056000
1609059856.661239147,19.377001,2001,100,0.055000
1609059856.686271191,23.680000,2000,101,0.055000
1609059856.687013626,9.894000,2010,102,0.055000
1609059856.711963654,18.695000,2011,100,0.055000
1609059856.786230564,23.934999,2001,101,0.055000
1609059856.787143707,10.390000,2011,102,0.055000
1609059856.811207294,9.832000,2000,102,0.055000
1609059856.811970234,18.822001,2010,100,0.055000
1609059856.836225510,19.562000,2001,100,0.055000
1609059856.861331224,23.429001,2000,101,0.055000
1609059856.861999989,9.850000,2010,102,0.055000
1609059856.886902809,18.877001,2011,100,0.055000
1609059856.936170578,19.065001,2000,100,10.536000
1609059856.961254597,23.746000,2001,101,0.024000
1609059856.962003231,10.315000,2011,102,0.055000
1609059856.986184120,9.703000,2000,102,0.055000
1609059856.987011194,18.965000,2010,100,0.056000
1609059857.011306524,19.749001,2001,100,0.055000
1609059857.011950254,24.247999,2011,101,0.055000
1609059857.036280632,23.315001,2000,101,0.024000
1609059857.061935186,19.099001,2011,100,0.055000
1609059857.111141682,19.754999,2000,100,0.056000
1609059857.112814426,24.201000,2010,101,0.055000
1609059857.136229038,23.566999,2001,101,0.055000
1609059857.137044430,10.245000,2011,102,0.055000
1609059857.161024332,9.650000,2000,102,0.024000
1609059857.161926508,19.233999,2010,100,0.055000
1609059857.186208963,19.931000,2001,100,0.055000
1609059857.211135149,23.143000,2000,101,0.055000
1609059857.213276148,9.610000,2010,102,0.055000
1609059857.286231995,19.871000,2000,100,0.055000
1609059857.286985636,23.981001,2010,101,0.055000
1609059857.311230421,23.374001,2001,101,0.055000
1609059857.313240528,10.125000,2011,102,0.055000
1609059857.335971355,9.574000,2000,102,0.055000
1609059857.361151218,20.084999,2001,100,0.055000
1609059857.386238813,22.975000,2000,101,0.055000
1609059857.387025595,9.485000,2010,102,0.055000
1609059857.411215067,8.861000,2001,102,0.055000
1609059857.461153269,19.954000,2000,100,0.055000
1609059857.461944103,23.854000,2010,101,0.055000
1609059857.486254215,23.174000,2001,101,0.055000
1609059857.511315584,9.542000,2000,102,0.055000
1609059857.512044191,19.576000,2010,100,0.024000
1609059857.536292315,20.011000,2001,100,10.536000
1609059857.561218977,22.701000,2000,101,0.055000
1609059857.585988998,8.757000,2001,102,0.055000
1609059857.586923361,19.992001,2011,100,0.055000
1609059857.636793852,20.242001,2000,100,0.055000
1609059857.661220789,22.941999,2001,101,0.055000
1609059857.661918640,9.955000,2011,102,0.055000
1609059857.686339855,9.512000,2000,102,0.055000
1609059857.686912060,19.771000,2010,100,0.055000
1609059857.710713148,20.066000,2001,100,0.129000
1609059857.711911201,23.261000,2011,101,0.055000
1609059857.736202955,22.591000,2000,101,0.024000
1609059857.761231422,8.627000,2001,102,0.055000
1609059857.761936188,20.240999,2011,100,0.268000
1609059857.811210871,20.416000,2000,100,0.055000
1609059857.811886787,23.438999,2010,101,0.055000
1609059857.836226463,22.738001,2001,101,0.055000
1609059857.861294270,9.357000,2000,102,0.024000
1609059857.861891031,19.971001,2010,100,0.055000
1609059857.886270285,20.555000,2001,100,0.268000
1609059857.887269258,23.194000,2011,101,0.055000
1609059857.911175013,22.370001,2000,101,0.024000
1609059857.913118601,9.111000,2010,102,0.055000
1609059857.936019659,8.531000,2001,102,0.055000
1609059858.011226416,22.589001,2001,101,0.055000
1609059858.036173820,9.312000,2000,102,0.055000
1609059858.036956072,20.146999,2010,100,0.055000
1609059858.061243296,20.833000,2001,100,0.268000
1609059858.061879158,22.938999,2011,101,0.056000
1609059858.086218119,22.195999,2000,101,0.055000
1609059858.087001324,8.963000,2010,102,0.055000
1609059858.111275911,8.511000,2001,102,0.055000
1609059858.161169529,20.753000,2000,100,0.055000
1609059858.161909342,23.097000,2010,101,0.055000
1609059858.186175585,22.430000,2001,101,0.055000
1609059858.187108517,9.612000,2011,102,0.055000
1609059858.211232185,9.321000,2000,102,0.055000
1609059858.212123632,20.349001,2010,100,0.055000
1609059858.236241102,21.047001,2001,100,0.055000
1609059858.261348248,22.021999,2000,101,0.055000
1609059858.262026072,8.900000,2010,102,0.055000
1609059858.286298513,8.476000,2001,102,0.055000
1609059858.336146116,20.879999,2000,100,0.024000
1609059858.337093830,22.844000,2010,101,0.055000
1609059858.361233711,22.198000,2001,101,0.055000
1609059858.362386465,9.486000,2011,102,0.055000
1609059858.386230469,9.239000,2000,102,0.055000
1609059858.386896849,20.521000,2010,100,0.055000
1609059858.411208153,21.152000,2001,100,0.055000
1609059858.436211348,21.858000,2000,101,0.024000
1609059858.436994791,8.730000,2010,102,0.055000
1609059858.461213350,8.407000,2001,102,0.024000
1609059858.511158466,21.073000,2000,100,0.024000
1609059858.512009382,22.688000,2010,101,0.055000
1609059858.536202431,21.997999,2001,101,0.055000
1609059858.536980391,9.458000,2011,102,0.024000
1609059858.561003447,9.088000,2000,102,0.055000
1609059858.561977625,20.667999,2010,100,0.055000
1609059858.586184740,21.408001,2001,100,0.055000
1609059858.611238241,21.670000,2000,101,0.056000
1609059858.611942291,8.653000,2010,102,0.024000
1609059858.636193514,8.362000,2001,102,0.055000
1609059858.686137199,21.232000,2000,100,0.055000
1609059858.686885357,22.483000,2010,101,0.024000
1609059858.711142778,21.794001,2001,101,0.055000
1609059858.736232042,9.137000,2000,102,0.055000
1609059858.736882925,20.914000,2010,100,0.055000
1609059858.761231422,21.566999,2001,100,0.055000
1609059858.786204338,21.525999,2000,101,0.055000
1609059858.786933899,8.658000,2010,102,0.055000
1609059858.811190367,8.324000,2001,102,0.055000
1609059858.861113071,21.382999,2000,100,0.055000
1609059858.861877203,22.257000,2010,101,0.055000
1609059858.886652231,21.607000,2001,101,0.055000
1609059858.911211252,9.126000,2000,102,0.055000
1609059858.911828279,21.010000,2010,100,0.055000
1609059858.936318398,21.774000,2001,100,0.055000
1609059858.937232494,22.160999,2011,101,10.536000
1609059858.961176157,21.360001,2000,101,0.055000
1609059858.961954355,8.530000,2010,102,0.024000
1609059858.985986710,8.195000,2001,102,0.055000
1609059859.036186457,21.531000,2000,100,0.055000
1609059859.036827326,22.150000,2010,101,0.055000
1609059859.061173677,21.379000,2001,101,0.055000
1609059859.086170912,9.153000,2000,102,0.055000
1609059859.086805105,21.233000,2010,100,0.055000
1609059859.111128092,21.924999,2001,100,0.055000
1609059859.136131048,21.181999,2000,101,0.056000
1609059859.136899710,8.585000,2010,102,0.055000
1609059859.161153793,8.300000,2001,102,0.024000
1609059859.211123466,21.632000,2000,100,0.055000
1609059859.211802721,21.947001,2010,101,0.055000
1609059859.236179829,21.202999,2001,101,0.055000
1609059859.261205435,9.164000,2000,102,0.055000
1609059859.261920929,21.332001,2010,100,0.055000
1609059859.286251307,22.031000,2001,100,0.024000
1609059859.311179161,20.919001,2000,101,0.056000
1609059859.312021017,8.533000,2010,102,0.024000
1609059859.336185932,8.307000,2001,102,0.055000
1609059859.386158228,21.794001,2000,100,0.055000
1609059859.387376070,21.809000,2010,101,0.024000
1609059859.436237335,9.101000,2000,102,0.055000
1609059859.436796188,21.468000,2010,100,0.055000
1609059859.461123943,22.118000,2001,100,0.055000
1609059859.486891985,8.523000,2010,102,0.055000
1609059859.511166334,8.294000,2001,102,0.024000
1609059859.511854172,21.184999,2011,100,0.024000
1609059859.561087608,21.898001,2000,100,0.055000
1609059859.561889410,21.612000,2010,101,0.055000
1609059859.586123943,20.910000,2001,101,0.055000
1609059859.611226797,9.194000,2000,102,0.055000
1609059859.615153551,21.621000,2010,100,0.024000
1609059859.636171818,22.226000,2001,100,0.055000
1609059859.636526108,21.422001,2011,101,0.268000
1609059859.661219120,20.768999,2000,101,0.056000
1609059859.662515640,8.585000,2010,102,0.024000
1609059859.686195850,8.371000,2001,102,0.055000
1609059859.686927557,21.374001,2011,100,0.055000
1609059859.736129045,22.031000,2000,100,0.055000
1609059859.737662077,21.503000,2010,101,0.055000
1609059859.761149406,20.764000,2001,101,0.024000
1609059859.761474609,8.663000,2011,102,0.268000
1609059859.786198854,9.319000,2000,102,0.024000
1609059859.786814451,21.688000,2010,100,0.055000
1609059859.811175346,22.327999,2001,100,0.055000
1609059859.836146355,20.552999,2000,101,0.056000
1609059859.836933136,8.615000,2010,102,0.055000
1609059859.861239195,8.422000,2001,102,0.024000
1609059859.861941338,21.429001,2011,100,0.055000
1609059859.911148310,22.094000,2000,100,0.055000
1609059859.912219286,21.254999,2010,101,0.055000
1609059859.936131477,20.669001,2001,101,0.055000
1609059859.936633110,8.799000,2011,102,0.268000
1609059859.961140871,9.336000,2000,102,0.055000
1609059859.961871862,21.806999,2010,100,0.055000
1609059859.986101866,22.412001,2001,100,0.055000
1609059860.011163950,20.500999,2000,101,0.056000
1609059860.011867762,8.665000,2010,102,0.055000
1609059860.035932302,8.363000,2001,102,0.024000
1609059860.036827326,21.554001,2011,100,0.055000
1609059860.086109638,22.177999,2000,100,0.055000
1609059860.086831331,21.164000,2010,101,0.024000
1609059860.111125946,20.489000,2001,101,0.055000
1609059860.111358881,8.820000,2011,102,0.268000
1609059860.136173248,9.365000,2000,102,0.024000
1609059860.137319088,21.812000,2010,100,0.055000
1609059860.161121130,22.537001,2001,100,0.055000
1609059860.186866522,8.726000,2010,102,0.055000
1609059860.211789370,21.632000,2011,100,0.024000
1609059860.261067867,22.252001,2000,100,0.055000
1609059860.261838198,21.033001,2010,101,0.055000
1609059860.286119938,20.379000,2001,101,0.055000
1609059860.310876369,9.421000,2000,102,0.055000
1609059860.311813831,21.920000,2010,100,0.055000
1609059860.336084604,22.606001,2001,100,0.055000
1609059860.337121964,21.037001,2011,101,0.055000
1609059860.361163378,20.271999,2000,101,0.056000
1609059860.362146139,8.770000,2010,102,0.055000
1609059860.386153460,8.612000,2001,102,0.055000
1609059860.386825323,21.705999,2011,100,0.055000
1609059860.436074972,22.316999,2000,100,0.024000
1609059860.436820269,20.962999,2010,101,0.055000
1609059860.486104965,9.588000,2000,102,0.055000
1609059860.486818552,22.027000,2010,100,0.055000
1609059860.511108637,22.624001,2001,100,0.055000
1609059860.536209106,20.125999,2000,101,0.056000
1609059860.536857605,8.853000,2010,102,0.024000
1609059860.561129570,8.705000,2001,102,0.055000
1609059860.561926365,21.763000,2011,100,0.024000
1609059860.611089706,22.421000,2000,100,0.055000
1609059860.611852646,20.805000,2010,101,0.024000
1609059860.661167860,9.690000,2000,102,0.055000
1609059860.661800385,22.047001,2010,100,0.055000
1609059860.686112404,22.684999,2001,100,0.055000
1609059860.686789989,20.916000,2011,101,0.055000
1609059860.711098909,19.968000,2000,101,0.056000
1609059860.711862326,8.948000,2010,102,0.055000
1609059860.736135960,8.759000,2001,102,0.055000
1609059860.736854553,21.777000,2011,100,0.056000
1609059860.786078930,22.485001,2000,100,0.024000
1609059860.786822796,20.733999,2010,101,0.055000
1609059860.836133957,9.792000,2000,102,0.055000
1609059860.837296724,22.076000,2010,100,0.055000
1609059860.861113071,22.785999,2001,100,0.055000
1609059860.886118889,19.853001,2000,101,0.056000
1609059860.886793137,9.048000,2010,102,0.055000
1609059860.911211729,8.916000,2001,102,0.055000
1609059860.911890507,21.896999,2011,100,0.056000
1609059860.961109400,22.523001,2000,100,0.055000
1609059860.961893320,20.612000,2010,101,0.024000
1609059860.986114502,19.910999,2001,101,0.055000
1609059861.011159182,9.940000,2000,102,0.055000
1609059861.011813879,22.174000,2010,100,0.055000
1609059861.036042929,22.813000,2001,100,0.055000
1609059861.036892176,20.420000,2011,101,0.056000
1609059861.086796045,21.976999,2011,100,0.024000
1609059861.136057138,22.606001,2000,100,0.055000
1609059861.136775732,20.448999,2010,101,0.055000
1609059861.161134720,19.768999,2001,101,0.055000
1609059861.186135530,10.023000,2000,102,0.024000
1609059861.186800480,22.264000,2010,100,0.024000
1609059861.211060047,22.895000,2001,100,0.055000
1609059861.211828947,20.665001,2011,101,0.055000
1609059861.236096859,19.745001,2000,101,0.056000
1609059861.236809492,9.267000,2010,102,0.055000
1609059861.261078358,9.101000,2001,102,0.055000
1609059861.311059713,22.708000,2000,100,0.055000
1609059861.311753035,20.332001,2010,101,0.024000
1609059861.336088657,19.622999,2001,101,0.055000
1609059861.362072945,22.399000,2010,100,0.055000
1609059861.386050940,23.004999,2001,100,0.055000
1609059861.411157370,19.622000,2000,101,0.055000
1609059861.411860466,9.364000,2010,102,0.055000
1609059861.436146498,9.289000,2001,102,0.055000
1609059861.486104012,22.847000,2000,100,0.055000
1609059861.486782074,20.117001,2010,101,0.055000
1609059861.511061192,19.445000,2001,101,0.024000
1609059861.536780357,22.538000,2010,100,0.055000
1609059861.564987421,23.146999,2001,100,0.055000
1609059861.565242052,19.705000,2011,101,10.536000
1609059861.585661650,19.405001,2000,101,0.268000
1609059861.586868525,9.455000,2010,102,0.055000
1609059861.611170053,9.404000,2001,102,0.055000
1609059861.661068201,23.014000,2000,100,0.055000
1609059861.661802530,19.952999,2010,101,0.055000
1609059861.686059713,19.243999,2001,101,0.055000
1609059861.711105824,10.296000,2000,102,0.055000
1609059861.711745501,22.660999,2010,100,0.055000
1609059861.736131668,23.313999,2001,100,0.024000
1609059861.736834526,19.858999,2011,101,0.055000
1609059861.761198282,19.320000,2000,101,0.056000
1609059861.761937857,9.547000,2010,102,0.055000
1609059861.786773443,22.382999,2011,100,0.268000
1609059861.836075068,23.188000,2000,100,0.055000
1609059861.836756945,19.785000,2010,101,0.055000
1609059861.861131668,19.040001,2001,101,0.055000
1609059861.886763573,22.827999,2010,100,0.055000
1609059861.911204338,23.483000,2001,100,0.055000
1609059861.911432743,19.204000,2011,101,0.268000
1609059861.936152935,19.024000,2000,101,0.056000
1609059861.937168121,9.624000,2010,102,0.024000
1609059861.961100817,9.523000,2001,102,0.024000
1609059861.961935043,22.725000,2011,100,0.056000
1609059862.011061192,23.375000,2000,100,0.055000
1609059862.036074638,18.825001,2001,101,0.055000
1609059862.061762333,23.014999,2010,100,0.055000
1609059862.086045504,23.636000,2001,100,0.024000
1609059862.086777449,19.518000,2011,101,0.055000
1609059862.110611916,18.388000,2000,101,10.536000
1609059862.111792803,9.702000,2010,102,0.055000
1609059862.136111498,9.619000,2001,102,0.024000
1609059862.136957407,22.878000,2011,100,0.056000
1609059862.186040163,23.570000,2000,100,0.055000
1609059862.186818123,19.320999,2010,101,0.055000
1609059862.211097479,18.604000,2001,101,0.055000
1609059862.236815453,23.238001,2010,100,0.055000
1609059862.261094570,23.858000,2001,100,0.055000
1609059862.286852121,9.772000,2010,102,0.055000
1609059862.361027718,23.771999,2000,100,0.055000
1609059862.361815453,19.087000,2010,101,0.055000
1609059862.386052132,18.375000,2001,101,0.055000
1609059862.411768675,23.438000,2010,100,0.055000
1609059862.436045408,24.077000,2001,100,0.055000
1609059862.461166143,18.344999,2000,101,0.056000
1609059862.461832047,9.786000,2010,102,0.055000
1609059862.486081123,9.775000,2001,102,0.055000
1609059862.486809015,23.413000,2011,100,0.056000
1609059862.536035061,23.978001,2000,100,0.055000
1609059862.561067104,18.143000,2001,101,0.055000
1609059862.586049318,10.703000,2000,102,0.055000
1609059862.586715937,23.612000,2010,100,0.024000
1609059862.611079454,24.287001,2001,100,0.055000
1609059862.611750841,18.872999,2011,101,0.055000
1609059862.711056948,24.191000,2000,100,0.055000
1609059862.711818457,18.604000,2010,101,0.055000
1609059862.736081600,17.927999,2001,101,0.024000
1609059862.761834621,23.823999,2010,100,0.055000
1609059862.786074162,24.487000,2001,100,0.055000
1609059862.836145401,9.920000,2001,102,0.055000
1609059862.886032581,24.362000,2000,100,0.055000
1609059862.886784077,18.375000,2010,101,0.055000
1609059862.911064863,17.664000,2001,101,0.055000
1609059862.936079264,10.861000,2000,102,0.055000
1609059862.936751604,24.033001,2010,100,0.055000
1609059862.961039543,24.737000,2001,100,0.055000
1609059862.985572100,17.266001,2000,101,0.268000
1609059862.986812830,10.011000,2010,102,0.055000
1609059863.011039734,10.019000,2001,102,0.055000
1609059863.011786938,24.051001,2011,100,0.055000
1609059863.061778307,18.229000,2010,101,0.055000
1609059863.086017847,17.473000,2001,101,0.055000
1609059863.111022949,10.935000,2000,102,0.055000
1609059863.111764193,24.264000,2010,100,0.055000
1609059863.136041641,24.943001,2001,100,0.055000
1609059863.136737823,18.188000,2011,101,0.055000
1609059863.161089897,17.424999,2000,101,0.056000
1609059863.161911488,10.096000,2010,102,0.055000
1609059863.236031532,24.813999,2000,100,0.024000
1609059863.236781597,17.968000,2010,101,0.055000
1609059863.261062622,17.235001,2001,101,0.055000
1609059863.286749840,24.431999,2010,100,0.055000
1609059863.311071873,25.143000,2001,100,0.055000
1609059863.311742067,17.917000,2011,101,0.055000
1609059863.336096525,17.156000,2000,101,0.055000
1609059863.336778879,10.177000,2010,102,0.055000
1609059863.411029339,25.020000,2000,100,0.024000
1609059863.411769152,17.752001,2010,101,0.055000
1609059863.436118603,16.999001,2001,101,0.055000
1609059863.461758614,24.650999,2010,100,0.055000
1609059863.486015081,25.327999,2001,100,0.055000
1609059863.486748219,17.709000,2011,101,0.055000
1609059863.511087894,16.952999,2000,101,0.056000
1609059863.511998177,10.258000,2010,102,0.055000
1609059863.586030960,25.211000,2000,100,0.055000
1609059863.586770058,17.469999,2010,101,0.055000
1609059863.611057758,16.827000,2001,101,0.055000
1609059863.636710644,24.841000,2010,100,0.024000
1609059863.661107540,25.511999,2001,100,0.055000
1609059863.686801910,10.288000,2010,102,0.055000
1609059863.711769819,25.063999,2011,100,0.056000
1609059863.761046648,25.403000,2000,100,0.055000
1609059863.762113094,17.308001,2010,101,0.055000
1609059863.786067724,16.632000,2001,101,0.055000
1609059863.811015368,11.328000,2000,102,0.024000
1609059863.813079357,25.032000,2010,100,0.024000
1609059863.836106062,25.747000,2001,100,0.055000
1609059863.861055374,16.559000,2000,101,0.055000
1609059863.861756802,10.386000,2010,102,0.055000
1609059863.886727095,25.027000,2011,100,0.056000
1609059863.936724901,17.054001,2010,101,0.055000
1609059863.961049318,16.409000,2001,101,0.055000
1609059863.986720324,25.211000,2010,100,0.055000
1609059864.011013746,25.900999,2001,100,0.055000
1609059864.036075115,16.403000,2000,101,0.056000
1609059864.036824703,10.471000,2010,102,0.055000
1609059864.061026335,10.522000,2001,102,0.055000
1609059864.111098051,25.811001,2000,100,0.055000
1609059864.111746073,16.917000,2010,101,0.024000
1609059864.136100054,16.256001,2001,101,0.055000
1609059864.161061049,11.451000,2000,102,0.024000
1609059864.161773682,25.410000,2010,100,0.055000
1609059864.186057568,26.111000,2001,100,0.055000
1609059864.186717749,16.743000,2011,101,0.268000
1609059864.211041927,16.233999,2000,101,0.055000
1609059864.211816549,10.520000,2010,102,0.055000
1609059864.236868620,25.409000,2011,100,0.055000
1609059864.286053896,26.211000,2000,100,0.055000
1609059864.286792994,16.750999,2010,101,0.024000
1609059864.311033010,16.077999,2001,101,0.055000
1609059864.336079597,11.488000,2000,102,0.055000
1609059864.336754084,25.563000,2010,100,0.055000
1609059864.361089945,26.280001,2001,100,0.055000
1609059864.361834049,16.621000,2011,101,0.268000
1609059864.386046648,16.021000,2000,101,0.056000
1609059864.386797190,10.551000,2010,102,0.055000
1609059864.411055803,10.658000,2001,102,0.024000
1609059864.411830902,25.646999,2011,100,0.055000
1609059864.461024761,26.240999,2000,100,0.024000
1609059864.461773396,16.591000,2010,101,0.055000
1609059864.486041546,15.927999,2001,101,0.055000
1609059864.511036634,11.526000,2000,102,0.055000
1609059864.511735439,25.721001,2010,100,0.055000
1609059864.536070108,26.423000,2001,100,0.055000
1609059864.561060429,15.834999,2000,101,0.056000
1609059864.585998774,10.654000,2001,102,0.055000
1609059864.586861372,25.725000,2011,100,0.268000
1609059864.661034346,15.791000,2001,101,0.024000
1609059864.686691999,25.818001,2010,100,0.055000
1609059864.711004496,26.570000,2001,100,0.024000
1609059864.711685896,16.437000,2011,101,0.055000
1609059864.736053705,15.726999,2000,101,0.056000
1609059864.811046839,26.392000,2000,100,0.268000
1609059864.811725855,16.316999,2010,101,0.055000
1609059864.836051702,15.655001,2001,101,0.055000
1609059864.886034489,26.653000,2001,100,0.024000
1609059864.911079645,15.625999,2000,101,0.055000
1609059864.911783457,10.660000,2010,102,0.055000
1609059864.986011982,26.497000,2000,100,0.055000
1609059865.011029243,15.490999,2001,101,0.055000
1609059865.011806965,11.401000,2011,102,0.024000
1609059865.036813021,26.104000,2010,100,0.024000
1609059865.061007261,27.093000,2001,100,0.055000
1609059865.086075544,15.478001,2000,101,0.055000
1609059865.161033869,26.625999,2000,100,0.055000
1609059865.161790609,16.035999,2010,101,0.055000
1609059865.185994625,15.407000,2001,101,0.055000
1609059865.211747169,26.200001,2010,100,0.055000
1609059865.236024857,26.934999,2001,100,0.055000
1609059865.236719370,16.148001,2011,101,0.055000
1609059865.261094332,15.291000,2000,101,0.024000
1609059865.261903524,10.763000,2010,102,0.055000
1609059865.337456465,26.756001,2000,100,0.055000
1609059865.337764263,15.917000,2010,101,0.024000
1609059865.361086130,15.237000,2001,101,0.055000
1609059865.386728525,26.358999,2010,100,0.055000
1609059865.411051035,27.059000,2001,100,0.055000
1609059865.436801672,10.757000,2010,102,0.055000
1609059865.511017084,26.844000,2000,100,0.055000
1609059865.511751652,15.808001,2010,101,0.055000
1609059865.535987139,15.124000,2001,101,0.055000
1609059865.561057806,11.795000,2000,102,0.055000
1609059865.561764479,26.487000,2010,100,0.055000
1609059865.585990191,27.157000,2001,100,0.024000
1609059865.586702347,15.327999,2011,101,0.268000
1609059865.611132860,15.134000,2000,101,0.055000
1609059865.611756325,10.820000,2010,102,0.055000
1609059865.685956478,27.004999,2000,100,0.055000
1609059865.686722994,15.683001,2010,101,0.055000
1609059865.711019754,15.024000,2001,101,0.055000
1609059865.736686230,26.580999,2010,100,0.024000
1609059865.761007786,27.288000,2001,100,0.055000
1609059865.761736870,15.709000,2011,101,0.055000
1609059865.860979319,27.115000,2000,100,0.024000
1609059865.861742020,15.559000,2010,101,0.024000
1609059865.886005640,14.898000,2001,101,0.055000
1609059865.886771441,11.577000,2011,102,0.055000
1609059865.911712885,26.716000,2010,100,0.055000
1609059865.936002016,27.410000,2001,100,0.055000
1609059865.961082220,14.820000,2000,101,0.055000
1609059865.962129831,10.836000,2010,102,0.055000
1609059866.035986185,27.268000,2000,100,0.055000
1609059866.036713123,15.443001,2010,101,0.055000
1609059866.061034203,14.776000,2001,101,0.024000
1609059866.086694956,26.836000,2010,100,0.055000
1609059866.111039877,27.579000,2001,100,0.055000
1609059866.111693382,15.457001,2011,101,0.055000
1609059866.136085987,14.722000,2000,101,0.056000
1609059866.136779785,10.888000,2010,102,0.024000
1609059866.210952997,27.403999,2000,100,0.055000
1609059866.213714361,15.356001,2010,101,0.055000
1609059866.236011505,14.663000,2001,101,0.055000
1609059866.261796236,26.979000,2010,100,0.024000
1609059866.285984039,27.716000,2001,100,0.055000
1609059866.336261034,44.903000,2011,100,10.536000
1609059866.385993004,27.537001,2000,100,0.055000
1609059866.386699915,15.239000,2010,101,0.055000
1609059866.411015511,14.539000,2001,101,0.024000
1609059866.411750793,11.602000,2011,102,0.055000
1609059866.437246323,27.108000,2010,100,0.055000
1609059866.461026192,27.809999,2001,100,0.056000
1609059866.461692572,15.177000,2011,101,0.055000
1609059866.560952663,27.665001,2000,100,0.055000
1609059866.561704874,15.107000,2010,101,0.055000
1609059866.586223364,14.421000,2001,101,0.024000
1609059866.611057520,11.908000,2000,102,0.055000
1609059866.611691236,27.211000,2010,100,0.024000
1609059866.636043310,27.952999,2001,100,0.055000
1609059866.661738157,10.930000,2010,102,0.055000
1609059866.735949516,27.806000,2000,100,0.055000
1609059866.736674786,14.964000,2010,101,0.024000
1609059866.760981321,14.294000,2001,101,0.055000
1609059866.761776686,11.639000,2011,102,0.055000
1609059866.786671162,27.379000,2010,100,0.024000
1609059866.810976267,28.091000,2001,100,0.055000
1609059866.811669827,14.949000,2011,101,0.055000
1609059866.836765528,10.965000,2010,102,0.024000
1609059866.861777067,27.367001,2011,100,0.268000
1609059866.910999537,27.945999,2000,100,0.055000
1609059866.911655188,14.817000,2010,101,0.055000
1609059866.936022043,14.135000,2001,101,0.055000
1609059866.961724043,27.525999,2010,100,0.055000
1609059866.985987902,28.232000,2001,100,0.055000
1609059867.011764526,10.962000,2010,102,0.055000
1609059867.085968256,28.083000,2000,100,0.055000
1609059867.086680889,14.699000,2010,101,0.055000
1609059867.111000299,14.037000,2001,101,0.055000
1609059867.136625290,27.663000,2010,100,0.055000
1609059867.160937786,28.372999,2001,100,0.055000
1609059867.186049223,13.878000,2000,101,0.056000
1609059867.186654329,11.007000,2010,102,0.055000
1609059867.263266563,28.198000,2000,100,0.055000
1609059867.263753891,14.605000,2010,101,0.055000
1609059867.286065340,13.911000,2001,101,0.055000
1609059867.286733150,11.224000,2011,102,0.268000
1609059867.311729193,27.834999,2010,100,0.055000
1609059867.336009264,28.504000,2001,100,0.055000
1609059867.360540152,13.744000,2000,101,0.268000
1609059867.361781120,11.055000,2010,102,0.055000
1609059867.386723995,27.981001,2011,100,0.268000
1609059867.435960531,28.320999,2000,100,0.055000
1609059867.436671972,14.437000,2010,101,0.024000
1609059867.460982561,13.783000,2001,101,0.055000
1609059867.486701012,27.966000,2010,100,0.055000
1609059867.511050463,28.638000,2001,100,0.055000
1609059867.511682749,14.436000,2011,101,0.055000
1609059867.535576582,13.677000,2000,101,0.268000
1609059867.536737204,11.107000,2010,102,0.055000
1609059867.561796904,27.973000,2011,100,10.536000
1609059867.610927820,28.495001,2000,100,0.055000
1609059867.611670017,14.322000,2010,101,0.055000
1609059867.636041880,13.651000,2001,101,0.055000
1609059867.636731386,11.855000,2011,102,0.055000
1609059867.661703587,28.107000,2010,100,0.055000
1609059867.685949326,28.763000,2001,100,0.055000
1609059867.686661959,14.310000,2011,101,0.055000
1609059867.711056232,13.606000,2000,101,0.056000
1609059867.712009907,11.174000,2010,102,0.055000
1609059867.736777067,46.209999,2011,100,0.056000
1609059867.785915136,28.625000,2000,100,0.024000
1609059867.786629915,14.154000,2010,101,0.055000
1609059867.810928106,13.523000,2001,101,0.024000
1609059867.811743021,11.956000,2011,102,0.055000
1609059867.836666822,28.208000,2010,100,0.055000
1609059867.861026525,28.908001,2001,100,0.055000
1609059867.861742735,14.170000,2011,101,0.055000
1609059867.886068344,13.670000,2000,101,0.056000
1609059867.886718750,11.227000,2010,102,0.024000
1609059867.960938692,28.767000,2000,100,0.055000
1609059867.961693525,14.047000,2010,101,0.055000
1609059867.985954046,13.386000,2001,101,0.024000
1609059867.986677647,12.009000,2011,102,0.055000
1609059868.011687279,28.348000,2010,100,0.055000
1609059868.035991907,29.059000,2001,100,0.056000
1609059868.060516834,13.266000,2000,101,0.268000
1609059868.061732769,11.294000,2010,102,0.024000
1609059868.086718559,28.723000,2011,100,0.056000
1609059868.135935545,28.923000,2000,100,0.055000
1609059868.136714935,13.908000,2010,101,0.055000
1609059868.160959721,13.249000,2001,101,0.055000
1609059868.161753178,12.068000,2011,102,0.055000
1609059868.186656475,28.496000,2010,100,0.055000
1609059868.210922480,29.239000,2001,100,0.055000
1609059868.211678028,13.883000,2011,101,0.055000
1609059868.235947132,13.188000,2000,101,0.055000
1609059868.236717701,11.356000,2010,102,0.024000
1609059868.261813641,28.542999,2011,100,10.536000
1609059868.310927629,29.070000,2000,100,0.055000
1609059868.311693430,13.795000,2010,101,0.055000
1609059868.335995197,13.066000,2001,101,0.055000
1609059868.336749077,12.132000,2011,102,0.055000
1609059868.361747980,28.643999,2010,100,0.055000
1609059868.386050940,29.350000,2001,100,0.055000
1609059868.435908794,11.712000,2001,102,0.055000
1609059868.485905170,29.212999,2000,100,0.055000
1609059868.486652851,13.659000,2010,101,0.055000
1609059868.510988474,12.966000,2001,101,0.055000
1609059868.511751175,12.190000,2011,102,0.024000
1609059868.536659718,28.785999,2010,100,0.055000
1609059868.561036110,29.534000,2001,100,0.055000
1609059868.585928440,12.983000,2000,101,0.055000
1609059868.586740971,11.501000,2010,102,0.055000
1609059868.660993576,29.365999,2000,100,0.055000
1609059868.661638975,13.453000,2010,101,0.024000
1609059868.685964823,12.792000,2001,101,0.055000
1609059868.686747551,12.135000,2011,102,0.055000
1609059868.711671829,28.941999,2010,100,0.055000
1609059868.735994339,29.641001,2001,100,0.024000
1609059868.760981083,12.601000,2000,101,0.055000
1609059868.761489868,11.482000,2010,102,0.055000
1609059868.835920095,29.517000,2000,100,0.055000
1609059868.836653471,13.302000,2010,101,0.055000
1609059868.860946655,12.662000,2001,101,0.055000
1609059868.861714363,12.229000,2011,102,0.024000
1609059868.886686325,29.091000,2010,100,0.055000
1609059868.910954237,29.808001,2001,100,0.055000
1609059868.936075926,12.578000,2000,101,0.055000
1609059868.936470270,11.585000,2010,102,0.055000
1609059869.010933638,29.677999,2000,100,0.055000
1609059869.011633635,13.187000,2010,101,0.055000
1609059869.035971642,12.501000,2001,101,0.024000
1609059869.036636591,12.323000,2011,102,0.055000
1609059869.061673641,29.215000,2010,100,0.055000
1609059869.085974932,29.995001,2001,100,0.055000
1609059869.110519886,12.049000,2000,101,0.129000
1609059869.111679316,11.655000,2010,102,0.055000
1609059869.135969162,11.998000,2001,102,0.055000
1609059869.136797667,29.162001,2011,100,10.536000
1609059869.185895920,29.823999,2000,100,0.055000
1609059869.186656952,13.090000,2010,101,0.024000
1609059869.211004496,12.387000,2001,101,0.055000
1609059869.211696625,12.394000,2011,102,0.055000
1609059869.236652613,29.375000,2010,100,0.055000
1609059869.260987520,30.115000,2001,100,0.055000
1609059869.285894632,12.405000,2000,101,0.055000
1609059869.286732674,11.760000,2010,102,0.055000
1609059869.360991240,29.986000,2000,100,0.055000
1609059869.361714840,12.947000,2010,101,0.055000
1609059869.385965109,12.222000,2001,101,0.055000
1609059869.386810303,12.467000,2011,102,0.055000
1609059869.411699295,29.535000,2010,100,0.055000
1609059869.435946703,30.305000,2001,100,0.055000
1609059869.460978270,12.167000,2000,101,0.055000
1609059869.461450577,11.758000,2010,102,0.055000
1609059869.535964012,30.110001,2000,100,0.055000
1609059869.536627054,12.774000,2010,101,0.055000
1609059869.560964584,12.125000,2001,101,0.055000
1609059869.562120438,12.498000,2011,102,0.055000
1609059869.586673021,29.704000,2010,100,0.055000
1609059869.610958338,30.416000,2001,100,0.055000
1609059869.636707067,11.889000,2010,102,0.055000
1609059869.661651134,29.747999,2011,100,0.268000
1609059869.710930109,30.290001,2000,100,0.055000
1609059869.711674452,12.611000,2010,101,0.055000
1609059869.737699270,11.999000,2001,101,0.024000
1609059869.738040447,12.605000,2011,102,0.024000
1609059869.761727571,29.858999,2010,100,0.055000
1609059869.785971165,30.563000,2001,100,0.055000
1609059869.810961962,11.838000,2000,101,0.055000
1609059869.811728239,11.960000,2010,102,0.024000
1609059869.836666107,30.183001,2011,100,0.055000
1609059869.885936737,30.438999,2000,100,0.055000
1609059869.886615992,12.578000,2010,101,0.055000
1609059869.910920620,11.859000,2001,101,0.055000
1609059869.911776066,12.645000,2011,102,0.055000
1609059869.936654091,30.010000,2010,100,0.055000
1609059869.960936785,30.718000,2001,100,0.055000
1609059869.985924959,11.686000,2000,101,0.055000
1609059869.986674786,12.031000,2010,102,0.024000
1609059870.011677742,30.365999,2011,100,0.056000
1609059870.060884476,30.582001,2000,100,0.055000
1609059870.061641455,12.456000,2010,101,0.055000
1609059870.085929632,11.735000,2001,101,0.024000
1609059870.086758375,12.754000,2011,102,0.055000
1609059870.111625433,30.184000,2010,100,0.055000
1609059870.135974407,30.861000,2001,100,0.055000
1609059870.160934925,11.537000,2000,101,0.055000
1609059870.161725044,12.114000,2010,102,0.055000
1609059870.186683893,30.417000,2011,100,0.268000
1609059870.235921144,30.725000,2000,100,0.055000
1609059870.236605644,12.297000,2010,101,0.024000
1609059870.260901928,11.625000,2001,101,0.055000
1609059870.261739492,12.783000,2011,102,0.055000
1609059870.286649704,30.305000,2010,100,0.055000
1609059870.310931683,30.992001,2001,100,0.055000
1609059870.335936308,11.497000,2000,101,0.055000
1609059870.336402893,12.149000,2010,102,0.055000
1609059870.410869837,30.854000,2000,100,0.055000
1609059870.413375854,12.152000,2010,101,0.055000
1609059870.435936689,11.479000,2001,101,0.055000
1609059870.436799049,12.845000,2011,102,0.024000
1609059870.461609364,30.443001,2010,100,0.055000
1609059870.485966921,31.110001,2001,100,0.055000
1609059870.510938644,11.417000,2000,101,0.055000
1609059870.511824369,12.260000,2010,102,0.055000
1609059870.536742687,30.476000,2011,100,0.268000
1609059870.585905313,30.982000,2000,100,0.055000
1609059870.586610556,12.073000,2010,101,0.055000
1609059870.610950232,11.362000,2001,101,0.055000
1609059870.611637831,12.926000,2011,102,0.055000
1609059870.636652231,30.546000,2010,100,0.055000
1609059870.660974741,31.245001,2001,100,0.055000
1609059870.685913086,11.311000,2000,101,0.055000
1609059870.686388969,12.288000,2010,102,0.024000
1609059870.760874510,31.104000,2000,100,0.055000
1609059870.761662245,12.004000,2010,101,0.055000
1609059870.786031485,11.292000,2001,101,0.024000
1609059870.786766529,13.024000,2011,102,0.055000
1609059870.811667681,30.698000,2010,100,0.055000
1609059870.835931540,31.407001,2001,100,0.055000
1609059870.860961914,11.106000,2000,101,0.024000
1609059870.861443758,12.359000,2010,102,0.055000
1609059870.886683226,30.596001,2011,100,0.056000
1609059870.935881376,31.237000,2000,100,0.024000
1609059870.936592579,11.895000,2010,101,0.055000
1609059870.960696936,11.160000,2001,101,0.055000
1609059870.961670399,13.087000,2011,102,0.055000
1609059870.986579657,30.785000,2010,100,0.055000
1609059871.010937214,31.532001,2001,100,0.055000
1609059871.061627150,31.180000,2011,100,0.056000
1609059871.110929489,31.341000,2000,100,0.055000
1609059871.111370325,11.801000,2010,101,0.055000
1609059871.135754824,11.074000,2001,101,0.055000
1609059871.136747837,13.104000,2011,102,0.055000
1609059871.161693811,30.895000,2010,100,0.024000
1609059871.185928106,31.601002,2001,100,0.055000
1609059871.210977077,10.965000,2000,101,0.024000
1609059871.211409330,12.514000,2010,102,0.055000
1609059871.236589909,30.898001,2011,100,0.268000
1609059871.285874128,31.411999,2000,100,0.055000
1609059871.286403418,11.702000,2010,101,0.055000
1609059871.310760975,10.998000,2001,101,0.055000
1609059871.311670303,13.154000,2011,102,0.024000
1609059871.336647749,31.038000,2010,100,0.055000
1609059871.360944033,31.744999,2001,100,0.055000
1609059871.361676931,11.708000,2011,101,0.055000
1609059871.385908842,10.881000,2000,101,0.055000
1609059871.386727571,12.540000,2010,102,0.055000
1609059871.410949230,13.021000,2001,102,0.055000
1609059871.411595821,31.112000,2011,100,0.268000
1609059871.460864305,31.547001,2000,100,0.024000
1609059871.461625576,11.623000,2010,101,0.055000
1609059871.485681295,10.960000,2001,101,0.055000
1609059871.486402988,13.169000,2011,102,0.055000
1609059871.511614084,31.089001,2010,100,0.055000
1609059871.535912514,31.794998,2001,100,0.055000
1609059871.560934305,10.823000,2000,101,0.055000
1609059871.561662674,12.586000,2010,102,0.055000
1609059871.586165428,31.157000,2011,100,0.129000
1609059871.635887384,31.666000,2000,100,0.055000
1609059871.636387110,11.583000,2010,101,0.055000
1609059871.660735607,10.905000,2001,101,0.055000
1609059871.661679506,13.244000,2011,102,0.055000
1609059871.686602354,31.214001,2010,100,0.024000
1609059871.710903168,31.926998,2001,100,0.055000
1609059871.735925198,10.757000,2000,101,0.055000
1609059871.736593008,12.647000,2010,102,0.055000
1609059871.761665344,31.197001,2011,100,0.268000
1609059871.810875177,31.716000,2000,100,0.055000
1609059871.811372995,11.535000,2010,101,0.055000
1609059871.835685968,10.850000,2001,101,0.055000
1609059871.836673260,13.256000,2011,102,0.055000
1609059871.861585379,31.304001,2010,100,0.055000
1609059871.885907412,31.957001,2001,100,0.055000
1609059871.910920858,10.693000,2000,101,0.055000
1609059871.911705494,12.702000,2010,102,0.024000
1609059871.936967373,31.193001,2011,100,0.268000
1609059871.985903978,31.790001,2000,100,0.055000
1609059871.986347675,11.450000,2010,101,0.024000
1609059872.010920763,10.807000,2001,101,0.055000
1609059872.011352301,13.276000,2011,102,0.055000
1609059872.036600351,31.375999,2010,100,0.055000
1609059872.060880661,32.071999,2001,100,0.055000
1609059872.085860968,10.653000,2000,101,0.024000
1609059872.086599112,12.716000,2010,102,0.055000
1609059872.111632347,31.379002,2011,100,0.056000
1609059872.160847664,31.814999,2000,100,0.055000
1609059872.161743879,11.445000,2010,101,0.055000
1609059872.185663939,10.759000,2001,101,0.055000
1609059872.186389208,13.337000,2011,102,0.024000
1609059872.211640596,31.369999,2010,100,0.055000
1609059872.235895157,32.097000,2001,100,0.055000
1609059872.260868311,10.642000,2000,101,0.055000
1609059872.261642218,12.823000,2010,102,0.055000
1609059872.286650181,48.250000,2011,100,0.056000
1609059872.335848093,31.922001,2000,100,0.055000
1609059872.336570740,11.397000,2010,101,0.055000
1609059872.360690355,10.719000,2001,101,0.024000
1609059872.361619473,13.426000,2011,102,0.024000
1609059872.386662960,31.493999,2010,100,0.024000
1609059872.410912991,32.154999,2001,100,0.056000
1609059872.411157608,10.975000,2011,101,0.268000
1609059872.435886860,10.557000,2000,101,0.024000
1609059872.436603069,12.862000,2010,102,0.055000
1609059872.510889053,31.983002,2000,100,0.055000
1609059872.511368990,11.352000,2010,101,0.055000
1609059872.535644054,10.659000,2001,101,0.024000
1609059872.536370039,13.514000,2011,102,0.055000
1609059872.561622143,31.569000,2010,100,0.055000
1609059872.585891485,32.178001,2001,100,0.056000
1609059872.610847950,10.506000,2000,101,0.055000
1609059872.611582518,12.978000,2010,102,0.055000
1609059872.685871840,32.084000,2000,100,0.055000
1609059872.686590910,11.258000,2010,101,0.055000
1609059872.710698128,10.634000,2001,101,0.055000
1609059872.711411953,13.564000,2011,102,0.055000
1609059872.736566305,31.584999,2010,100,0.024000
1609059872.760989666,48.646000,2001,100,0.056000
1609059872.761655331,11.194000,2011,101,0.055000
1609059872.786566973,13.051000,2010,102,0.024000
1609059872.811116695,47.584000,2011,100,10.536000
1609059872.860873222,32.110001,2000,100,0.055000
1609059872.861450195,11.218000,2010,101,0.055000
1609059872.885766506,10.524000,2001,101,0.055000
1609059872.886454105,13.647000,2011,102,0.055000
1609059872.911743164,31.683998,2010,100,0.055000
1609059872.935942173,32.344002,2001,100,0.056000
1609059872.960983038,10.359000,2000,101,0.055000
1609059872.961606026,13.137000,2010,102,0.055000
1609059873.035854101,32.178001,2000,100,0.055000
1609059873.036672592,11.067000,2010,101,0.055000
1609059873.060649157,10.485000,2001,101,0.055000
1609059873.061349392,13.753000,2011,102,0.055000
1609059873.086585522,31.723000,2010,100,0.055000
1609059873.112869024,10.936000,2011,101,0.268000
1609059873.113148212,32.367001,2001,100,0.056000
1609059873.135868549,10.269000,2000,101,0.055000
1609059873.136644363,13.211000,2010,102,0.055000
1609059873.210911274,32.252998,2000,100,0.055000
1609059873.211362362,11.066000,2010,101,0.055000
1609059873.235691786,10.336000,2001,101,0.055000
1609059873.236636877,13.839000,2011,102,0.055000
1609059873.261667013,31.810001,2010,100,0.055000
1609059873.285967827,32.492001,2001,100,0.056000
1609059873.286568403,10.816000,2011,101,0.268000
1609059873.310905695,10.191000,2000,101,0.055000
1609059873.311553001,13.300000,2010,102,0.055000
1609059873.336570501,31.678001,2011,100,0.268000
1609059873.385865211,32.328999,2000,100,0.055000
1609059873.386330366,10.943000,2010,101,0.055000
1609059873.412476540,13.917000,2011,102,0.055000
1609059873.412731171,10.316000,2001,101,0.055000
1609059873.436541796,31.910000,2010,100,0.055000
1609059873.460974693,48.717999,2001,100,10.536000
1609059873.461640120,10.889000,2011,101,0.268000
1609059873.485857248,10.153000,2000,101,0.055000
1609059873.486597776,13.385000,2010,102,0.055000
1609059873.560825348,32.404999,2000,100,0.055000
1609059873.561425686,10.857000,2010,101,0.055000
1609059873.585662603,10.199000,2001,101,0.024000
1609059873.586598396,14.011000,2011,102,0.024000
1609059873.611555099,31.980000,2010,100,0.055000
1609059873.635898113,32.633999,2001,100,0.056000
1609059873.660960674,10.051000,2000,101,0.055000
1609059873.661544323,13.473000,2010,102,0.055000
1609059873.735881329,32.487999,2000,100,0.055000
1609059873.736384630,10.771000,2010,101,0.055000
1609059873.760694981,10.102000,2001,101,0.055000
1609059873.761637688,14.091000,2011,102,0.055000
1609059873.786570311,32.025002,2010,100,0.055000
1609059873.810875177,32.717999,2001,100,0.056000
1609059873.835829258,9.973000,2000,101,0.055000
1609059873.836584568,13.560000,2010,102,0.055000
1609059873.861656189,32.062000,2011,100,0.056000
1609059873.910825014,32.573002,2000,100,0.055000
1609059873.911391258,10.674000,2010,101,0.055000
1609059873.935632467,10.011000,2001,101,0.055000
1609059873.936575651,14.178000,2011,102,0.055000
1609059873.961594582,32.104000,2010,100,0.055000
1609059873.985826015,32.694000,2001,100,0.056000
1609059874.010874748,9.917000,2000,101,0.055000
1609059874.011533260,13.644000,2010,102,0.055000
1609059874.085889816,32.688999,2000,100,0.055000
1609059874.086364269,10.620000,2010,101,0.055000
1609059874.110640287,9.926000,2001,101,0.024000
1609059874.111519575,14.232000,2011,102,0.055000
1609059874.136596203,32.189999,2010,100,0.024000
1609059874.160943508,49.278999,2001,100,10.536000
1609059874.185873270,9.763000,2000,101,0.055000
1609059874.186521292,13.749000,2010,102,0.055000
1609059874.211561441,32.077000,2011,100,0.268000
1609059874.260813951,32.705002,2000,100,0.055000
1609059874.261368990,10.532000,2010,101,0.055000
1609059874.285665035,9.808000,2001,101,0.055000
1609059874.311517954,32.272999,2010,100,0.024000
1609059874.335855961,32.928001,2001,100,0.056000
1609059874.360902548,9.708000,2000,101,0.055000
1609059874.361553192,13.841000,2010,102,0.024000
1609059874.435822010,32.825001,2000,100,0.055000
1609059874.436654091,10.445000,2010,101,0.055000
1609059874.460934401,9.788000,2001,101,0.024000
1609059874.461518049,14.434000,2011,102,0.055000
1609059874.486531734,32.396000,2010,100,0.055000
1609059874.510332346,32.526001,2001,100,10.536000
1609059874.536552191,13.912000,2010,102,0.055000
1609059874.561654329,32.269001,2011,100,10.536000
1609059874.610800028,32.911999,2000,100,0.055000
1609059874.611375570,10.333000,2010,101,0.024000
1609059874.635912180,9.674000,2001,101,0.055000
1609059874.636585474,14.550000,2011,102,0.055000
1609059874.661605358,32.442001,2010,100,0.055000
1609059874.685803890,33.097000,2001,100,0.056000
1609059874.711522341,14.046000,2010,102,0.055000
1609059874.785881519,33.299000,2000,100,0.055000
1609059874.786332846,10.215000,2010,101,0.055000
1609059874.810850143,9.628000,2001,101,0.024000
1609059874.811547279,14.690000,2011,102,0.055000
1609059874.836557627,32.528000,2010,100,0.055000
1609059874.860883713,33.520000,2001,100,0.056000
1609059874.885823727,9.491000,2000,101,0.268000
1609059874.886570930,14.168000,2010,102,0.055000
1609059874.960826635,33.089001,2000,100,0.055000
1609059874.961369038,10.134000,2010,101,0.055000
1609059874.985613823,9.518000,2001,101,0.055000
1609059874.986521721,14.781000,2011,102,0.055000
1609059875.011541128,32.620998,2010,100,0.055000
1609059875.035853148,33.153999,2001,100,10.536000
1609059875.061498880,14.271000,2010,102,0.055000
1609059875.085843325,14.713000,2001,102,0.055000
1609059875.086601019,32.743999,2011,100,10.536000
1609059875.135796785,33.185001,2000,100,0.055000
1609059875.136306047,10.088000,2010,101,0.055000
1609059875.160598755,9.434000,2001,101,0.055000
1609059875.186523914,32.720001,2010,100,0.055000
1609059875.261667490,32.714001,2011,100,0.268000
1609059875.310801506,33.324001,2000,100,0.055000
1609059875.311537504,9.999000,2010,101,0.024000
1609059875.335647583,9.313000,2001,101,0.055000
1609059875.336548567,14.988000,2011,102,0.055000
1609059875.361604452,32.778000,2010,100,0.055000
1609059875.385848045,33.771000,2001,100,0.268000
1609059875.436594248,33.217999,2011,100,0.268000
1609059875.485854387,33.416000,2000,100,0.055000
1609059875.486337900,9.877000,2010,101,0.055000
1609059875.512582302,9.249000,2001,101,0.024000
1609059875.512963057,15.103000,2011,102,0.055000
1609059875.560347795,33.165001,2001,100,0.129000
1609059875.585849285,9.164000,2000,101,0.055000
1609059875.586526632,14.570000,2010,102,0.055000
1609059875.660815001,33.522999,2000,100,0.055000
1609059875.661493063,9.779000,2010,101,0.055000
1609059875.685627699,9.162000,2001,101,0.055000
1609059875.686514854,15.219000,2011,102,0.055000
1609059875.711541176,33.044998,2010,100,0.055000
1609059875.735907793,34.235001,2001,100,0.056000
1609059875.761543989,14.725000,2010,102,0.055000
1609059875.835805893,33.626999,2000,100,0.055000
1609059875.836549997,9.691000,2010,101,0.024000
1609059875.860642195,9.031000,2001,101,0.055000
1609059875.861548662,15.347000,2011,102,0.055000
1609059875.910861492,34.064999,2001,100,10.536000
1609059875.935892582,8.958000,2000,101,0.055000
1609059875.936561346,14.842000,2010,102,0.055000
1609059875.961575270,33.344002,2011,100,0.268000
1609059876.010766268,33.743000,2000,100,0.055000
1609059876.011514187,9.598000,2010,101,0.055000
1609059876.035782099,8.938000,2001,101,0.055000
1609059876.036531925,15.466999,2011,102,0.024000
1609059876.061501026,33.258999,2010,100,0.024000
1609059876.085842133,34.194000,2001,100,0.268000
1609059876.110805035,8.921000,2000,101,0.055000
1609059876.111843586,14.974000,2010,102,0.055000
1609059876.186010361,33.860001,2000,100,0.024000
1609059876.186604261,9.505000,2010,101,0.055000
1609059876.210967541,8.897000,2001,101,0.055000
1609059876.211582422,15.596001,2011,102,0.055000
1609059876.236572266,33.373001,2010,100,0.055000
1609059876.260864019,34.342999,2001,100,0.056000
1609059876.285783529,8.805000,2000,101,0.055000
1609059876.286524057,15.104000,2010,102,0.055000
1609059876.311530828,33.584000,2011,100,0.268000
1609059876.360789061,33.978001,2000,100,0.024000
1609059876.361546040,9.408000,2010,101,0.024000
1609059876.385612726,8.806000,2001,101,0.024000
1609059876.386527061,15.716000,2011,102,0.055000
1609059876.411486387,33.459999,2010,100,0.055000
1609059876.435323477,34.324001,2001,100,10.536000
1609059876.461495638,15.239000,2010,102,0.055000
1609059876.535772562,34.097000,2000,100,0.024000
1609059876.536554575,9.324000,2010,101,0.055000
1609059876.560638428,8.707000,2001,101,0.055000
1609059876.561583519,15.841999,2011,102,0.055000
1609059876.586552620,33.592999,2010,100,0.055000
1609059876.610842228,67.463997,2001,100,0.056000
1609059876.611503124,9.353000,2011,101,0.055000
1609059876.635806322,8.653000,2000,101,0.055000
1609059876.636478186,15.358999,2010,102,0.055000
1609059876.661551952,33.352001,2011,100,0.268000
1609059876.712214947,34.157001,2000,100,0.055000
1609059876.712462902,9.235000,2010,101,0.055000
1609059876.735870838,8.624000,2001,101,0.024000
1609059876.736531258,15.943001,2011,102,0.055000
1609059876.760771275,16.523001,2000,102,0.055000
1609059876.761592388,33.717999,2010,100,0.024000
1609059876.785799503,67.498001,2001,100,0.056000
1609059876.786522388,9.403000,2011,101,0.055000
1609059876.810790062,8.535000,2000,101,0.055000
1609059876.811519623,15.495001,2010,102,0.024000
1609059876.836554766,34.129002,2011,100,0.055000
1609059876.885770798,34.355999,2000,100,0.055000
1609059876.886498451,9.145000,2010,101,0.055000
1609059876.910815954,8.581000,2001,101,0.055000
1609059876.911480188,16.108999,2011,102,0.055000
1609059876.936561108,33.875999,2010,100,0.055000
1609059876.960839510,34.294998,2001,100,10.536000
1609059876.985800028,8.521000,2000,101,0.024000
1609059876.986680031,15.607000,2010,102,0.055000
1609059877.011484861,33.938000,2011,100,0.268000
1609059877.060774088,34.340000,2000,100,0.055000
1609059877.061483860,9.024000,2010,101,0.055000
1609059877.085633278,8.458000,2001,101,0.024000
1609059877.086497545,16.212999,2011,102,0.055000
1609059877.111501932,33.964001,2010,100,0.055000
1609059877.135277987,67.103996,2001,100,10.536000
1609059877.160772085,8.414000,2000,101,0.024000
1609059877.161509037,15.783001,2010,102,0.055000
1609059877.186478853,34.091999,2011,100,0.268000
1609059877.235796690,34.505001,2000,100,0.055000
1609059877.236567497,8.936000,2010,101,0.055000
1609059877.260609388,8.382000,2001,101,0.024000
1609059877.261591911,16.393999,2011,102,0.055000
1609059877.285750151,16.983000,2000,102,0.055000
1609059877.286499500,34.085999,2010,100,0.055000
1609059877.310286522,34.199001,2001,100,0.129000
1609059877.335825682,8.375000,2000,101,0.055000
1609059877.336491823,15.923000,2010,102,0.055000
1609059877.361601830,51.198002,2011,100,0.055000
1609059877.410773277,34.687000,2000,100,0.055000
1609059877.411481142,8.878000,2010,101,0.055000
1609059877.435599089,8.249000,2001,101,0.055000
1609059877.436498642,16.539000,2011,102,0.055000
1609059877.461004496,34.175999,2010,100,0.268000
1609059877.485764503,67.702003,2001,100,0.056000
1609059877.510792971,8.296000,2000,101,0.055000
1609059877.511482716,16.033001,2010,102,0.055000
1609059877.538542509,34.646000,2011,100,0.055000
1609059877.585730553,34.817001,2000,100,0.055000
1609059877.586510897,8.788000,2010,101,0.055000
1609059877.610601187,8.160000,2001,101,0.055000
1609059877.636459112,34.287998,2010,100,0.024000
1609059877.660763741,68.084999,2001,100,0.056000
1609059877.685936689,8.255000,2000,101,0.055000
1609059877.686501026,16.209000,2010,102,0.055000
1609059877.711511374,34.424000,2011,100,0.056000
1609059877.760821104,34.943001,2000,100,0.055000
1609059877.761508465,8.694000,2010,101,0.024000
1609059877.785572529,8.111000,2001,101,0.055000
1609059877.811486244,34.460999,2010,100,0.055000
1609059877.835338116,67.888000,2001,100,10.536000
1609059877.836526632,8.677000,2011,101,0.055000
1609059877.860783100,8.134000,2000,101,0.055000
1609059877.861454964,16.361000,2010,102,0.055000
1609059877.886451721,51.549000,2011,100,0.055000
1609059877.935780764,35.090000,2000,100,0.055000
1609059877.936559916,8.606000,2010,101,0.055000
1609059877.960550547,8.025000,2001,101,0.055000
1609059877.961508274,16.978001,2011,102,0.055000
1609059877.986498594,34.599998,2010,100,0.055000
1609059878.061510801,68.583000,2011,100,0.055000
1609059878.110690355,35.193001,2000,100,0.055000
1609059878.135545492,7.936000,2001,101,0.055000
1609059878.136433125,17.107000,2011,102,0.055000
1609059878.161525726,34.748001,2010,100,0.055000
1609059878.210749865,7.993000,2000,101,0.055000
1609059878.211452484,16.604000,2010,102,0.055000
1609059878.236503839,68.587997,2011,100,0.056000
1609059878.285759687,35.372002,2000,100,0.055000
1609059878.286491871,8.426000,2010,101,0.055000
1609059878.310779333,7.857000,2001,101,0.055000
1609059878.311460495,17.205999,2011,102,0.055000
1609059878.336490870,34.930000,2010,100,0.055000
1609059878.360790253,52.217999,2001,100,0.268000
1609059878.361966372,8.549000,2011,101,0.055000
1609059878.385781288,7.872000,2000,101,0.055000
1609059878.386482239,16.749001,2010,102,0.055000
1609059878.411484718,52.157001,2011,100,0.055000
1609059878.485519648,7.747000,2001,101,0.024000
1609059878.486464262,17.337999,2011,102,0.055000
1609059878.512482882,35.032001,2010,100,0.055000
1609059878.535794020,36.014000,2001,100,0.268000
1609059878.560772657,7.820000,2000,101,0.055000
1609059878.561541319,16.879000,2010,102,0.055000
1609059878.586456537,68.815002,2011,100,0.055000
1609059878.635711670,35.674000,2000,100,0.055000
1609059878.636458635,8.228000,2010,101,0.055000
1609059878.660784960,7.744000,2001,101,0.055000
1609059878.661484480,17.509001,2011,102,0.055000
1609059878.686563015,35.221001,2010,100,0.024000
1609059878.710719585,36.219002,2001,100,10.536000
1609059878.711438656,8.454000,2011,101,0.055000
1609059878.735779762,7.709000,2000,101,0.055000
1609059878.736511707,17.010000,2010,102,0.055000
1609059878.761538506,35.471001,2011,100,0.268000
1609059878.810748339,35.872002,2000,100,0.055000
1609059878.811472654,8.188000,2010,101,0.055000
1609059878.835881948,7.644000,2001,101,0.055000
1609059878.836450338,17.629999,2011,102,0.055000
1609059878.861492395,35.375000,2010,100,0.055000
1609059878.885747433,52.639000,2001,100,0.056000
1609059878.910804987,7.673000,2000,101,0.055000
1609059878.911503792,17.181000,2010,102,0.055000
1609059878.935713053,17.697001,2001,102,0.055000
1609059878.936483622,68.990997,2011,100,0.055000
1609059878.985745430,35.987000,2000,100,0.055000
1609059878.986430645,8.114000,2010,101,0.024000
1609059879.010732174,7.584000,2001,101,0.055000
1609059879.011464357,17.730000,2011,102,0.055000
1609059879.036528587,35.487999,2010,100,0.055000
1609059879.060822010,36.838001,2001,100,0.056000
1609059879.061515093,8.346000,2011,101,0.055000
1609059879.085803270,7.605000,2000,101,0.055000
1609059879.086480379,17.268000,2010,102,0.055000
1609059879.111753941,52.347000,2011,100,0.055000
1609059879.160699129,36.101002,2000,100,0.055000
1609059879.161450148,8.016000,2010,101,0.055000
1609059879.185534716,7.496000,2001,101,0.055000
1609059879.186428547,17.841999,2011,102,0.055000
1609059879.235243559,35.896999,2001,100,0.129000
1609059879.236467361,8.226000,2011,101,0.055000
1609059879.260730028,7.575000,2000,101,0.055000
1609059879.261535168,17.337000,2010,102,0.055000
1609059879.335699797,36.275002,2000,100,0.055000
1609059879.336456537,7.922000,2010,101,0.055000
1609059879.360532761,7.459000,2001,101,0.055000
1609059879.362071753,17.922001,2011,102,0.055000
1609059879.386454105,35.724998,2010,100,0.024000
1609059879.435701609,7.557000,2000,101,0.055000
1609059879.436447859,17.488001,2010,102,0.055000
1609059879.461505413,52.451000,2011,100,0.056000
1609059879.511111498,36.380001,2000,100,0.056000
1609059879.511450052,7.937000,2010,101,0.055000
1609059879.535509825,7.456000,2001,101,0.055000
1609059879.536758661,18.014999,2011,102,0.055000
1609059879.561478853,35.875000,2010,100,0.055000
1609059879.611474991,17.506001,2010,102,0.055000
1609059879.685758829,36.425999,2000,100,0.056000
1609059879.686451912,7.893000,2010,101,0.055000
1609059879.710536003,7.362000,2001,101,0.055000
1609059879.711441278,18.018000,2011,102,0.055000
1609059879.736470222,35.910999,2010,100,0.055000
1609059879.760204315,41.439999,2001,100,10.536000
1609059879.785740137,7.410000,2000,101,0.055000
1609059879.786489725,17.534000,2010,102,0.055000
1609059879.860713482,36.490002,2000,100,0.056000
1609059879.861445904,7.815000,2010,101,0.055000
1609059879.885823965,7.378000,2001,101,0.055000
1609059879.886449814,18.024000,2011,102,0.055000
1609059879.911531925,35.959000,2010,100,0.055000
1609059879.961499691,17.552999,2010,102,0.024000
1609059880.035732508,36.530998,2000,100,0.056000
1609059880.036450624,7.832000,2010,101,0.055000
1609059880.060783386,7.412000,2001,101,0.055000
1609059880.061489105,18.000000,2011,102,0.055000
1609059880.086430550,36.025002,2010,100,0.024000
1609059880.110255957,36.278999,2001,100,0.268000
1609059880.135751009,7.353000,2000,101,0.055000
1609059880.136474609,17.495001,2010,102,0.055000
1609059880.210789680,36.528000,2000,100,0.056000
1609059880.211392641,7.848000,2010,101,0.055000
1609059880.235476971,7.398000,2001,101,0.024000
1609059880.236458540,17.948999,2011,102,0.055000
1609059880.260699272,18.479000,2000,102,0.055000
1609059880.261481524,36.020000,2010,100,0.024000
1609059880.310771465,7.421000,2000,101,0.055000
1609059880.336579800,52.501999,2011,100,0.056000
1609059880.385732174,36.549000,2000,100,0.268000
1609059880.386430502,7.865000,2010,101,0.055000
1609059880.410474777,7.459000,2001,101,0.055000
1609059880.411398172,17.914000,2011,102,0.055000
1609059880.460705996,36.658001,2001,100,0.056000
1609059880.485739470,7.477000,2000,101,0.055000
1609059880.486405373,17.384001,2010,102,0.024000
1609059880.560679674,36.466000,2000,100,0.056000
1609059880.585498571,7.490000,2001,101,0.055000
1609059880.612551451,35.868000,2010,100,0.024000
1609059880.635209322,36.292000,2001,100,10.536000
1609059880.636447668,7.575000,2011,101,0.268000
1609059880.660676241,7.520000,2000,101,0.024000
1609059880.661462307,17.261999,2010,102,0.055000
1609059880.686401844,68.714996,2011,100,0.056000
1609059880.736431837,8.041000,2010,101,0.055000
1609059880.760723591,7.654000,2001,101,0.024000
1609059880.761470318,17.632999,2011,102,0.055000
1609059880.786411762,35.792999,2010,100,0.055000
1609059880.810179710,44.285999,2001,100,10.536000
1609059880.835717678,7.637000,2000,101,0.055000
1609059880.836507082,17.086000,2010,102,0.055000
1609059880.861429214,35.783001,2011,100,0.268000
1609059880.910723925,36.265999,2000,100,0.055000
1609059880.911457539,8.203000,2010,101,0.055000
1609059880.935725451,7.722000,2001,101,0.055000
1609059880.936399221,17.513000,2011,102,0.055000
1609059880.961530447,35.665001,2010,100,0.055000
1609059880.985697031,36.582001,2001,100,0.056000
1609059881.011484385,16.936001,2010,102,0.055000
1609059881.085702181,36.122002,2000,100,0.055000
1609059881.086639166,8.378000,2010,101,0.055000
1609059881.110823154,7.835000,2001,101,0.055000
1609059881.111438990,17.330000,2011,102,0.055000
1609059881.136404037,35.530998,2010,100,0.055000
1609059881.186427355,16.784000,2010,102,0.055000
1609059881.211455822,68.314003,2011,100,0.055000
1609059881.260707855,35.974998,2000,100,0.055000
1609059881.261455059,8.531000,2010,101,0.055000
1609059881.285744667,7.980000,2001,101,0.024000
1609059881.286452532,17.215000,2011,102,0.055000
1609059881.311459303,35.443001,2010,100,0.055000
1609059881.335770369,36.033001,2001,100,0.056000
1609059881.361469030,16.660999,2010,102,0.024000
1609059881.386448145,68.182999,2011,100,0.056000
1609059881.435652256,35.860001,2000,100,0.055000
1609059881.436415911,8.639000,2010,101,0.055000
1609059881.460777044,8.090000,2001,101,0.024000
1609059881.461424112,17.031000,2011,102,0.055000
1609059881.486431360,35.247002,2010,100,0.055000
1609059881.510716915,35.909000,2001,100,0.055000
1609059881.535692215,8.005000,2000,101,0.055000
1609059881.536372185,16.527000,2010,102,0.055000
1609059881.560943127,67.653999,2011,100,0.268000
1609059881.610693216,35.748001,2000,100,0.055000
1609059881.611439228,8.733000,2010,101,0.055000
1609059881.635508060,8.100000,2001,101,0.024000
1609059881.636420965,16.909000,2011,102,0.055000
1609059881.661461115,35.146999,2010,100,0.055000
1609059881.685695171,35.771000,2001,100,0.056000
1609059881.710764408,8.130000,2000,101,0.055000
1609059881.711426020,16.406000,2010,102,0.055000
1609059881.735976458,67.488998,2011,100,10.536000
1609059881.785699368,35.616001,2000,100,0.055000
1609059881.786403179,8.821000,2010,101,0.055000
1609059881.810809135,8.228000,2001,101,0.024000
1609059881.811482430,16.830000,2011,102,0.055000
1609059881.836466551,35.066002,2010,100,0.055000
1609059881.860752344,51.497002,2001,100,0.056000
1609059881.885700941,8.177000,2000,101,0.055000
1609059881.886398315,16.282000,2010,102,0.024000
1609059881.911467075,67.016998,2011,100,10.536000
1609059881.960637569,35.521000,2000,100,0.055000
1609059881.961420536,8.846000,2010,101,0.055000
1609059881.985447884,8.275000,2001,101,0.055000
1609059881.986386299,16.676001,2011,102,0.055000
1609059882.011468887,34.983002,2010,100,0.055000
1609059882.035746574,51.528999,2001,100,0.056000
1609059882.060653210,8.285000,2000,101,0.055000
1609059882.061362028,16.136000,2010,102,0.055000
1609059882.085636139,16.681000,2001,102,0.024000
1609059882.086470604,67.643997,2011,100,0.056000
1609059882.135635376,35.445000,2000,100,0.055000
1609059882.136365175,8.886000,2010,101,0.055000
1609059882.160679817,8.357000,2001,101,0.055000
1609059882.161485434,16.572001,2011,102,0.055000
1609059882.186392784,34.950001,2010,100,0.055000
1609059882.210734129,67.426003,2001,100,0.056000
1609059882.235673189,8.308000,2000,101,0.055000
1609059882.236363888,16.033001,2010,102,0.055000
1609059882.261430502,51.242001,2011,100,0.056000
1609059882.310649633,35.414001,2000,100,0.055000
1609059882.311440706,8.970000,2010,101,0.055000
1609059882.335659504,8.475000,2001,101,0.055000
1609059882.336409807,16.430000,2011,102,0.055000
1609059882.361485958,34.879002,2010,100,0.055000
1609059882.385174274,50.824001,2001,100,10.536000
1609059882.410641193,8.346000,2000,101,0.055000
1609059882.411371469,15.919001,2010,102,0.055000
1609059882.436364412,51.450001,2011,100,0.055000
1609059882.485680580,35.325001,2000,100,0.055000
1609059882.486406565,9.056000,2010,101,0.055000
1609059882.510663509,8.527000,2001,101,0.055000
1609059882.511375427,16.396999,2011,102,0.055000
1609059882.536380291,34.819000,2010,100,0.055000
1609059882.560217381,50.756001,2001,100,0.129000
1609059882.585676432,8.431000,2000,101,0.055000
1609059882.586385965,15.819000,2010,102,0.055000
1609059882.660631180,35.304001,2000,100,0.055000
1609059882.661464453,9.104000,2010,101,0.055000
1609059882.685712576,8.611000,2001,101,0.055000
1609059882.686350346,16.226000,2011,102,0.055000
1609059882.712002516,34.691002,2010,100,0.055000
1609059882.735801220,51.557999,2001,100,0.056000
1609059882.760731697,8.477000,2000,101,0.055000
1609059882.761486053,15.733999,2010,102,0.055000
1609059882.786503315,51.365002,2011,100,0.055000
1609059882.835705757,35.219002,2000,100,0.055000
1609059882.836370230,9.158000,2010,101,0.024000
1609059882.860697269,8.587000,2001,101,0.024000
1609059882.861430168,16.187000,2011,102,0.055000
1609059882.886394978,34.693001,2010,100,0.024000
1609059882.910665751,35.521999,2001,100,0.056000
1609059882.936367035,15.631001,2010,102,0.055000
1609059882.936567068,8.523000,2000,101,0.055000
1609059883.010645866,35.161999,2000,100,0.055000
1609059883.011352777,9.219000,2010,101,0.055000
1609059883.035800457,8.688000,2001,101,0.055000
1609059883.036414385,16.070999,2011,102,0.055000
1609059883.061410189,34.652000,2010,100,0.055000
1609059883.085735559,35.658001,2001,100,0.056000
1609059883.111409426,15.521999,2010,102,0.055000
1609059883.185650826,35.131001,2000,100,0.055000
1609059883.186398745,9.271000,2010,101,0.055000
1609059883.210453272,8.694000,2001,101,0.055000
1609059883.211405039,15.927000,2011,102,0.055000
1609059883.235655785,16.454000,2000,102,0.055000
1609059883.236419916,34.657001,2010,100,0.055000
1609059883.260749102,35.188000,2001,100,0.056000
1609059883.285660744,8.622000,2000,101,0.055000
1609059883.286363602,15.392000,2010,102,0.055000
1609059883.311356306,66.955002,2011,100,0.056000
1609059883.360653400,35.144001,2000,100,0.055000
1609059883.361211300,9.315000,2010,101,0.055000
1609059883.385722399,8.816000,2001,101,0.055000
1609059883.386365891,15.799000,2011,102,0.055000
1609059883.411360502,34.578999,2010,100,0.055000
1609059883.435727358,51.237999,2001,100,0.056000
1609059883.486405611,66.844002,2011,100,0.056000
1609059883.535679102,35.124001,2000,100,0.055000
1609059883.536146879,9.352000,2010,101,0.055000
1609059883.560744047,8.869000,2001,101,0.055000
1609059883.561455011,15.695999,2011,102,0.055000
1609059883.586368084,34.578999,2010,100,0.055000
1609059883.610737324,35.553001,2001,100,10.536000
1609059883.635678291,8.687000,2000,101,0.055000
1609059883.636341572,15.215000,2010,102,0.055000
1609059883.661400557,66.733002,2011,100,0.056000
1609059883.710690260,35.099998,2000,100,0.055000
1609059883.711368084,9.413000,2010,101,0.055000
1609059883.736394882,15.552999,2011,102,0.055000
1609059883.761431217,34.563999,2010,100,0.055000
1609059883.810705423,8.735000,2000,101,0.055000
1609059883.811419249,15.114000,2010,102,0.055000
1609059883.836451769,65.933998,2011,100,10.536000
1609059883.885720968,35.049999,2000,100,0.024000
1609059883.886448145,9.590000,2010,101,0.055000
1609059883.910457373,8.944000,2001,101,0.024000
1609059883.911415577,15.506001,2011,102,0.055000
1609059883.936412573,34.555000,2010,100,0.055000
1609059883.960685968,35.827000,2001,100,0.056000
1609059883.985707998,8.784000,2000,101,0.055000
1609059883.986348152,14.931000,2010,102,0.024000
1609059884.011410236,66.377998,2011,100,0.056000
1609059884.060688972,35.066002,2000,100,0.055000
1609059884.061464548,9.610000,2010,101,0.024000
1609059884.085713863,9.048000,2001,101,0.055000
1609059884.086402893,15.346001,2011,102,0.055000
1609059884.111327410,34.576000,2010,100,0.055000
1609059884.135708094,35.540001,2001,100,0.268000
1609059884.160632133,8.838000,2000,101,0.055000
1609059884.161758423,14.879000,2010,102,0.055000
1609059884.186447620,66.166000,2011,100,0.056000
1609059884.235741854,35.014999,2000,100,0.055000
1609059884.236467600,9.720000,2010,101,0.055000
1609059884.260699272,9.088000,2001,101,0.055000
1609059884.261445522,15.249000,2011,102,0.055000
1609059884.286365986,34.576000,2010,100,0.055000
1609059884.320953608,35.125999,2001,100,10.536000
1609059884.335654736,8.850000,2000,101,0.055000
1609059884.336373091,14.761000,2010,102,0.055000
1609059884.410617828,35.005001,2000,100,0.055000
1609059884.411195755,9.716000,2010,101,0.024000
1609059884.435608864,9.148000,2001,101,0.024000
1609059884.436334133,15.159000,2011,102,0.055000
1609059884.461412668,34.573002,2010,100,0.055000
1609059884.485718966,35.861000,2001,100,0.055000
1609059884.510688782,8.942000,2000,101,0.024000
1609059884.511385679,14.613000,2010,102,0.055000
1609059884.535914183,65.431000,2011,100,10.536000
1609059884.585621119,35.002998,2000,100,0.055000
1609059884.586242676,9.755000,2010,101,0.055000
1609059884.610730171,9.304000,2001,101,0.055000
1609059884.611387014,15.020000,2011,102,0.055000
1609059884.636393547,34.542999,2010,100,0.055000
1609059884.660753250,35.568001,2001,100,10.536000
1609059884.685665846,8.994000,2000,101,0.055000
1609059884.686377525,14.492000,2010,102,0.055000
1609059884.710924387,65.434998,2011,100,0.268000
1609059884.760637045,34.999001,2000,100,0.055000
1609059884.761427641,9.816000,2010,101,0.055000
1609059884.785737753,9.305000,2001,101,0.055000
1609059884.786428690,14.921000,2011,102,0.055000
1609059884.811414003,34.508999,2010,100,0.024000
1609059884.835729122,34.623001,2001,100,10.536000
1609059884.861217737,9.009000,2000,101,0.055000
1609059884.861580610,14.386000,2010,102,0.055000
1609059884.886368752,65.680000,2011,100,0.055000
1609059884.935652018,35.014999,2000,100,0.055000
1609059884.936362028,9.882000,2010,101,0.055000
1609059884.960789204,9.364000,2001,101,0.055000
1609059884.961411476,14.813000,2011,102,0.055000
1609059884.986366510,34.596001,2010,100,0.055000
1609059885.010198832,35.001999,2001,100,0.129000
1609059885.035647869,9.055000,2000,101,0.055000
1609059885.036380529,14.290000,2010,102,0.055000
1609059885.061401844,65.585999,2011,100,0.055000
1609059885.135715246,9.424000,2001,101,0.055000
1609059885.136344910,14.679000,2011,102,0.055000
1609059885.161480665,34.577000,2010,100,0.055000
1609059885.185697079,34.762001,2001,100,10.536000
1609059885.210678339,9.133000,2000,101,0.055000
1609059885.211376905,14.199000,2010,102,0.024000
1609059885.236362934,65.373001,2011,100,0.055000
1609059885.285723448,35.039001,2000,100,0.055000
1609059885.286332607,9.978000,2010,101,0.024000
1609059885.310713053,9.480000,2001,101,0.024000
1609059885.311393023,14.553000,2011,102,0.055000
1609059885.336396456,34.599998,2010,100,0.055000
1609059885.360683441,35.250000,2001,100,10.536000
1609059885.385615587,9.184000,2000,101,0.055000
1609059885.386324406,14.119000,2010,102,0.055000
1609059885.411323309,65.362999,2011,100,0.055000
1609059885.460641146,35.049000,2000,100,0.055000
1609059885.485763311,9.527000,2001,101,0.055000
1609059885.486758232,14.510000,2011,102,0.055000
1609059885.511379242,34.650002,2010,100,0.055000
1609059885.535726786,35.275002,2001,100,10.536000
1609059885.560651064,9.194000,2000,101,0.055000
1609059885.561359644,14.076000,2010,102,0.055000
1609059885.586354256,65.123001,2011,100,0.055000
1609059885.635563850,35.068001,2000,100,0.055000
1609059885.636101961,10.075000,2010,101,0.055000
1609059885.660711288,9.584000,2001,101,0.055000
1609059885.661377192,14.327000,2011,102,0.024000
1609059885.686311722,34.631001,2010,100,0.024000
1609059885.712214708,34.848000,2001,100,10.536000
1609059885.735592604,9.240000,2000,101,0.055000
1609059885.736380100,14.006000,2010,102,0.024000
1609059885.761471033,65.049004,2011,100,0.056000
1609059885.810703754,35.089001,2000,100,0.055000
1609059885.811114788,10.126000,2010,101,0.055000
1609059885.835662842,9.674000,2001,101,0.055000
1609059885.836335897,14.330000,2011,102,0.055000
1609059885.860622883,14.928000,2000,102,0.024000
1609059885.861339808,34.695000,2010,100,0.024000
1609059885.885629654,35.305000,2001,100,0.056000
1609059885.910596848,9.295000,2000,101,0.055000
1609059885.911335707,13.904000,2010,102,0.055000
1609059885.985646963,35.122002,2000,100,0.055000
1609059885.986121416,10.235000,2010,101,0.055000
1609059886.010704756,9.731000,2001,101,0.055000
1609059886.011336565,14.248000,2011,102,0.055000
1609059886.036332846,34.698002,2010,100,0.055000
1609059886.060639620,35.338001,2001,100,0.056000
1609059886.085668802,9.335000,2000,101,0.055000
1609059886.086368799,13.844000,2010,102,0.055000
1609059886.160626888,35.153999,2000,100,0.055000
1609059886.161360979,10.279000,2010,101,0.055000
1609059886.185706615,9.755000,2001,101,0.055000
1609059886.186317205,14.143000,2011,102,0.055000
1609059886.211320639,34.693001,2010,100,0.055000
1609059886.235685825,35.395000,2001,100,0.056000
1609059886.260605335,9.385000,2000,101,0.055000
1609059886.261348486,13.777000,2010,102,0.055000
1609059886.335677147,35.181999,2000,100,0.055000
1609059886.360404015,9.779000,2001,101,0.055000
1609059886.361362457,14.142000,2011,102,0.055000
1609059886.386393070,34.799000,2010,100,0.055000
1609059886.410646200,35.432999,2001,100,0.056000
1609059886.435627699,9.461000,2000,101,0.024000
1609059886.436329603,13.752000,2010,102,0.024000
1609059886.461452484,64.688004,2011,100,0.056000
1609059886.510650635,35.209999,2000,100,0.055000
1609059886.535674810,9.876000,2001,101,0.055000
1609059886.536297798,14.101000,2011,102,0.024000
1609059886.561365128,34.799999,2010,100,0.055000
1609059886.585622311,35.777000,2001,100,0.056000
1609059886.610646725,9.499000,2000,101,0.055000
1609059886.611304283,13.619000,2010,102,0.055000
1609059886.685587645,35.240002,2000,100,0.055000
1609059886.686321735,10.411000,2010,101,0.055000
1609059886.710676670,9.920000,2001,101,0.024000
1609059886.711297989,14.030000,2011,102,0.055000
1609059886.736302853,34.831001,2010,100,0.055000
1609059886.760648251,35.483002,2001,100,0.056000
1609059886.785579205,9.517000,2000,101,0.055000
1609059886.786323309,13.596000,2010,102,0.055000
1609059886.860594511,35.275002,2000,100,0.056000
1609059886.861390114,10.466000,2010,101,0.055000
1609059886.885608912,9.976000,2001,101,0.055000
1609059886.886319160,13.949000,2011,102,0.055000
1609059886.935664177,35.514000,2001,100,0.056000
1609059886.960597515,9.587000,2000,101,0.024000
1609059886.961354733,13.580000,2010,102,0.055000
1609059886.986374617,34.686001,2011,100,10.536000
1609059887.035672903,35.268002,2000,100,0.056000
1609059887.036203384,10.545000,2010,101,0.055000
1609059887.060471296,10.019000,2001,101,0.055000
1609059887.061409712,13.911000,2011,102,0.055000
1609059887.086307287,34.900002,2010,100,0.055000
1609059887.110642672,35.542999,2001,100,0.056000
1609059887.135598183,9.631000,2000,101,0.024000
1609059887.136318922,13.513000,2010,102,0.055000
1609059887.161476851,35.096001,2011,100,0.055000
1609059887.235654354,10.112000,2001,101,0.055000
1609059887.236291647,13.854000,2011,102,0.024000
1609059887.261377335,34.977001,2010,100,0.024000
1609059887.285680056,35.919998,2001,100,0.055000
1609059887.310581446,9.634000,2000,101,0.055000
1609059887.311286688,13.433000,2010,102,0.055000
1609059887.336379766,34.730999,2011,100,10.536000
1609059887.385645628,35.368999,2000,100,0.055000
1609059887.386276960,10.584000,2010,101,0.055000
1609059887.410647869,10.117000,2001,101,0.055000
1609059887.411311150,13.819000,2011,102,0.055000
1609059887.436336994,34.997002,2010,100,0.055000
1609059887.460597277,35.618000,2001,100,0.056000
1609059887.485547781,9.712000,2000,101,0.055000
1609059887.486319780,13.424000,2010,102,0.055000
1609059887.511330128,49.492001,2011,100,0.055000
1609059887.585411549,10.091000,2001,101,0.055000
1609059887.586366415,13.738000,2011,102,0.055000
1609059887.611295223,34.990002,2010,100,0.055000
1609059887.635574818,35.668999,2001,100,0.056000
1609059887.660586834,9.713000,2000,101,0.055000
1609059887.661284685,13.387000,2010,102,0.055000
1609059887.686366081,34.764000,2011,100,0.056000
1609059887.735572577,35.412998,2000,100,0.055000
1609059887.736523151,10.676000,2010,101,0.055000
1609059887.760372877,10.141000,2001,101,0.055000
1609059887.761355400,13.680000,2011,102,0.055000
1609059887.785575151,14.323000,2000,102,0.024000
1609059887.786484003,35.014999,2010,100,0.024000
1609059887.810627937,35.650002,2001,100,0.056000
1609059887.835606813,9.754000,2000,101,0.055000
1609059887.836326838,13.300000,2010,102,0.055000
1609059887.910576105,35.421001,2000,100,0.055000
1609059887.935381413,10.185000,2001,101,0.055000
1609059887.936305523,13.586000,2011,102,0.055000
1609059887.961348534,35.061001,2010,100,0.024000
1609059887.985642672,35.733002,2001,100,0.055000
1609059888.010590076,9.781000,2000,101,0.055000
1609059888.011290312,13.281000,2010,102,0.055000
1609059888.085604191,35.419998,2000,100,0.055000
1609059888.086299419,10.756000,2010,101,0.055000
1609059888.110364676,10.255000,2001,101,0.024000
1609059888.111303568,13.551000,2011,102,0.055000
1609059888.136275530,35.022999,2010,100,0.055000
1609059888.160633564,35.733002,2001,100,0.055000
1609059888.185635328,9.851000,2000,101,0.055000
1609059888.186287165,13.213000,2010,102,0.055000
1609059888.260620117,35.417000,2000,100,0.055000
1609059888.261360407,10.822000,2010,101,0.055000
1609059888.285366297,10.253000,2001,101,0.055000
1609059888.286296368,13.486000,2011,102,0.055000
1609059888.311301947,35.054001,2010,100,0.055000
1609059888.335598707,35.729000,2001,100,0.055000
1609059888.360563040,9.886000,2000,101,0.055000
1609059888.361312389,13.118000,2010,102,0.055000
1609059888.435655117,35.407001,2000,100,0.055000
1609059888.436385632,10.856000,2010,101,0.055000
1609059888.460349321,10.369000,2001,101,0.055000
1609059888.461351633,13.416000,2011,102,0.055000
1609059888.486274958,35.001999,2010,100,0.055000
1609059888.510566950,35.712002,2001,100,0.055000
1609059888.535613775,9.892000,2000,101,0.055000
1609059888.536309958,13.037000,2010,102,0.055000
1609059888.561420202,34.773998,2011,100,0.056000
1609059888.610609531,35.369999,2000,100,0.055000
1609059888.635698318,10.468000,2001,101,0.055000
1609059888.636322260,13.335000,2011,102,0.055000
1609059888.661323309,34.963001,2010,100,0.055000
1609059888.685546875,35.675999,2001,100,0.055000
1609059888.710638285,9.985000,2000,101,0.024000
1609059888.711341858,13.009000,2010,102,0.055000
1609059888.785598755,35.328999,2000,100,0.055000
1609059888.810429335,10.538000,2001,101,0.055000
1609059888.811327457,13.262000,2011,102,0.055000
1609059888.836443663,34.953999,2010,100,0.055000
1609059888.860582829,35.609001,2001,100,0.055000
1609059888.885547876,10.049000,2000,101,0.024000
1609059888.886241913,12.962000,2010,102,0.055000
1609059888.911364317,49.097000,2011,100,0.056000
1609059888.960525990,34.794998,2000,100,0.268000
1609059888.961425066,11.098000,2010,101,0.055000
1609059888.985635996,10.597000,2001,101,0.055000
1609059888.986279726,13.217000,2011,102,0.055000
1609059889.011336565,34.794998,2010,100,0.055000
1609059889.035719872,35.529999,2001,100,0.055000
1609059889.060563087,10.076000,2000,101,0.055000
1609059889.061315536,12.800000,2010,102,0.055000
1609059889.135652781,35.112999,2000,100,0.055000
1609059889.136353254,11.203000,2010,101,0.055000
1609059889.160654783,10.694000,2001,101,0.055000
1609059889.161349535,13.130000,2011,102,0.055000
1609059889.186261892,34.745998,2010,100,0.055000
1609059889.210642099,35.360001,2001,100,0.056000
1609059889.235599041,10.131000,2000,101,0.055000
1609059889.236299515,12.748000,2010,102,0.055000
1609059889.260555983,13.263000,2001,102,0.055000
1609059889.310608625,35.073002,2000,100,0.056000
1609059889.311323643,11.209000,2010,101,0.055000
1609059889.335697651,10.696000,2001,101,0.055000
1609059889.336279869,13.011000,2011,102,0.055000
1609059889.361383438,34.700001,2010,100,0.055000
1609059889.385631800,35.637001,2001,100,0.056000
1609059889.410608768,10.206000,2000,101,0.055000
1609059889.411291599,12.655000,2010,102,0.055000
1609059889.436342478,34.349998,2011,100,0.056000
1609059889.485545635,34.959999,2000,100,0.055000
1609059889.486315966,11.236000,2010,101,0.024000
1609059889.510334492,10.597000,2001,101,0.055000
1609059889.511361122,12.942000,2011,102,0.055000
1609059889.538449287,34.542999,2010,100,0.055000
1609059889.560679674,35.240002,2001,100,0.056000
1609059889.585596085,10.239000,2000,101,0.055000
1609059889.586298227,12.548000,2010,102,0.055000
1609059889.611400843,34.410999,2011,100,0.056000
1609059889.660526752,34.923000,2000,100,0.055000
1609059889.661304474,11.215000,2010,101,0.055000
1609059889.685619593,10.704000,2001,101,0.024000
1609059889.686268330,12.875000,2011,102,0.024000
1609059889.710558653,13.505000,2000,102,0.055000
1609059889.711221695,34.513000,2010,100,0.055000
1609059889.735601664,35.138000,2001,100,0.056000
1609059889.760530472,10.257000,2000,101,0.055000
1609059889.761322498,12.481000,2010,102,0.055000
1609059889.786303520,34.575001,2011,100,0.024000
1609059889.835638046,34.860001,2000,100,0.055000
1609059889.860609770,10.708000,2001,101,0.055000
1609059889.861266136,12.808000,2011,102,0.024000
1609059889.886249065,34.445000,2010,100,0.024000
1609059889.910585642,35.108002,2001,100,0.055000
1609059889.935572863,10.275000,2000,101,0.024000
1609059889.936244011,12.423000,2010,102,0.055000
1609059890.010504246,34.793999,2000,100,0.056000
1609059890.011313915,11.290000,2010,101,0.055000
1609059890.035367966,10.654000,2001,101,0.055000
1609059890.036262274,12.752000,2011,102,0.055000
1609059890.060516119,13.373000,2000,102,0.055000
1609059890.061317682,34.375000,2010,100,0.055000
1609059890.085600853,35.081001,2001,100,0.056000
1609059890.110516071,10.253000,2000,101,0.055000
1609059890.111307859,12.341000,2010,102,0.055000
1609059890.136298895,63.389999,2011,100,0.056000
1609059890.185524225,34.728001,2000,100,0.055000
1609059890.186340332,11.262000,2010,101,0.055000
1609059890.210401297,10.667000,2001,101,0.055000
1609059890.214342833,12.720000,2011,102,0.024000
1609059890.236264706,34.282001,2010,100,0.055000
1609059890.260649681,34.882000,2001,100,0.055000
1609059890.285529613,10.300000,2000,101,0.055000
1609059890.286373377,12.281000,2010,102,0.055000
1609059890.360548019,34.658001,2000,100,0.055000
1609059890.385358334,10.672000,2001,101,0.055000
1609059890.386231422,12.648000,2011,102,0.055000
1609059890.411287069,34.255001,2010,100,0.055000
1609059890.435542345,34.882999,2001,100,0.056000
1609059890.460575819,10.312000,2000,101,0.055000
1609059890.461237907,12.205000,2010,102,0.055000
1609059890.535519838,34.610001,2000,100,0.055000
1609059890.536327839,11.286000,2010,101,0.055000
1609059890.560571909,10.756000,2001,101,0.055000
1609059890.561279297,12.593000,2011,102,0.055000
1609059890.586249590,34.200001,2010,100,0.024000
1609059890.610527039,34.862999,2001,100,0.055000
1609059890.635545731,10.317000,2000,101,0.055000
1609059890.636229515,12.155000,2010,102,0.055000
1609059890.661263227,48.688000,2011,100,0.055000
1609059890.710591555,34.560001,2000,100,0.055000
1609059890.711320639,11.286000,2010,101,0.055000
1609059890.735732794,10.760000,2001,101,0.055000
1609059890.736558437,12.526000,2011,102,0.055000
1609059890.761345387,34.206001,2010,100,0.055000
1609059890.785625696,35.053001,2001,100,0.055000
1609059890.812727451,10.277000,2000,101,0.055000
1609059890.813055754,12.132000,2010,102,0.055000
1609059890.836315632,48.820000,2011,100,0.055000
1609059890.885515451,34.528000,2000,100,0.055000
1609059890.886300802,11.366000,2010,101,0.055000
1609059890.910621166,10.756000,2001,101,0.055000
1609059890.911267996,12.471000,2011,102,0.024000
1609059890.936285019,34.166000,2010,100,0.055000
1609059890.960617781,34.806000,2001,100,0.056000
1609059890.985595703,10.267000,2000,101,0.055000
1609059890.986225843,12.042000,2010,102,0.055000
1609059891.010519505,12.647000,2001,102,0.055000
1609059891.060546637,34.830002,2000,100,0.055000
1609059891.061367273,11.363000,2010,101,0.055000
1609059891.085648060,10.746000,2001,101,0.055000
1609059891.086303234,12.436000,2011,102,0.055000
1609059891.111243248,34.109001,2010,100,0.024000
1609059891.135652304,35.096001,2001,100,0.056000
1609059891.160516262,10.245000,2000,101,0.055000
1609059891.161277056,12.033000,2010,102,0.024000
1609059891.235534430,34.480999,2000,100,0.055000
1609059891.236323595,11.307000,2010,101,0.055000
1609059891.260592461,10.646000,2001,101,0.055000
1609059891.261317968,12.397000,2011,102,0.055000
1609059891.286282778,34.099998,2010,100,0.055000
1609059891.310545444,34.798000,2001,100,0.056000
1609059891.335497379,10.218000,2000,101,0.055000
1609059891.336241007,11.980000,2010,102,0.055000
1609059891.361256361,33.949001,2011,100,0.055000
1609059891.410544872,34.464001,2000,100,0.055000
1609059891.411244631,11.272000,2010,101,0.055000
1609059891.435630083,10.617000,2001,101,0.055000
1609059891.436229944,12.370000,2011,102,0.055000
1609059891.461287022,34.127998,2010,100,0.024000
1609059891.485611200,34.762001,2001,100,0.024000
1609059891.510573149,10.185000,2000,101,0.055000
1609059891.511230230,11.991000,2010,102,0.055000
1609059891.536251783,33.820999,2011,100,0.056000
1609059891.585565329,34.432999,2000,100,0.268000
1609059891.586336136,11.273000,2010,101,0.055000
1609059891.610603333,10.653000,2001,101,0.024000
1609059891.611298084,12.376000,2011,102,0.055000
1609059891.636273861,34.113998,2010,100,0.024000
1609059891.660547733,34.782001,2001,100,0.024000
1609059891.685493708,10.189000,2000,101,0.024000
1609059891.686209679,11.928000,2010,102,0.055000
1609059891.710510492,12.547000,2001,102,0.055000
1609059891.711303949,33.798000,2011,100,0.055000
1609059891.760633469,34.458000,2000,100,0.055000
1609059891.761351824,11.193000,2010,101,0.055000
1609059891.785335302,10.539000,2001,101,0.055000
1609059891.786239862,12.326000,2011,102,0.055000
1609059891.811216831,34.063999,2010,100,0.055000
1609059891.835486412,34.771999,2001,100,0.055000
1609059891.860499859,10.101000,2000,101,0.055000
1609059891.861220121,11.915000,2010,102,0.055000
1609059891.885490417,12.522000,2001,102,0.055000
1609059891.935652256,34.443001,2000,100,0.056000
1609059891.936377048,11.154000,2010,101,0.055000
1609059891.960645199,10.531000,2001,101,0.055000
1609059891.961352110,12.313000,2011,102,0.055000
1609059891.986265421,34.060001,2010,100,0.055000
1609059892.010626316,34.728001,2001,100,0.055000
1609059892.035545588,10.057000,2000,101,0.024000
1609059892.036220312,11.886000,2010,102,0.055000
1609059892.061252356,33.757000,2011,100,0.056000
1609059892.110508680,34.431000,2000,100,0.055000
1609059892.111285686,11.073000,2010,101,0.055000
1609059892.135609865,10.529000,2001,101,0.055000
1609059892.136244774,12.322000,2011,102,0.055000
1609059892.161283493,34.077999,2010,100,0.055000
1609059892.185543299,34.708000,2001,100,0.024000
1609059892.210494041,10.010000,2000,101,0.055000
1609059892.211226225,11.870000,2010,102,0.055000
1609059892.236276865,33.814999,2011,100,0.056000
1609059892.285542011,34.414001,2000,100,0.024000
1609059892.286265135,11.069000,2010,101,0.055000
1609059892.310344934,10.451000,2001,101,0.024000
1609059892.311227083,12.271000,2011,102,0.055000
1609059892.336315632,34.069000,2010,100,0.055000
1609059892.360482454,34.737999,2001,100,0.055000
1609059892.385540247,9.971000,2000,101,0.055000
1609059892.386198282,11.826000,2010,102,0.055000
1609059892.410748720,33.675999,2011,100,0.268000
1609059892.460484505,34.408001,2000,100,0.055000
1609059892.461285114,11.021000,2010,101,0.055000
1609059892.485559702,10.446000,2001,101,0.024000
1609059892.486243248,12.274000,2011,102,0.055000
1609059892.510493517,12.897000,2000,102,0.055000
1609059892.511229038,33.981998,2010,100,0.055000
1609059892.535515070,34.723000,2001,100,0.055000
1609059892.561029673,9.971000,2000,101,0.055000
1609059892.561320305,11.879000,2010,102,0.024000
1609059892.585470915,12.470000,2001,102,0.055000
1609059892.635532379,34.381001,2000,100,0.055000
1609059892.636247396,10.994000,2010,101,0.024000
1609059892.660606384,10.370000,2001,101,0.055000
1609059892.661187649,12.297000,2011,102,0.055000
1609059892.686225653,34.000000,2010,100,0.055000
1609059892.710525274,34.705002,2001,100,0.055000
1609059892.735488415,9.899000,2000,101,0.055000
1609059892.736202717,11.864000,2010,102,0.055000
1609059892.761342525,33.789001,2011,100,0.056000
1609059892.810492516,34.372002,2000,100,0.055000
1609059892.811325073,10.957000,2010,101,0.055000
1609059892.835616827,10.342000,2001,101,0.055000
1609059892.836234570,12.243000,2011,102,0.055000
1609059892.861194611,33.970001,2010,100,0.055000
1609059892.885486841,34.669998,2001,100,0.055000
1609059892.910486460,9.908000,2000,101,0.055000
1609059892.911188364,11.877000,2010,102,0.055000
1609059892.935460806,12.428000,2001,102,0.024000
1609059892.936253309,33.694000,2011,100,0.056000
1609059892.985524654,34.332001,2000,100,0.055000
1609059892.985985994,10.858000,2010,101,0.055000
1609059893.010280848,10.271000,2001,101,0.055000
1609059893.011250973,12.221000,2011,102,0.055000
1609059893.036177874,33.960999,2010,100,0.024000
1609059893.060434341,34.636002,2001,100,0.055000
1609059893.085486412,9.851000,2000,101,0.055000
1609059893.086176634,11.786000,2010,102,0.055000
1609059893.110467196,12.411000,2001,102,0.055000
1609059893.160565853,34.277000,2000,100,0.268000
1609059893.161042690,10.837000,2010,101,0.055000
1609059893.185336113,10.240000,2001,101,0.055000
1609059893.186178446,12.213000,2011,102,0.055000
1609059893.210470200,12.826000,2000,102,0.055000
1609059893.211200714,33.924999,2010,100,0.055000
1609059893.235525370,34.598000,2001,100,0.055000
1609059893.260517120,9.863000,2000,101,0.055000
1609059893.261255741,11.814000,2010,102,0.055000
1609059893.285461187,12.395000,2001,102,0.055000
1609059893.286271811,33.651001,2011,100,0.056000
1609059893.335540295,34.398998,2000,100,0.055000
1609059893.336239576,10.897000,2010,101,0.055000
1609059893.360603809,10.300000,2001,101,0.055000
1609059893.361297607,12.205000,2011,102,0.055000
1609059893.386206627,33.844002,2010,100,0.055000
1609059893.410476923,34.550999,2001,100,0.055000
1609059893.435484171,9.807000,2000,101,0.055000
1609059893.436165333,11.758000,2010,102,0.055000
1609059893.461309433,33.939999,2011,100,0.055000
1609059893.511774778,34.238998,2000,100,0.055000
1609059893.512019873,10.832000,2010,101,0.055000
1609059893.535618067,10.275000,2001,101,0.055000
1609059893.536253452,12.195000,2011,102,0.055000
1609059893.560524702,12.780000,2000,102,0.055000
1609059893.561264992,33.805000,2010,100,0.055000
1609059893.585528851,34.501999,2001,100,0.055000
1609059893.610438585,9.784000,2000,101,0.024000
1609059893.611183643,11.744000,2010,102,0.055000
1609059893.636301517,48.417000,2011,100,0.056000
1609059893.685507536,34.268002,2000,100,0.055000
1609059893.710520506,10.290000,2001,101,0.055000
1609059893.711210489,12.193000,2011,102,0.055000
1609059893.736313820,33.792999,2010,100,0.055000
1609059893.760569811,34.449001,2001,100,0.055000
1609059893.785480499,9.763000,2000,101,0.055000
1609059893.786214590,11.711000,2010,102,0.055000
1609059893.860514641,34.214001,2000,100,0.055000
1609059893.861014843,10.715000,2010,101,0.055000
1609059893.885605812,10.214000,2001,101,0.055000
1609059893.886204004,12.160000,2011,102,0.055000
1609059893.910538197,12.704000,2000,102,0.055000
1609059893.911272287,33.689999,2010,100,0.055000
1609059893.935466766,34.400002,2001,100,0.055000
1609059893.960648775,9.772000,2000,101,0.055000
1609059893.961252213,11.701000,2010,102,0.268000
1609059893.985520840,12.350000,2001,102,0.024000
1609059893.986211300,48.465000,2011,100,0.055000
1609059894.035536051,34.125999,2000,100,0.055000
1609059894.036526918,10.759000,2010,101,0.024000
1609059894.060579062,10.221000,2001,101,0.055000
1609059894.061214924,12.159000,2011,102,0.055000
1609059894.086199522,33.631001,2010,100,0.055000
1609059894.135393143,9.750000,2000,101,0.055000
1609059894.136186361,11.761000,2010,102,0.055000
1609059894.160421610,12.380000,2001,102,0.055000
1609059894.160720348,63.046001,2011,100,0.268000
1609059894.210471630,33.995998,2000,100,0.055000
1609059894.211233139,10.773000,2010,101,0.055000
1609059894.235549212,10.190000,2001,101,0.055000
1609059894.236169577,12.157000,2011,102,0.055000
1609059894.261247158,33.650002,2010,100,0.055000
1609059894.285468102,34.279999,2001,100,0.055000
1609059894.310475349,9.732000,2000,101,0.055000
1609059894.311194420,11.723000,2010,102,0.055000
1609059894.336189032,48.376999,2011,100,0.056000
1609059894.385426521,33.966000,2000,100,0.056000
1609059894.386254311,10.754000,2010,101,0.055000
1609059894.410258293,10.130000,2001,101,0.055000
1609059894.411174059,12.225000,2011,102,0.055000
1609059894.436201334,33.592999,2010,100,0.055000
1609059894.460467339,34.186001,2001,100,0.055000
1609059894.485524654,9.684000,2000,101,0.055000
1609059894.486196280,11.788000,2010,102,0.055000
1609059894.510742664,33.195000,2011,100,0.268000
1609059894.560509682,33.874001,2000,100,0.055000
1609059894.561223507,10.699000,2010,101,0.055000
1609059894.585544109,10.203000,2001,101,0.024000
1609059894.586189747,12.150000,2011,102,0.055000
1609059894.611175060,33.519001,2010,100,0.055000
1609059894.635474682,34.148998,2001,100,0.024000
1609059894.660461187,9.676000,2000,101,0.055000
1609059894.661186695,11.685000,2010,102,0.055000
1609059894.686393976,53.598999,2011,100,0.056000
1609059894.735425949,33.842999,2000,100,0.055000
1609059894.736132860,10.660000,2010,101,0.055000
1609059894.760536909,10.077000,2001,101,0.055000
1609059894.761275530,12.181000,2011,102,0.055000
1609059894.786198854,33.444000,2010,100,0.055000
1609059894.810416937,34.033001,2001,100,0.055000
1609059894.835426092,9.726000,2000,101,0.055000
1609059894.836147547,11.733000,2010,102,0.055000
1609059894.910426140,33.758999,2000,100,0.055000
1609059894.911149025,10.668000,2010,101,0.055000
1609059894.935555696,10.121000,2001,101,0.024000
1609059894.936188459,12.179000,2011,102,0.055000
1609059894.961241007,33.327000,2010,100,0.055000
1609059894.985462427,33.999001,2001,100,0.055000
1609059895.010435581,9.734000,2000,101,0.055000
1609059895.011143684,11.747000,2010,102,0.024000
1609059895.036954403,53.215000,2011,100,10.536000
1609059895.085503578,33.674999,2000,100,0.055000
1609059895.085956573,10.721000,2010,101,0.055000
1609059895.110501289,10.135000,2001,101,0.055000
1609059895.111179829,12.187000,2011,102,0.055000
1609059895.136149883,33.236000,2010,100,0.055000
1609059895.160492182,33.905998,2001,100,0.024000
1609059895.185469151,9.755000,2000,101,0.024000
1609059895.186167717,11.692000,2010,102,0.055000
1609059895.211233616,32.972000,2011,100,0.056000
1609059895.260448456,33.542999,2000,100,0.055000
1609059895.261008263,10.733000,2010,101,0.055000
1609059895.285543203,10.146000,2001,101,0.055000
1609059895.286190748,12.171000,2011,102,0.055000
1609059895.311159372,33.138000,2010,100,0.055000
1609059895.335475445,33.804001,2001,100,0.055000
1609059895.360488892,9.771000,2000,101,0.024000
1609059895.361226797,11.634000,2010,102,0.055000
1609059895.435490370,33.480999,2000,100,0.024000
1609059895.436202526,10.723000,2010,101,0.055000
1609059895.460495710,10.198000,2001,101,0.055000
1609059895.461156130,12.155000,2011,102,0.055000
1609059895.486182451,33.029999,2010,100,0.055000
1609059895.510462284,33.657001,2001,100,0.055000
1609059895.535444975,9.799000,2000,101,0.024000
1609059895.536133289,11.652000,2010,102,0.055000
1609059895.610429764,33.368999,2000,100,0.055000
1609059895.635472059,10.212000,2001,101,0.055000
1609059895.636121750,12.147000,2011,102,0.055000
1609059895.661183119,32.919998,2010,100,0.055000
1609059895.685439825,33.549000,2001,100,0.055000
1609059895.710419655,9.831000,2000,101,0.024000
1609059895.711192131,11.627000,2010,102,0.055000
1609059895.785433054,33.297001,2000,100,0.055000
1609059895.785917521,10.751000,2010,101,0.055000
1609059895.810234785,10.189000,2001,101,0.024000
1609059895.811209679,12.136000,2011,102,0.055000
1609059895.836152792,32.808998,2010,100,0.055000
1609059895.860460758,33.394001,2001,100,0.024000
1609059895.885420561,9.852000,2000,101,0.024000
1609059895.886136293,11.626000,2010,102,0.055000
1609059895.960443020,33.111000,2000,100,0.056000
1609059895.961297750,10.812000,2010,101,0.055000
1609059895.985247135,10.200000,2001,101,0.055000
1609059895.986122608,12.114000,2011,102,0.024000
1609059896.011120319,32.688999,2010,100,0.055000
1609059896.035418749,33.314999,2001,100,0.024000
1609059896.060432673,9.846000,2000,101,0.055000
1609059896.061156988,11.619000,2010,102,0.024000
1609059896.136464834,33.008999,2000,100,0.268000
1609059896.136684656,10.837000,2010,101,0.024000
1609059896.160241604,10.215000,2001,101,0.024000
1609059896.161219358,12.151000,2011,102,0.055000
1609059896.186142206,32.528999,2010,100,0.055000
1609059896.210467815,33.171001,2001,100,0.055000
1609059896.235435963,9.908000,2000,101,0.024000
1609059896.236194849,11.649000,2010,102,0.055000
1609059896.261250496,40.521000,2011,100,0.056000
1609059896.310469866,32.987999,2000,100,0.055000
1609059896.335521936,10.276000,2001,101,0.055000
1609059896.336206675,12.162000,2011,102,0.055000
1609059896.361217260,32.438999,2010,100,0.024000
1609059896.385499001,33.084999,2001,100,0.055000
1609059896.410467863,9.935000,2000,101,0.055000
1609059896.411152363,11.639000,2010,102,0.055000
1609059896.435442209,12.144000,2001,102,0.024000
1609059896.436205149,63.913002,2011,100,0.056000
1609059896.485468626,32.875999,2000,100,0.055000
1609059896.485928059,10.882000,2010,101,0.024000
1609059896.510589838,10.262000,2001,101,0.055000
1609059896.510933161,12.141000,2011,102,0.055000
1609059896.536172152,32.373001,2010,100,0.055000
1609059896.560482502,32.967999,2001,100,0.055000
1609059896.585438013,9.941000,2000,101,0.055000
1609059896.586107492,11.642000,2010,102,0.024000
1609059896.660426378,32.776001,2000,100,0.055000
1609059896.661139488,10.911000,2010,101,0.055000
1609059896.685505152,10.279000,2001,101,0.055000
1609059896.685917854,12.183000,2011,102,0.055000
1609059896.711153269,32.216000,2010,100,0.055000
1609059896.735509872,32.863998,2001,100,0.055000
1609059896.760413647,9.969000,2000,101,0.024000
1609059896.761192560,11.663000,2010,102,0.055000
1609059896.786243677,31.915001,2011,100,0.056000
1609059896.835382223,32.675999,2000,100,0.055000
1609059896.835956573,10.887000,2010,101,0.055000
1609059896.860506535,10.302000,2001,101,0.055000
1609059896.861281633,12.231000,2011,102,0.055000
1609059896.886119366,32.083000,2010,100,0.055000
1609059896.910449743,32.769001,2001,100,0.055000
1609059896.935499668,10.030000,2000,101,0.055000
1609059896.936156750,11.676000,2010,102,0.055000
1609059896.961366415,32.048000,2011,100,0.056000
1609059897.010391235,32.617001,2000,100,0.055000
1609059897.010954142,10.947000,2010,101,0.055000
1609059897.035486460,10.345000,2001,101,0.055000
1609059897.036184549,12.263000,2011,102,0.055000
1609059897.063392878,32.035000,2010,100,0.055000
1609059897.085462093,32.675999,2001,100,0.055000
1609059897.110453844,10.011000,2000,101,0.055000
1609059897.111141920,11.651000,2010,102,0.024000
1609059897.136200190,31.964001,2011,100,10.536000
1609059897.185454130,32.425999,2000,100,0.055000
1609059897.186113596,10.955000,2010,101,0.024000
1609059897.210468292,10.361000,2001,101,0.024000
1609059897.211216688,12.370000,2011,102,0.024000
1609059897.236120462,31.943001,2010,100,0.055000
1609059897.260415792,32.627998,2001,100,0.055000
1609059897.285388947,10.070000,2000,101,0.024000
1609059897.286138535,11.688000,2010,102,0.055000
1609059897.360381842,32.352001,2000,100,0.055000
1609059897.360920668,10.944000,2010,101,0.055000
1609059897.385498524,10.374000,2001,101,0.024000
1609059897.386200666,12.327000,2011,102,0.055000
1609059897.411159277,31.862999,2010,100,0.024000
1609059897.435432196,32.549999,2001,100,0.055000
1609059897.460505009,10.060000,2000,101,0.024000
1609059897.461241484,11.701000,2010,102,0.055000
1609059897.486236334,31.872002,2011,100,0.056000
1609059897.535460711,32.272999,2000,100,0.024000
1609059897.536004782,10.955000,2010,101,0.055000
1609059897.560245037,10.308000,2001,101,0.055000
1609059897.561289072,12.351000,2011,102,0.055000
1609059897.586169004,31.785999,2010,100,0.055000
1609059897.610407114,32.473000,2001,100,0.055000
1609059897.635383844,10.116000,2000,101,0.024000
1609059897.636131287,11.759000,2010,102,0.055000
1609059897.661187410,31.801998,2011,100,0.056000
1609059897.710427523,32.167000,2000,100,0.055000
1609059897.710934162,10.972000,2010,101,0.055000
1609059897.735475779,10.371000,2001,101,0.055000
1609059897.736188173,12.407000,2011,102,0.055000
1609059897.761160851,31.720001,2010,100,0.055000
1609059897.785376787,32.395000,2001,100,0.024000
1609059897.810394287,10.136000,2000,101,0.055000
1609059897.811076164,11.777000,2010,102,0.024000
1609059897.836110115,47.818001,2011,100,0.268000
1609059897.885397911,32.137001,2000,100,0.055000
1609059897.885869980,11.016000,2010,101,0.055000
1609059897.910501242,10.373000,2001,101,0.055000
1609059897.911201239,12.419000,2011,102,0.055000
1609059897.935415745,12.545000,2000,102,0.268000
1609059897.936125994,31.647999,2010,100,0.055000
1609059897.960424900,32.330002,2001,100,0.055000
1609059897.985407114,10.153000,2000,101,0.055000
1609059897.986100435,11.817000,2010,102,0.055000
1609059898.011098623,31.891998,2011,100,0.268000
1609059898.060878515,11.035000,2010,101,0.055000
1609059898.085217953,10.305000,2001,101,0.055000
1609059898.085888863,12.372000,2011,102,0.055000
1609059898.110411644,12.068000,2000,102,0.268000
1609059898.111160040,31.589001,2010,100,0.055000
1609059898.135434389,32.273998,2001,100,0.055000
1609059898.160416842,10.136000,2000,101,0.055000
1609059898.161157131,11.842000,2010,102,0.055000
1609059898.186101198,47.932999,2011,100,0.056000
1609059898.235411882,31.998001,2000,100,0.055000
1609059898.235877275,11.083000,2010,101,0.055000
1609059898.260192156,10.394000,2001,101,0.024000
1609059898.260983229,12.387000,2011,102,0.055000
1609059898.284923553,12.139000,2000,102,0.129000
1609059898.286159277,31.544998,2010,100,0.055000
1609059898.310463190,64.122002,2001,100,0.056000
1609059898.335450649,10.199000,2000,101,0.055000
1609059898.336163998,11.825000,2010,102,0.024000
1609059898.410418987,32.004002,2000,100,0.055000
1609059898.410915613,11.110000,2010,101,0.055000
1609059898.435467482,10.422000,2001,101,0.055000
1609059898.436180115,12.407000,2011,102,0.055000
1609059898.461154461,31.514999,2010,100,0.055000
1609059898.485382080,32.167000,2001,100,0.056000
1609059898.511068106,11.809000,2010,102,0.055000
1609059898.536109209,48.155998,2011,100,0.055000
1609059898.585350990,31.983002,2000,100,0.055000
1609059898.585886717,11.068000,2010,101,0.055000
1609059898.610496998,10.490000,2001,101,0.055000
1609059898.611209393,12.405000,2011,102,0.055000
1609059898.636104345,31.507000,2010,100,0.055000
1609059898.660418749,48.089001,2001,100,0.056000
1609059898.685368538,10.219000,2000,101,0.055000
1609059898.685879230,11.765000,2010,102,0.055000
1609059898.711154222,31.323002,2011,100,10.536000
1609059898.760407448,31.986000,2000,100,0.055000
1609059898.761219025,11.135000,2010,101,0.055000
1609059898.785222530,10.455000,2001,101,0.055000
1609059898.786217928,12.335000,2011,102,0.055000
1609059898.810336113,12.247000,2000,102,0.268000
1609059898.811094999,31.513000,2010,100,0.024000
1609059898.835410595,32.212002,2001,100,0.024000
1609059898.861100197,11.668000,2010,102,0.055000
1609059898.886077404,47.662998,2011,100,0.268000
1609059898.935418606,32.012001,2000,100,0.055000
1609059898.935889721,11.184000,2010,101,0.055000
1609059898.960204124,10.501000,2001,101,0.055000
1609059898.961151600,12.172000,2011,102,0.055000
1609059898.986088991,31.543999,2010,100,0.024000
1609059899.010365725,32.230999,2001,100,0.055000
1609059899.036101580,11.539000,2010,102,0.055000
1609059899.060628414,47.771000,2011,100,0.268000
1609059899.110419512,32.002998,2000,100,0.055000
1609059899.135144472,10.591000,2001,101,0.055000
1609059899.135869980,12.098000,2011,102,0.055000
1609059899.160423756,12.001000,2000,102,0.268000
1609059899.161203861,31.576000,2010,100,0.055000
1609059899.210426807,10.371000,2000,101,0.055000
1609059899.211157084,11.470000,2010,102,0.055000
1609059899.236164331,47.768002,2011,100,0.055000
1609059899.285362482,32.066002,2000,100,0.055000
1609059899.286078215,11.287000,2010,101,0.055000
1609059899.310424566,10.691000,2001,101,0.055000
1609059899.311175823,11.936000,2011,102,0.055000
1609059899.335330248,12.185000,2000,102,0.268000
1609059899.336198092,31.611000,2010,100,0.055000
1609059899.360346556,47.901001,2001,100,0.055000
1609059899.361110926,11.111000,2011,101,0.055000
1609059899.385409594,10.428000,2000,101,0.055000
1609059899.386103153,11.343000,2010,102,0.055000
1609059899.411170721,31.487999,2011,100,0.268000
1609059899.460479259,32.089001,2000,100,0.055000
1609059899.461090803,11.332000,2010,101,0.055000
1609059899.485482216,10.771000,2001,101,0.024000
1609059899.486135960,11.838000,2011,102,0.055000
1609059899.510373831,12.058000,2000,102,0.268000
1609059899.511110544,31.639999,2010,100,0.055000
1609059899.535410881,32.331001,2001,100,0.055000
1609059899.560429096,10.416000,2000,101,0.055000
1609059899.561148643,11.211000,2010,102,0.055000
1609059899.585633278,31.506001,2011,100,0.268000
1609059899.635381460,32.106998,2000,100,0.055000
1609059899.636057138,11.396000,2010,101,0.055000
1609059899.660456896,10.811000,2001,101,0.055000
1609059899.661174059,11.729000,2011,102,0.055000
1609059899.686104059,31.664001,2010,100,0.055000
1609059899.710389376,32.354000,2001,100,0.055000
1609059899.735425234,10.513000,2000,101,0.055000
1609059899.736059189,11.091000,2010,102,0.055000
1609059899.810358286,32.120998,2000,100,0.024000
1609059899.811082602,11.509000,2010,101,0.055000
1609059899.835194349,10.885000,2001,101,0.055000
1609059899.836131573,11.537000,2011,102,0.055000
1609059899.860338211,11.599000,2000,102,0.268000
1609059899.861109734,31.683998,2010,100,0.055000
1609059899.885367632,32.375000,2001,100,0.055000
1609059899.910378218,10.618000,2000,101,0.055000
1609059899.911080837,10.971000,2010,102,0.055000
1609059899.935416222,11.439000,2001,102,0.055000
1609059899.936176062,31.476002,2011,100,0.056000
1609059899.985366583,32.139000,2000,100,0.055000
1609059899.986107588,11.543000,2010,101,0.055000
1609059900.010185957,10.887000,2001,101,0.055000
1609059900.011083364,11.491000,2011,102,0.055000
1609059900.036096096,31.680000,2010,100,0.055000
1609059900.060375452,32.400002,2001,100,0.055000
1609059900.085459232,10.695000,2000,101,0.055000
1609059900.086275816,10.837000,2010,102,0.055000
1609059900.160340071,32.153000,2000,100,0.055000
1609059900.185456753,11.071000,2001,101,0.055000
1609059900.186211109,11.336000,2011,102,0.055000
1609059900.211071491,31.728001,2010,100,0.055000
1609059900.235417843,32.414001,2001,100,0.055000
1609059900.260382414,10.713000,2000,101,0.055000
1609059900.261118650,10.762000,2010,102,0.024000
1609059900.335345507,32.165001,2000,100,0.055000
1609059900.335861206,11.715000,2010,101,0.055000
1609059900.360120773,11.060000,2001,101,0.055000
1609059900.362016916,11.276000,2011,102,0.024000
1609059900.386040449,31.743999,2010,100,0.055000
1609059900.410412550,32.393002,2001,100,0.055000
1609059900.435425520,10.769000,2000,101,0.055000
1609059900.436068773,10.667000,2010,102,0.055000
1609059900.510341883,32.176998,2000,100,0.055000
1609059900.511086702,11.746000,2010,101,0.055000
1609059900.535451651,11.179000,2001,101,0.055000
1609059900.536090136,11.176000,2011,102,0.055000
1609059900.561131239,31.752998,2010,100,0.055000
1609059900.585345268,32.433998,2001,100,0.055000
1609059900.610361814,10.875000,2000,101,0.055000
1609059900.611103296,10.576000,2010,102,0.055000
1609059900.635336876,11.060000,2001,102,0.055000
1609059900.636068821,31.646999,2011,100,0.056000
1609059900.685349464,32.169998,2000,100,0.055000
1609059900.686058283,11.893000,2010,101,0.055000
1609059900.710456371,11.215000,2001,101,0.055000
1609059900.711133718,11.073000,2011,102,0.055000
1609059900.736083984,31.757999,2010,100,0.055000
1609059900.760370016,32.432999,2001,100,0.055000
1609059900.785359859,10.941000,2000,101,0.024000
1609059900.786079645,10.484000,2010,102,0.024000
1609059900.811157227,31.625000,2011,100,0.056000
1609059900.860325813,32.155998,2000,100,0.055000
1609059900.861090899,11.926000,2010,101,0.024000
1609059900.885155916,11.321000,2001,101,0.055000
1609059900.885835171,10.961000,2011,102,0.055000
1609059900.911036491,31.748001,2010,100,0.055000
1609059900.935352564,32.423000,2001,100,0.055000
1609059900.960360765,11.000000,2000,101,0.024000
1609059900.961095333,10.405000,2010,102,0.024000
1609059900.986079454,62.731998,2011,100,0.056000
1609059901.035337925,32.146000,2000,100,0.055000
1609059901.036144733,12.021000,2010,101,0.055000
1609059901.060447454,11.388000,2001,101,0.055000
1609059901.060857534,10.848000,2011,102,0.055000
1609059901.086045980,31.722000,2010,100,0.055000
1609059901.110326290,32.403999,2001,100,0.055000
1609059901.135326624,11.063000,2000,101,0.055000
1609059901.136154413,10.294000,2010,102,0.024000
1609059901.210376740,32.116001,2000,100,0.055000
1609059901.210893869,12.044000,2010,101,0.055000
1609059901.235160589,11.416000,2001,101,0.055000
1609059901.235859871,10.818000,2011,102,0.024000
1609059901.261111736,31.695000,2010,100,0.055000
1609059901.285358667,32.366001,2001,100,0.055000
1609059901.311537027,11.123000,2000,101,0.024000
1609059901.311791658,10.197000,2010,102,0.055000
1609059901.336022139,47.089001,2011,100,0.056000
1609059901.385342121,32.070999,2000,100,0.055000
1609059901.386123657,12.188000,2010,101,0.055000
1609059901.410132885,11.477000,2001,101,0.055000
1609059901.410885811,10.685000,2011,102,0.055000
1609059901.436079502,31.633999,2010,100,0.055000
1609059901.460341454,32.306999,2001,100,0.055000
1609059901.485390425,11.147000,2000,101,0.055000
1609059901.486046314,10.206000,2010,102,0.055000
1609059901.560368299,32.009998,2000,100,0.055000
1609059901.585412979,11.620000,2001,101,0.055000
1609059901.586121082,10.731000,2011,102,0.055000
1609059901.611078501,31.567001,2010,100,0.055000
1609059901.635331631,32.242001,2001,100,0.055000
1609059901.660360813,11.256000,2000,101,0.055000
1609059901.661056280,10.083000,2010,102,0.055000
1609059901.735306740,31.919998,2000,100,0.055000
1609059901.736118555,12.494000,2010,101,0.024000
1609059901.760388136,11.656000,2001,101,0.024000
1609059901.761194706,10.669000,2011,102,0.055000
1609059901.786080599,31.476002,2010,100,0.024000
1609059901.810312748,32.144001,2001,100,0.055000
1609059901.835313797,11.339000,2000,101,0.024000
1609059901.836233616,10.086000,2010,102,0.055000
1609059901.910349607,31.820999,2000,100,0.055000
1609059901.911111832,12.608000,2010,101,0.055000
1609059901.935111761,11.703000,2001,101,0.055000
1609059901.936055660,10.616000,2011,102,0.055000
1609059901.961086512,31.363998,2010,100,0.055000
1609059901.985359907,32.030998,2001,100,0.055000
1609059902.010381937,11.419000,2000,101,0.024000
1609059902.011050463,10.020000,2010,102,0.024000
1609059902.036086798,46.861000,2011,100,0.056000
1609059902.085387707,31.709999,2000,100,0.055000
1609059902.086116552,12.464000,2010,101,0.055000
1609059902.110433102,11.902000,2001,101,0.055000
1609059902.111091852,10.573000,2011,102,0.024000
1609059902.136060953,31.251999,2010,100,0.055000
1609059902.160369158,31.903999,2001,100,0.055000
1609059902.185384989,11.521000,2000,101,0.024000
1609059902.186697006,9.962000,2010,102,0.024000
1609059902.211115599,31.028999,2011,100,0.056000
1609059902.260315180,31.577000,2000,100,0.055000
1609059902.261090755,12.551000,2010,101,0.055000
1609059902.285117149,11.889000,2001,101,0.055000
1609059902.286091089,10.520000,2011,102,0.055000
1609059902.311065197,31.097000,2010,100,0.055000
1609059902.335271358,31.756001,2001,100,0.055000
1609059902.360313892,11.587000,2000,101,0.055000
1609059902.361077785,9.857000,2010,102,0.055000
1609059902.386019945,46.695000,2011,100,0.055000
1609059902.435319662,31.432999,2000,100,0.024000
1609059902.460373163,12.114000,2001,101,0.024000
1609059902.461254358,10.436000,2011,102,0.055000
1609059902.486016512,30.937000,2010,100,0.055000
1609059902.510389805,31.605999,2001,100,0.055000
1609059902.535368204,11.730000,2000,101,0.024000
1609059902.536022902,9.813000,2010,102,0.055000
1609059902.561051607,30.908001,2011,100,0.268000
1609059902.610410213,31.283001,2000,100,0.055000
1609059902.611100674,12.753000,2010,101,0.055000
1609059902.635162592,12.125000,2001,101,0.055000
1609059902.636110783,10.408000,2011,102,0.024000
1609059902.661054373,30.775000,2010,100,0.055000
1609059902.685317993,31.439999,2001,100,0.055000
1609059902.710316420,11.848000,2000,101,0.024000
1609059902.711086750,9.781000,2010,102,0.055000
1609059902.736108065,30.783001,2011,100,0.268000
1609059902.785360336,31.062000,2000,100,0.055000
1609059902.786031246,12.874000,2010,101,0.055000
1609059902.810369968,12.240000,2001,101,0.055000
1609059902.811090946,10.343000,2011,102,0.055000
1609059902.836055279,30.608000,2010,100,0.055000
1609059902.860326767,31.278999,2001,100,0.055000
1609059902.885383129,11.975000,2000,101,0.055000
1609059902.886084795,9.694000,2010,102,0.055000
1609059902.911079407,30.528000,2011,100,0.268000
1609059902.960352182,30.950001,2000,100,0.055000
1609059902.960816383,12.996000,2010,101,0.055000
1609059902.985130787,12.382000,2001,101,0.055000
1609059902.986127138,10.275000,2011,102,0.055000
1609059903.010987043,30.458000,2010,100,0.055000
1609059903.035348654,31.084999,2001,100,0.056000
1609059903.060321569,12.093000,2000,101,0.055000
1609059903.061155558,9.605000,2010,102,0.055000
1609059903.086082697,30.375000,2011,100,0.268000
1609059903.135284185,30.801001,2000,100,10.536000
1609059903.160130501,12.471000,2001,101,0.055000
1609059903.161154032,10.213000,2011,102,0.055000
1609059903.186086893,30.304001,2010,100,0.055000
1609059903.210327625,30.893000,2001,100,0.056000
1609059903.235310555,12.223000,2000,101,0.055000
1609059903.236339331,9.532000,2010,102,0.024000
1609059903.261198759,30.110001,2011,100,0.268000
1609059903.310341597,30.444000,2000,100,10.536000
1609059903.310794115,13.304000,2010,101,0.024000
1609059903.335147858,12.650000,2001,101,0.024000
1609059903.336122274,10.150000,2011,102,0.055000
1609059903.361112833,30.132999,2010,100,0.055000
1609059903.384813309,61.261002,2001,100,10.536000
1609059903.410353184,12.352000,2000,101,0.024000
1609059903.411083698,9.413000,2010,102,0.024000
1609059903.436059713,30.065001,2011,100,0.056000
1609059903.485350132,30.566000,2000,100,0.056000
1609059903.486055851,13.470000,2010,101,0.055000
1609059903.510396242,12.911000,2001,101,0.055000
1609059903.511113405,10.106000,2011,102,0.055000
1609059903.536056280,29.986000,2010,100,0.024000
1609059903.560465097,61.512001,2001,100,0.056000
1609059903.585337877,12.467000,2000,101,0.055000
1609059903.586457014,9.365000,2010,102,0.055000
1609059903.611029863,29.872999,2011,100,0.055000
1609059903.660315752,30.440001,2000,100,0.056000
1609059903.685176134,12.910000,2001,101,0.055000
1609059903.686068058,9.978000,2011,102,0.055000
1609059903.711078167,29.834999,2010,100,0.055000
1609059903.735338688,61.491001,2001,100,0.055000
1609059903.760280371,12.544000,2000,101,0.055000
1609059903.761158466,9.302000,2010,102,0.055000
1609059903.785304070,9.580000,2001,102,0.055000
1609059903.786093712,45.838001,2011,100,0.056000
1609059903.835341692,30.378000,2000,100,0.056000
1609059903.860422373,13.134000,2001,101,0.055000
1609059903.860682726,9.600000,2011,102,0.268000
1609059903.886016846,29.702999,2010,100,0.055000
1609059903.910331726,61.442001,2001,100,0.056000
1609059903.935328722,12.644000,2000,101,0.055000
1609059903.938436747,9.240000,2010,102,0.055000
1609059903.960326195,9.520000,2001,102,0.055000
1609059903.961157322,45.799999,2011,100,0.056000
1609059904.010339022,30.157000,2000,100,0.056000
1609059904.035414696,13.198000,2001,101,0.055000
1609059904.036027431,9.949000,2011,102,0.055000
1609059904.084872723,45.124001,2001,100,0.268000
1609059904.110281706,12.750000,2000,101,0.055000
1609059904.111067295,9.194000,2010,102,0.055000
1609059904.135945797,29.462000,2011,100,0.056000
1609059904.185317516,30.084999,2000,100,0.056000
1609059904.186000586,13.835000,2010,101,0.024000
1609059904.210279942,13.246000,2001,101,0.055000
1609059904.211092710,9.907000,2011,102,0.055000
1609059904.236142397,45.207001,2010,100,0.055000
1609059904.260327101,61.370998,2001,100,0.056000
1609059904.285345554,12.850000,2000,101,0.024000
1609059904.286065817,9.148000,2010,102,0.055000
1609059904.311139107,45.653999,2011,100,0.055000
1609059904.385333300,13.328000,2001,101,0.024000
1609059904.386048317,9.830000,2011,102,0.055000
1609059904.411020517,45.273998,2010,100,0.055000
1609059904.435261965,45.631001,2001,100,0.056000
1609059904.460343361,12.955000,2000,101,0.055000
1609059904.461064816,9.111000,2010,102,0.055000
1609059904.485984802,29.379999,2011,100,0.055000
1609059904.535326242,29.820999,2000,100,0.056000
1609059904.535995722,13.989000,2010,101,0.055000
1609059904.560072184,13.416000,2001,101,0.055000
1609059904.561079502,9.828000,2011,102,0.055000
1609059904.586028576,45.227001,2010,100,0.055000
1609059904.610289574,45.639999,2001,100,0.056000
1609059904.635277033,13.051000,2000,101,0.055000
1609059904.635999680,9.071000,2010,102,0.055000
1609059904.661000729,29.129000,2011,100,0.056000
1609059904.735321522,13.529000,2001,101,0.055000
1609059904.735569000,9.045000,2011,102,0.268000
1609059904.762363434,45.147999,2010,100,0.055000
1609059904.785283804,61.235001,2001,100,0.056000
1609059904.810312510,13.129000,2000,101,0.055000
1609059904.811091423,9.039000,2010,102,0.055000
1609059904.836084366,45.465000,2011,100,0.056000
1609059904.910084486,13.585000,2001,101,0.055000
1609059904.910511255,9.312000,2011,102,0.268000
1609059904.936027527,45.080002,2010,100,0.055000
1609059904.960244179,45.499001,2001,100,0.056000
1609059904.985278845,13.214000,2000,101,0.055000
1609059904.986068964,8.984000,2010,102,0.055000
1609059905.010270834,9.259000,2001,102,0.055000
1609059905.011050463,28.927999,2011,100,0.056000
1609059905.059793949,29.282000,2000,100,10.536000
1609059905.060939550,14.208000,2010,101,0.055000
1609059905.085077286,13.651000,2001,101,0.055000
1609059905.085645199,9.261000,2011,102,0.268000
1609059905.135226488,45.514000,2001,100,0.055000
1609059905.160250187,13.301000,2000,101,0.024000
1609059905.161082983,8.958000,2010,102,0.055000
1609059905.235334158,29.488001,2000,100,0.056000
1609059905.235988140,14.350000,2010,101,0.055000
1609059905.260041952,13.732000,2001,101,0.055000
1609059905.260583639,9.244000,2011,102,0.268000
1609059905.310286760,61.192001,2001,100,0.055000
1609059905.335246563,13.368000,2000,101,0.055000
1609059905.336042404,8.906000,2010,102,0.024000
1609059905.360292912,9.140000,2001,102,0.024000
1609059905.410264969,29.441000,2000,100,0.056000
1609059905.410963535,14.417000,2010,101,0.055000
1609059905.435289383,13.760000,2001,101,0.055000
1609059905.435513020,9.141000,2011,102,0.268000
1609059905.461051226,28.782000,2010,100,0.055000
1609059905.485311508,61.174000,2001,100,0.055000
1609059905.510237932,13.430000,2000,101,0.055000
1609059905.511035919,8.911000,2010,102,0.055000
1609059905.535335541,9.102000,2001,102,0.055000
1609059905.585285902,29.374001,2000,100,0.055000
1609059905.586019993,14.441000,2010,101,0.055000
1609059905.610069990,13.812000,2001,101,0.024000
1609059905.611179113,9.661000,2011,102,0.055000
1609059905.635934353,28.750999,2010,100,0.055000
1609059905.660276413,61.091999,2001,100,0.055000
1609059905.685266256,13.491000,2000,101,0.024000
1609059905.686026335,8.792000,2010,102,0.024000
1609059905.711069584,28.649000,2011,100,0.056000
1609059905.760295391,29.337000,2000,100,0.055000
1609059905.785144091,13.905000,2001,101,0.055000
1609059905.785493851,9.074000,2011,102,0.268000
1609059905.835268021,61.105000,2001,100,0.055000
1609059905.860253811,13.537000,2000,101,0.055000
1609059905.860963583,8.833000,2010,102,0.055000
1609059905.886012077,28.379999,2011,100,0.056000
1609059905.935238361,29.239000,2000,100,0.055000
1609059905.960284233,13.963000,2001,101,0.055000
1609059905.960666656,9.028000,2011,102,0.268000
1609059906.010305166,61.074001,2001,100,0.055000
1609059906.035247087,13.569000,2000,101,0.055000
1609059906.036060572,8.795000,2010,102,0.055000
1609059906.060238361,9.010000,2001,102,0.055000
1609059906.060532331,28.525999,2011,100,10.536000
1609059906.110245228,29.195000,2000,100,0.055000
1609059906.135050058,13.980000,2001,101,0.055000
1609059906.135509491,9.022000,2011,102,0.268000
1609059906.161045551,28.535999,2010,100,0.055000
1609059906.185255527,61.004002,2001,100,0.055000
1609059906.210267305,13.610000,2000,101,0.055000
1609059906.211053371,8.721000,2010,102,0.055000
1609059906.235343218,8.975000,2001,102,0.055000
1609059906.285298347,29.115999,2000,100,0.055000
1609059906.286605120,14.686000,2010,101,0.055000
1609059906.310306072,14.030000,2001,101,0.055000
1609059906.310636282,8.974000,2011,102,0.268000
1609059906.359835148,60.512001,2001,100,0.268000
1609059906.385285139,13.703000,2000,101,0.055000
1609059906.385998011,8.715000,2010,102,0.055000
1609059906.412969351,28.403999,2011,100,0.056000
1609059906.413402796,8.934000,2001,102,0.024000
1609059906.460340500,29.040001,2000,100,0.056000
1609059906.460965157,14.705000,2010,101,0.055000
1609059906.485035419,14.078000,2001,101,0.024000
1609059906.485491276,8.960000,2011,102,0.268000
1609059906.511052370,28.452000,2010,100,0.055000
1609059906.535261154,60.976002,2001,100,0.055000
1609059906.560282230,13.743000,2000,101,0.055000
1609059906.561075926,8.707000,2010,102,0.024000
1609059906.585230112,8.849000,2001,102,0.055000
1609059906.586000204,28.374001,2011,100,0.268000
1609059906.635357618,28.951000,2000,100,0.056000
1609059906.660054207,14.105000,2001,101,0.024000
1609059906.660482168,8.913000,2011,102,0.268000
1609059906.685956478,28.465000,2010,100,0.055000
1609059906.710239887,60.972000,2001,100,0.055000
1609059906.735268593,13.795000,2000,101,0.055000
1609059906.735997677,8.640000,2010,102,0.055000
1609059906.760212660,8.852000,2001,102,0.024000
1609059906.835008860,14.163000,2001,101,0.024000
1609059906.835473299,8.880000,2011,102,0.268000
1609059906.860970736,28.410999,2010,100,0.055000
1609059906.885253906,60.976002,2001,100,0.055000
1609059906.910235405,13.828000,2000,101,0.055000
1609059906.910940409,8.606000,2010,102,0.055000
1609059906.935202360,8.782000,2001,102,0.055000
1609059906.936002016,28.294001,2011,100,0.056000
1609059907.010042429,14.237000,2001,101,0.055000
1609059907.010501862,8.842000,2011,102,0.268000
1609059907.035915136,28.379999,2010,100,0.055000
1609059907.060246944,60.912998,2001,100,0.055000
1609059907.085223675,13.860000,2000,101,0.055000
1609059907.085985899,8.614000,2010,102,0.055000
1609059907.110199928,8.751000,2001,102,0.055000
1609059907.110934734,28.363001,2011,100,0.055000
1609059907.160171986,29.136999,2000,100,0.055000
1609059907.185266495,14.275000,2001,101,0.024000
1609059907.185491085,8.857000,2011,102,0.268000
1609059907.210962534,28.346001,2010,100,0.055000
1609059907.235241652,29.024000,2001,100,0.056000
1609059907.260217428,13.910000,2000,101,0.024000
1609059907.261064053,8.551000,2010,102,0.024000
1609059907.285221815,8.716000,2001,102,0.055000
1609059907.286016941,28.236000,2011,100,0.056000
1609059907.360191822,14.317000,2001,101,0.055000
1609059907.360477686,8.795000,2011,102,0.268000
1609059907.385963678,28.308001,2010,100,0.055000
1609059907.410203934,44.911999,2001,100,0.056000
1609059907.435214996,13.959000,2000,101,0.024000
1609059907.436030388,8.538000,2010,102,0.055000
1609059907.510217190,28.927999,2000,100,0.055000
1609059907.534994364,14.354000,2001,101,0.055000
1609059907.535430193,8.786000,2011,102,0.268000
1609059907.560992718,28.273001,2010,100,0.055000
1609059907.585211515,44.952999,2001,100,0.056000
1609059907.610233307,13.995000,2000,101,0.055000
1609059907.611114502,8.488000,2010,102,0.055000
1609059907.635210514,8.671000,2001,102,0.055000
1609059907.685275078,28.862000,2000,100,0.055000
1609059907.685883522,15.048000,2010,101,0.055000
1609059907.710059881,14.393000,2001,101,0.055000
1609059907.711071730,9.475000,2011,102,0.055000
1609059907.760241985,47.644001,2001,100,0.056000
1609059907.785219431,14.000000,2000,101,0.055000
1609059907.785954714,8.510000,2010,102,0.055000
1609059907.810175896,8.681000,2001,102,0.055000
1609059907.810915470,28.205000,2011,100,0.268000
1609059907.860212564,28.816000,2000,100,0.055000
1609059907.860897779,15.083000,2010,101,0.055000
1609059907.885201454,14.431000,2001,101,0.055000
1609059907.885462999,8.740000,2011,102,0.268000
1609059907.910900593,28.156000,2010,100,0.055000
1609059907.935245991,28.849001,2001,100,0.055000
1609059907.960226059,13.986000,2000,101,0.055000
1609059907.961008310,8.581000,2010,102,0.055000
1609059907.985040188,8.642000,2001,102,0.024000
1609059907.986038208,28.132999,2011,100,0.056000
1609059908.035202503,28.775000,2000,100,0.055000
1609059908.035883427,15.054000,2010,101,0.055000
1609059908.060436726,8.755000,2011,102,0.268000
1609059908.110231876,28.826000,2001,100,0.055000
1609059908.135173321,14.033000,2000,101,0.055000
1609059908.135897636,8.505000,2010,102,0.024000
1609059908.160172224,8.670000,2001,102,0.055000
1609059908.160940647,28.079000,2011,100,0.055000
1609059908.210181236,28.695000,2000,100,0.056000
1609059908.235264301,14.657000,2001,101,0.055000
1609059908.235506296,8.766000,2011,102,0.268000
1609059908.260983944,28.089001,2010,100,0.055000
1609059908.285214424,28.771000,2001,100,0.024000
1609059908.310199738,14.142000,2000,101,0.055000
1609059908.310962677,8.510000,2010,102,0.055000
1609059908.335232258,8.668000,2001,102,0.055000
1609059908.338227034,28.038000,2011,100,0.055000
1609059908.385259867,28.648001,2000,100,0.056000
1609059908.410266399,14.695000,2001,101,0.055000
1609059908.410514355,8.727000,2011,102,0.268000
1609059908.435930490,28.049000,2010,100,0.055000
1609059908.460199118,28.731001,2001,100,0.055000
1609059908.485220671,14.132000,2000,101,0.055000
1609059908.485980272,8.661000,2010,102,0.055000
1609059908.510051250,8.667000,2001,102,0.055000
1609059908.560198784,28.715000,2000,100,0.055000
1609059908.560960770,15.199000,2010,101,0.055000
1609059908.585208654,14.538000,2001,101,0.024000
1609059908.610990763,27.999001,2010,100,0.055000
1609059908.635205746,28.695999,2001,100,0.055000
1609059908.660207987,14.114000,2000,101,0.055000
1609059908.660979033,8.526000,2010,102,0.024000
1609059908.685186148,8.677000,2001,102,0.024000
1609059908.735184908,28.771000,2000,100,0.055000
1609059908.760202408,14.601000,2001,101,0.055000
1609059908.760493755,8.883000,2011,102,0.268000
1609059908.810288906,60.842999,2001,100,0.024000
1609059908.835209131,14.231000,2000,101,0.055000
1609059908.835984230,8.618000,2010,102,0.055000
1609059908.860249758,8.868000,2001,102,0.055000
1609059908.861033916,28.066000,2011,100,0.056000
1609059908.910195589,28.639999,2000,100,0.024000
1609059908.935476542,8.793000,2011,102,0.268000
1609059908.985195875,93.066002,2001,100,0.055000
1609059909.010182619,14.211000,2000,101,0.055000
1609059909.010962963,8.707000,2010,102,0.055000
1609059909.035155535,8.664000,2001,102,0.055000
1609059909.085196018,28.524000,2000,100,0.055000
1609059909.110261917,14.675000,2001,101,0.024000
1609059909.110555887,8.864000,2011,102,0.268000
1609059909.160146952,28.597000,2001,100,0.024000
1609059909.185179949,14.236000,2000,101,0.055000
1609059909.185912609,8.518000,2010,102,0.055000
1609059909.260164976,28.511999,2000,100,0.055000
1609059909.260965586,15.244000,2010,101,0.055000
1609059909.285168886,14.662000,2001,101,0.024000
1609059909.285966396,9.422000,2011,102,0.055000
1609059909.310908079,27.841999,2010,100,0.056000
1609059909.335201025,28.597000,2001,100,0.055000
1609059909.360158443,14.261000,2000,101,0.055000
1609059909.361040115,8.564000,2010,102,0.055000
1609059909.385220528,8.888000,2001,102,0.055000
1609059909.435189962,28.490000,2000,100,0.055000
1609059909.435928583,15.261999,2010,101,0.055000
1609059909.460014343,14.685000,2001,101,0.055000
1609059909.461014748,8.893000,2011,102,0.268000
1609059909.485900164,27.768999,2010,100,0.268000
1609059909.510188818,28.532000,2001,100,0.055000
1609059909.535169363,14.274000,2000,101,0.055000
1609059909.535998583,8.704000,2010,102,0.024000
1609059909.560232639,8.874000,2001,102,0.055000
1609059909.560946703,27.721001,2011,100,0.056000
1609059909.610166788,28.429001,2000,100,0.055000
1609059909.635200262,14.690000,2001,101,0.024000
1609059909.660901546,27.743999,2010,100,0.056000
1609059909.685201168,28.497999,2001,100,0.055000
1609059909.685916424,14.937000,2011,101,0.055000
1609059909.710155010,14.256000,2000,101,0.024000
1609059909.711295128,8.853000,2010,102,0.055000
1609059909.735214472,8.757000,2001,102,0.024000
1609059909.735916376,27.753000,2011,100,0.055000
1609059909.785149336,28.431999,2000,100,0.055000
1609059909.810181379,14.706000,2001,101,0.055000
1609059909.810933590,9.438000,2011,102,0.024000
1609059909.835135698,9.754000,2000,102,0.024000
1609059909.835841179,27.753000,2010,100,0.055000
1609059909.860143185,28.471001,2001,100,0.055000
1609059909.885131598,14.241000,2000,101,0.055000
1609059909.885918140,8.623000,2010,102,0.055000
1609059909.910172462,8.750000,2001,102,0.024000
1609059909.910877466,27.726999,2011,100,0.055000
1609059909.960165501,28.412001,2000,100,0.055000
1609059909.985212326,14.687000,2001,101,0.055000
1609059909.985970736,9.509000,2011,102,0.055000
1609059910.010968685,27.693001,2010,100,0.056000
1609059910.035155535,28.441999,2001,100,0.024000
1609059910.060158968,14.266000,2000,101,0.024000
1609059910.060958147,8.640000,2010,102,0.055000
1609059910.085130453,8.782000,2001,102,0.024000
1609059910.085940838,27.711000,2011,100,0.055000
1609059910.135154724,28.403999,2000,100,0.055000
1609059910.160189629,14.713000,2001,101,0.055000
1609059910.160999298,9.590000,2011,102,0.055000
1609059910.185144186,9.798000,2000,102,0.055000
1609059910.185854673,27.712999,2010,100,0.055000
1609059910.210136890,28.440001,2001,100,0.024000
1609059910.235935688,8.676000,2010,102,0.055000
1609059910.260935068,27.714001,2011,100,0.055000
1609059910.310144424,28.403999,2000,100,0.055000
1609059910.335193157,14.666000,2001,101,0.055000
1609059910.335977554,9.541000,2011,102,0.055000
1609059910.360979319,27.770000,2010,100,0.024000
1609059910.385167360,28.459999,2001,100,0.024000
1609059910.410161972,14.259000,2000,101,0.055000
1609059910.410996437,8.635000,2010,102,0.055000
1609059910.435899258,27.719000,2011,100,0.055000
1609059910.485165358,28.413000,2000,100,0.055000
1609059910.510176659,14.667000,2001,101,0.024000
1609059910.510912895,9.582000,2011,102,0.024000
1609059910.535906315,27.773001,2010,100,0.055000
1609059910.560117483,28.466999,2001,100,0.055000
1609059910.585173130,14.293000,2000,101,0.055000
1609059910.585900784,8.638000,2010,102,0.055000
1609059910.610893488,27.714001,2011,100,0.055000
1609059910.660161257,28.374001,2000,100,0.055000
1609059910.660856962,15.183000,2010,101,0.055000
1609059910.685141087,14.674000,2001,101,0.055000
1609059910.685918331,9.544000,2011,102,0.055000
1609059910.710171700,9.769000,2000,102,0.024000
1609059910.710944176,27.763000,2010,100,0.055000
1609059910.735184669,28.455999,2001,100,0.055000
1609059910.760171175,14.138000,2000,101,0.055000
1609059910.785848856,27.709999,2011,100,0.055000
1609059910.835179329,28.400000,2000,100,0.055000
1609059910.835873127,15.266001,2010,101,0.055000
1609059910.860135317,14.714000,2001,101,0.055000
1609059910.861036301,9.544000,2011,102,0.055000
1609059910.885137320,9.760000,2000,102,0.055000
1609059910.885884047,27.723000,2010,100,0.024000
1609059910.910119295,28.452000,2001,100,0.055000
1609059910.935171843,14.269000,2000,101,0.024000
1609059910.936061859,8.650000,2010,102,0.055000
1609059910.960135460,8.789000,2001,102,0.024000
1609059910.960886717,27.716999,2011,100,0.055000
1609059911.010117769,28.405001,2000,100,0.055000
1609059911.035150290,14.713000,2001,101,0.055000
1609059911.035995722,9.581000,2011,102,0.024000
1609059911.060148954,9.772000,2000,102,0.024000
1609059911.060940504,27.764999,2010,100,0.055000
1609059911.085137129,28.452999,2001,100,0.055000
1609059911.110146761,14.262000,2000,101,0.055000
1609059911.110933304,8.640000,2010,102,0.024000
1609059911.135902405,27.721001,2011,100,0.055000
1609059911.210158110,14.715000,2001,101,0.055000
1609059911.210899115,9.586000,2011,102,0.055000
1609059911.235097885,9.808000,2000,102,0.055000
1609059911.235850811,27.773001,2010,100,0.055000
1609059911.260142803,28.457001,2001,100,0.024000
1609059911.285132408,14.256000,2000,101,0.055000
1609059911.285904169,8.651000,2010,102,0.055000
1609059911.310131311,8.789000,2001,102,0.024000
1609059911.310835123,27.714001,2011,100,0.055000
1609059911.360131025,28.403999,2000,100,0.055000
1609059911.360931873,15.417000,2010,101,0.055000
1609059911.385144711,14.671000,2001,101,0.024000
1609059911.385890484,9.547000,2011,102,0.055000
1609059911.410132408,9.806000,2000,102,0.024000
1609059911.410934687,27.761999,2010,100,0.055000
1609059911.435181379,28.455999,2001,100,0.055000
1609059911.460176468,14.255000,2000,101,0.055000
1609059911.460996389,8.639000,2010,102,0.055000
1609059911.485915661,27.719000,2011,100,0.055000
1609059911.535126209,28.375000,2000,100,0.055000
1609059911.535419464,15.164000,2010,101,0.268000
1609059911.560163975,14.670000,2001,101,0.055000
1609059911.561023235,9.582000,2011,102,0.024000
1609059911.585152388,9.772000,2000,102,0.024000
1609059911.585889816,27.733999,2010,100,0.055000
1609059911.610176563,28.457001,2001,100,0.055000
1609059911.635138988,14.268000,2000,101,0.055000
1609059911.636109591,8.609000,2010,102,0.055000
1609059911.660868645,27.715000,2011,100,0.055000
1609059911.710120201,28.379000,2000,100,0.055000
1609059911.710881233,15.225000,2010,101,0.055000
1609059911.735139608,14.710000,2001,101,0.055000
1609059911.735901594,9.579000,2011,102,0.024000
1609059911.760123968,9.774000,2000,102,0.055000
1609059911.760942936,27.725000,2010,100,0.055000
1609059911.785112858,28.452999,2001,100,0.024000
1609059911.810186625,14.271000,2000,101,0.055000
1609059911.810877323,8.635000,2010,102,0.055000
1609059911.835827351,27.715000,2011,100,0.055000
1609059911.885143042,28.339001,2000,100,0.055000
1609059911.910110950,14.678000,2001,101,0.055000
1609059911.910917044,9.579000,2011,102,0.024000
1609059911.935108423,9.768000,2000,102,0.055000
1609059911.935864449,27.761999,2010,100,0.024000
1609059911.960107088,28.450001,2001,100,0.055000
1609059911.985137463,14.298000,2000,101,0.055000
1609059911.985916138,8.633000,2010,102,0.055000
1609059912.010916948,27.705999,2011,100,0.055000
1609059912.060148239,28.407000,2000,100,0.055000
1609059912.061023235,15.193000,2010,101,0.055000
1609059912.085152149,14.671000,2001,101,0.024000
1609059912.086027145,9.576000,2011,102,0.055000
1609059912.110846996,27.636999,2010,100,0.024000
1609059912.135079861,28.416000,2001,100,0.055000
1609059912.160136223,14.287000,2000,101,0.055000
1609059912.160952091,8.634000,2010,102,0.055000
1609059912.185839891,27.688999,2011,100,0.024000
1609059912.235130072,28.407000,2000,100,0.055000
1609059912.260130644,14.710000,2001,101,0.024000
1609059912.261043787,9.541000,2011,102,0.055000
1609059912.285811186,27.761999,2010,100,0.055000
1609059912.310082674,28.452999,2001,100,0.055000
1609059912.360154152,8.784000,2001,102,0.024000
1609059912.360946894,27.712999,2011,100,0.055000
1609059912.410124779,28.405001,2000,100,0.024000
1609059912.435184956,14.665000,2001,101,0.055000
1609059912.435950994,9.496000,2011,102,0.024000
1609059912.460119247,9.776000,2000,102,0.055000
1609059912.460896969,27.763000,2010,100,0.055000
1609059912.485119820,28.452999,2001,100,0.055000
1609059912.510078430,14.270000,2000,101,0.055000
1609059912.510882616,8.633000,2010,102,0.055000
1609059912.585134745,28.405001,2000,100,0.055000
1609059912.610098839,14.678000,2001,101,0.024000
1609059912.635824203,27.761000,2010,100,0.055000
1609059912.660129547,28.448999,2001,100,0.055000
1609059912.685111046,14.264000,2000,101,0.024000
1609059912.685878277,8.637000,2010,102,0.055000
1609059912.710837126,27.711000,2011,100,0.055000
1609059912.760072708,28.400000,2000,100,0.055000
1609059912.785109758,14.705000,2001,101,0.055000
1609059912.785878420,9.538000,2011,102,0.055000
1609059912.810111523,9.811000,2000,102,0.055000
1609059912.810828924,27.757000,2010,100,0.055000
1609059912.835082293,28.457001,2001,100,0.055000
1609059912.860110998,14.264000,2000,101,0.055000
1609059912.860884428,8.631000,2010,102,0.055000
1609059912.885107756,8.779000,2001,102,0.024000
1609059912.885801315,27.712999,2011,100,0.055000
1609059912.935066700,28.410000,2000,100,0.055000
1609059912.935810566,15.181000,2010,101,0.055000
1609059912.960113764,14.674000,2001,101,0.055000
1609059912.960922241,9.578000,2011,102,0.055000
1609059912.985811472,27.761000,2010,100,0.055000
1609059913.010079145,28.457001,2001,100,0.055000
1609059913.035140991,14.270000,2000,101,0.055000
1609059913.060833693,27.669001,2011,100,0.055000
1609059913.110087395,28.363001,2000,100,0.055000
1609059913.135118008,14.673000,2001,101,0.055000
1609059913.135833025,9.581000,2011,102,0.024000
1609059913.160117626,9.808000,2000,102,0.055000
1609059913.160880089,27.767000,2010,100,0.055000
1609059913.185082674,28.455000,2001,100,0.055000
1609059913.210119963,14.265000,2000,101,0.055000
1609059913.210848570,8.639000,2010,102,0.055000
1609059913.235848188,27.646999,2011,100,0.055000
1609059913.285093546,28.371000,2000,100,0.055000
1609059913.286064386,15.254999,2010,101,0.055000
1609059913.310079575,14.701000,2001,101,0.055000
1609059913.310867071,9.582000,2011,102,0.024000
1609059913.335819006,27.761000,2010,100,0.055000
1609059913.360062361,28.452000,2001,100,0.024000
1609059913.385091305,14.259000,2000,101,0.055000
1609059913.385869265,8.628000,2010,102,0.024000
1609059913.410835028,27.702999,2011,100,0.024000
1609059913.460126400,28.365999,2000,100,0.055000
1609059913.460827112,15.219000,2010,101,0.055000
1609059913.485127211,14.675000,2001,101,0.024000
1609059913.485866308,9.578000,2011,102,0.024000
1609059913.510057211,9.809000,2000,102,0.055000
1609059913.510812283,27.759001,2010,100,0.024000
1609059913.535108566,28.450001,2001,100,0.024000
1609059913.535837650,14.955000,2011,101,0.055000
1609059913.560095072,14.258000,2000,101,0.024000
1609059913.585834026,27.712000,2011,100,0.055000
1609059913.635092497,28.393000,2000,100,0.024000
1609059913.660133839,14.679000,2001,101,0.024000
1609059913.660948277,9.574000,2011,102,0.024000
1609059913.685806036,27.759001,2010,100,0.055000
1609059913.710149527,28.455000,2001,100,0.055000
1609059913.735160828,14.296000,2000,101,0.055000
1609059913.735901356,8.637000,2010,102,0.055000
1609059913.760075092,8.788000,2001,102,0.024000
1609059913.760874748,27.709000,2011,100,0.055000
1609059913.810097218,28.333000,2000,100,0.055000
1609059913.810845137,15.187000,2010,101,0.055000
1609059913.835087538,14.675000,2001,101,0.055000
1609059913.838265896,9.503000,2011,102,0.055000
1609059913.860046148,9.804000,2000,102,0.055000
1609059913.860819578,27.761999,2010,100,0.055000
1609059913.885131836,28.452000,2001,100,0.055000
1609059913.912164927,8.634000,2010,102,0.055000
1609059913.912449598,14.255000,2000,101,0.024000
1609059913.935885429,27.709999,2011,100,0.055000
1609059913.985051870,28.360001,2000,100,0.055000
1609059913.985802889,15.185000,2010,101,0.055000
1609059914.010097504,14.712000,2001,101,0.055000
1609059914.010899067,9.576000,2011,102,0.024000
1609059914.035055161,9.810000,2000,102,0.055000
1609059914.035810709,27.730000,2010,100,0.024000
1609059914.060307980,28.419001,2001,100,0.055000
1609059914.085117579,14.259000,2000,101,0.055000
1609059914.110067368,8.786000,2001,102,0.024000
1609059914.110854149,27.711000,2011,100,0.055000
1609059914.160057306,28.355000,2000,100,0.055000
1609059914.160849333,15.186000,2010,101,0.055000
1609059914.185079336,14.679000,2001,101,0.024000
1609059914.185883045,9.579000,2011,102,0.024000
1609059914.210101843,9.771000,2000,102,0.055000
1609059914.210839510,27.761999,2010,100,0.055000
1609059914.235126495,28.452000,2001,100,0.055000
1609059914.260098696,14.296000,2000,101,0.055000
1609059914.260928869,8.632000,2010,102,0.055000
1609059914.285068750,8.789000,2001,102,0.024000
1609059914.285858393,27.712000,2011,100,0.055000
1609059914.335037470,28.367001,2000,100,0.055000
1609059914.335805178,15.233000,2010,101,0.055000
1609059914.360326767,14.666000,2001,101,0.055000
1609059914.360889435,9.585000,2011,102,0.055000
1609059914.385017633,9.803000,2000,102,0.055000
1609059914.385891676,27.764999,2010,100,0.055000
1609059914.410065889,28.459000,2001,100,0.055000
1609059914.435104609,14.259000,2000,101,0.024000
1609059914.460069418,8.782000,2001,102,0.024000
1609059914.460846186,27.711000,2011,100,0.055000
1609059914.510064125,28.405001,2000,100,0.055000
1609059914.510817051,15.148000,2010,101,0.056000
1609059914.535135031,14.671000,2001,101,0.055000
1609059914.535885334,9.498000,2011,102,0.024000
1609059914.560071945,9.768000,2000,102,0.024000
1609059914.560846329,27.728001,2010,100,0.024000
1609059914.585124493,28.452999,2001,100,0.055000
1609059914.610094786,14.261000,2000,101,0.055000
1609059914.610897303,8.667000,2010,102,0.055000
1609059914.635817528,27.716000,2011,100,0.055000
1609059914.685139894,28.403000,2000,100,0.055000
1609059914.686682940,15.143000,2010,101,0.055000
1609059914.710176229,14.669000,2001,101,0.055000
1609059914.710893869,9.541000,2011,102,0.055000
1609059914.735843420,27.766001,2010,100,0.055000
1609059914.760117531,28.452999,2001,100,0.024000
1609059914.785130501,14.259000,2000,101,0.055000
1609059914.785884142,8.637000,2010,102,0.055000
1609059914.810823679,27.719999,2011,100,0.055000
1609059914.860119343,28.407000,2000,100,0.055000
1609059914.885129452,14.674000,2001,101,0.024000
1609059914.885860205,9.581000,2011,102,0.055000
1609059914.910043955,9.764000,2000,102,0.024000
1609059914.910813093,27.749001,2010,100,0.055000
1609059914.935123444,28.452000,2001,100,0.055000
1609059914.960116863,14.267000,2000,101,0.055000
1609059914.985786438,27.716999,2011,100,0.055000
1609059915.035042048,28.289000,2000,100,0.055000
1609059915.035794497,15.184000,2010,101,0.055000
1609059915.060088396,14.677000,2001,101,0.055000
1609059915.060871840,9.544000,2011,102,0.055000
1609059915.085050344,9.803000,2000,102,0.055000
1609059915.085798025,27.757000,2010,100,0.055000
1609059915.110097408,28.452000,2001,100,0.024000
1609059915.135065079,14.260000,2000,101,0.055000
1609059915.135838509,8.632000,2010,102,0.055000
1609059915.160082817,8.792000,2001,102,0.024000
1609059915.160962105,27.709999,2011,100,0.055000
1609059915.210102081,28.402000,2000,100,0.055000
1609059915.210817099,15.235000,2010,101,0.055000
1609059915.235063314,14.703000,2001,101,0.055000
1609059915.235839605,9.537000,2011,102,0.055000
1609059915.260843754,27.763000,2010,100,0.055000
1609059915.285057545,28.452000,2001,100,0.055000
1609059915.310120344,14.283000,2000,101,0.055000
1609059915.310811758,8.634000,2010,102,0.055000
1609059915.335800886,27.709000,2011,100,0.055000
1609059915.385070086,28.403999,2000,100,0.024000
1609059915.385786772,15.188000,2010,101,0.055000
1609059915.410053492,14.678000,2001,101,0.024000
1609059915.410839558,9.579000,2011,102,0.055000
1609059915.435071945,9.807000,2000,102,0.055000
1609059915.435813665,27.722000,2010,100,0.024000
1609059915.460051298,28.451000,2001,100,0.055000
1609059915.485067129,14.255000,2000,101,0.055000
1609059915.485951662,8.635000,2010,102,0.055000
1609059915.510038137,8.790000,2001,102,0.024000
1609059915.510794640,27.712000,2011,100,0.055000
1609059915.560047626,28.402000,2000,100,0.055000
1609059915.585091829,14.673000,2001,101,0.055000
1609059915.585828543,9.580000,2011,102,0.055000
1609059915.610771656,27.754999,2010,100,0.055000
1609059915.635043383,28.455999,2001,100,0.024000
1609059915.660088778,14.267000,2000,101,0.024000
1609059915.685026884,8.792000,2001,102,0.024000
1609059915.685759783,27.712999,2011,100,0.055000
1609059915.735045671,28.365000,2000,100,0.055000
1609059915.760066271,14.671000,2001,101,0.055000
1609059915.760927916,9.580000,2011,102,0.055000
1609059915.785030127,9.775000,2000,102,0.024000
1609059915.785760403,27.726000,2010,100,0.055000
1609059915.810104132,28.452000,2001,100,0.024000
1609059915.835086584,14.257000,2000,101,0.055000
1609059915.860800266,27.709000,2011,100,0.055000
1609059915.910080910,28.407000,2000,100,0.024000
1609059915.910755396,15.222000,2010,101,0.055000
1609059915.935052156,14.665000,2001,101,0.055000
1609059915.935824633,9.511000,2011,102,0.024000
1609059915.960118055,9.767000,2000,102,0.055000
1609059915.960767508,27.761000,2010,100,0.024000
1609059915.985114098,28.420000,2001,100,0.055000
1609059916.010063887,14.254000,2000,101,0.055000
1609059916.035032511,8.787000,2001,102,0.024000
1609059916.035787344,27.715000,2011,100,0.055000
1609059916.085014105,28.405001,2000,100,0.024000
1609059916.110074043,14.667000,2001,101,0.055000
1609059916.110830307,9.577000,2011,102,0.055000
1609059916.135064840,9.758000,2000,102,0.024000
1609059916.135746241,27.763000,2010,100,0.055000
1609059916.160103559,28.450001,2001,100,0.024000
1609059916.185076475,14.259000,2000,101,0.055000
1609059916.185815811,8.637000,2010,102,0.055000
1609059916.210798979,27.712000,2011,100,0.055000
1609059916.260028362,28.407000,2000,100,0.024000
1609059916.260829926,15.225000,2010,101,0.055000
1609059916.285077572,14.670000,2001,101,0.055000
1609059916.285873413,9.579000,2011,102,0.055000
1609059916.310060263,9.767000,2000,102,0.055000
1609059916.310733795,27.761000,2010,100,0.055000
1609059916.335074663,28.451000,2001,100,0.055000
1609059916.360107899,14.258000,2000,101,0.055000
1609059916.385790586,27.716000,2011,100,0.055000
1609059916.435078621,28.400000,2000,100,0.055000
1609059916.435767412,15.225000,2010,101,0.055000
1609059916.460133791,14.708000,2001,101,0.055000
1609059916.460848331,9.579000,2011,102,0.055000
1609059916.485057831,9.768000,2000,102,0.055000
1609059916.485877991,27.761999,2010,100,0.055000
1609059916.510099411,28.452000,2001,100,0.055000
1609059916.535126686,14.256000,2000,101,0.055000
1609059916.535787344,8.626000,2010,102,0.055000
1609059916.560039282,8.773000,2001,102,0.024000
1609059916.560786486,27.715000,2011,100,0.055000
1609059916.610060215,28.403999,2000,100,0.055000
1609059916.610780239,15.144000,2010,101,0.056000
1609059916.635059834,14.678000,2001,101,0.024000
1609059916.635843992,9.504000,2011,102,0.055000
1609059916.660045147,9.761000,2000,102,0.024000
1609059916.660791636,27.764999,2010,100,0.024000
1609059916.685097933,28.455000,2001,100,0.055000
1609059916.710129738,14.269000,2000,101,0.055000
1609059916.710778713,8.633000,2010,102,0.055000
1609059916.735815287,27.709000,2011,100,0.055000
1609059916.785043716,28.367001,2000,100,0.055000
1609059916.785738468,15.184000,2010,101,0.055000
1609059916.810086727,14.667000,2001,101,0.024000
1609059916.810853720,9.578000,2011,102,0.055000
1609059916.835054398,9.803000,2000,102,0.055000
1609059916.835809469,27.712999,2010,100,0.055000
1609059916.860042334,28.417999,2001,100,0.055000
1609059916.885069847,14.246000,2000,101,0.024000
1609059916.885788441,8.636000,2010,102,0.055000
1609059916.910051823,8.789000,2001,102,0.055000
1609059916.910782814,27.743000,2011,100,0.055000
1609059916.960029602,28.372999,2000,100,0.055000
1609059916.960786343,15.231000,2010,101,0.055000
1609059916.985167980,14.673000,2001,101,0.055000
1609059916.985812187,9.578000,2011,102,0.055000
1609059917.010037899,9.803000,2000,102,0.055000
1609059917.010835648,27.753000,2010,100,0.055000
1609059917.035087109,28.451000,2001,100,0.055000
1609059917.060155869,14.264000,2000,101,0.055000
1609059917.060846090,8.670000,2010,102,0.055000
1609059917.085773706,27.750000,2011,100,0.055000
1609059917.135031462,28.363001,2000,100,0.055000
1609059917.135752201,15.145000,2010,101,0.055000
1609059917.160069227,14.677000,2001,101,0.024000
1609059917.160819530,9.541000,2011,102,0.055000
1609059917.185049295,9.770000,2000,102,0.024000
1609059917.185765266,27.760000,2010,100,0.055000
1609059917.210028172,28.455999,2001,100,0.055000
1609059917.235087872,14.220000,2000,101,0.024000
1609059917.235833645,8.635000,2010,102,0.055000
1609059917.260059595,8.774000,2001,102,0.024000
1609059917.260864258,27.719000,2011,100,0.055000
1609059917.310035944,28.368000,2000,100,0.024000
1609059917.335094929,14.705000,2001,101,0.055000
1609059917.335812569,9.544000,2011,102,0.055000
1609059917.360067606,9.773000,2000,102,0.055000
1609059917.360798120,27.760000,2010,100,0.055000
1609059917.385097742,28.451000,2001,100,0.055000
1609059917.410097599,14.271000,2000,101,0.055000
1609059917.410778046,8.639000,2010,102,0.055000
1609059917.435782194,27.721001,2011,100,0.055000
1609059917.485053062,28.402000,2000,100,0.024000
1609059917.485760927,15.075000,2010,101,0.056000
1609059917.510705948,14.668000,2001,101,0.055000
1609059917.510895729,9.580000,2011,102,0.024000
1609059917.535025358,9.776000,2000,102,0.024000
1609059917.535740137,27.750999,2010,100,0.055000
1609059917.560019970,28.457001,2001,100,0.024000
1609059917.585054874,14.298000,2000,101,0.055000
1609059917.585709095,8.635000,2010,102,0.055000
1609059917.610782385,27.708000,2011,100,0.055000
1609059917.660015345,28.370001,2000,100,0.055000
1609059917.660793304,15.176000,2010,101,0.056000
1609059917.685019732,14.678000,2001,101,0.024000
1609059917.685784101,9.580000,2011,102,0.024000
1609059917.710709333,27.735001,2010,100,0.055000
1609059917.735056877,28.452999,2001,100,0.024000
1609059917.760057449,14.291000,2000,101,0.055000
1609059917.785702944,27.714001,2011,100,0.055000
1609059917.834985495,28.377001,2000,100,0.055000
1609059917.835711956,15.217000,2010,101,0.055000
1609059917.860085726,14.682000,2001,101,0.024000
1609059917.860810518,9.581000,2011,102,0.055000
1609059917.885731220,27.768000,2010,100,0.055000
1609059917.910069704,28.452000,2001,100,0.055000
1609059917.935068130,14.269000,2000,101,0.055000
1609059917.935936451,8.642000,2010,102,0.055000
1609059917.960057497,8.786000,2001,102,0.024000
1609059917.960793018,27.721001,2011,100,0.055000
1609059918.009997368,28.392000,2000,100,0.055000
1609059918.010887623,15.227000,2010,101,0.055000
1609059918.035026073,14.715000,2001,101,0.024000
1609059918.035829067,9.579000,2011,102,0.024000
1609059918.059989929,9.803000,2000,102,0.055000
1609059918.060732365,27.768000,2010,100,0.055000
1609059918.085087538,28.452000,2001,100,0.024000
1609059918.110008478,14.266000,2000,101,0.055000
1609059918.110868931,8.639000,2010,102,0.055000
1609059918.135025978,8.784000,2001,102,0.055000
1609059918.135718822,27.716999,2011,100,0.055000
1609059918.185055733,28.403000,2000,100,0.024000
1609059918.185781956,15.175000,2010,101,0.056000
1609059918.210039854,14.679000,2001,101,0.055000
1609059918.210824966,9.580000,2011,102,0.024000
1609059918.235026598,9.806000,2000,102,0.055000
1609059918.235763788,27.764000,2010,100,0.024000
1609059918.260077477,28.421000,2001,100,0.055000
1609059918.285051107,14.270000,2000,101,0.024000
1609059918.285801649,8.675000,2010,102,0.055000
1609059918.310700893,27.715000,2011,100,0.055000
1609059918.360031128,28.365999,2000,100,0.055000
1609059918.360781670,15.217000,2010,101,0.055000
1609059918.385021448,14.679000,2001,101,0.024000
1609059918.385799408,9.585000,2011,102,0.055000
1609059918.410766602,27.726999,2010,100,0.024000
1609059918.435037136,28.420000,2001,100,0.055000
1609059918.460070133,14.260000,2000,101,0.055000
1609059918.485021830,8.785000,2001,102,0.055000
1609059918.485695124,27.714001,2011,100,0.055000
1609059918.534978390,28.368000,2000,100,0.055000
1609059918.560022593,14.675000,2001,101,0.024000
1609059918.560822964,9.580000,2011,102,0.055000
1609059918.585046053,9.811000,2000,102,0.055000
1609059918.585729837,27.753000,2010,100,0.055000
1609059918.610094786,28.454000,2001,100,0.055000
1609059918.635068417,14.262000,2000,101,0.055000
1609059918.635879278,8.636000,2010,102,0.055000
1609059918.660033703,8.787000,2001,102,0.024000
1609059918.660758257,27.712999,2011,100,0.055000
1609059918.709994793,28.400999,2000,100,0.055000
1609059918.735100508,14.708000,2001,101,0.024000
1609059918.735907793,9.579000,2011,102,0.055000
1609059918.760068893,9.759000,2000,102,0.055000
1609059918.760819674,27.733999,2010,100,0.024000
1609059918.785042524,28.447001,2001,100,0.055000
1609059918.810026407,14.266000,2000,101,0.055000
1609059918.810774088,8.674000,2010,102,0.055000
1609059918.835718393,27.714001,2011,100,0.055000
1609059918.884995937,28.407000,2000,100,0.055000
1609059918.910010576,14.669000,2001,101,0.024000
1609059918.910763264,9.578000,2011,102,0.024000
1609059918.935019732,9.774000,2000,102,0.024000
1609059918.935720682,27.763000,2010,100,0.055000
1609059918.960042238,28.417000,2001,100,0.055000
1609059918.985042334,14.262000,2000,101,0.055000
1609059918.985810518,8.632000,2010,102,0.055000
1609059919.010709047,27.715000,2011,100,0.055000
1609059919.059996843,28.322001,2000,100,0.055000
1609059919.085097075,14.671000,2001,101,0.024000
1609059919.085729361,9.579000,2011,102,0.055000
1609059919.110008478,9.770000,2000,102,0.055000
1609059919.110775709,27.730000,2010,100,0.055000
1609059919.135021925,28.452999,2001,100,0.055000
1609059919.160008907,14.298000,2000,101,0.055000
1609059919.160807133,8.634000,2010,102,0.055000
1609059919.185669184,27.715000,2011,100,0.055000
1609059919.235013723,28.368999,2000,100,0.055000
1609059919.235689878,15.070000,2010,101,0.268000
1609059919.260010719,14.681000,2001,101,0.024000
1609059919.260830402,9.580000,2011,102,0.055000
1609059919.285033703,9.802000,2000,102,0.055000
1609059919.285711527,27.761000,2010,100,0.055000
1609059919.310064793,28.452999,2001,100,0.055000
1609059919.335046768,14.267000,2000,101,0.024000
1609059919.335751772,8.635000,2010,102,0.055000
1609059919.409964800,28.405001,2000,100,0.024000
1609059919.410706997,15.188000,2010,101,0.055000
1609059919.435018778,14.674000,2001,101,0.024000
1609059919.435764074,9.584000,2011,102,0.055000
1609059919.459968090,9.776000,2000,102,0.055000
1609059919.460742712,27.761000,2010,100,0.024000
1609059919.484986305,28.459000,2001,100,0.055000
1609059919.510040283,14.264000,2000,101,0.055000
1609059919.510729551,8.637000,2010,102,0.055000
1609059919.534953117,8.747000,2001,102,0.024000
1609059919.535678625,27.712999,2011,100,0.055000
1609059919.584988594,28.367001,2000,100,0.055000
1609059919.610024214,14.676000,2001,101,0.055000
1609059919.610782385,9.579000,2011,102,0.055000
1609059919.635001898,9.770000,2000,102,0.055000
1609059919.635702133,27.756001,2010,100,0.055000
1609059919.659971237,28.419001,2001,100,0.055000
1609059919.685038805,14.259000,2000,101,0.055000
1609059919.710014105,8.772000,2001,102,0.055000
1609059919.710699797,27.712000,2011,100,0.055000
1609059919.759960651,28.399000,2000,100,0.024000
1609059919.760735273,15.188000,2010,101,0.055000
1609059919.784995079,14.667000,2001,101,0.055000
1609059919.785755873,9.584000,2011,102,0.024000
1609059919.809956551,9.809000,2000,102,0.055000
1609059919.810728073,27.759001,2010,100,0.055000
1609059919.835028410,28.420000,2001,100,0.055000
1609059919.860010386,14.255000,2000,101,0.055000
1609059919.860782146,8.669000,2010,102,0.055000
1609059919.885708809,27.715000,2011,100,0.055000
1609059919.935011387,28.332001,2000,100,0.055000
1609059919.935788393,15.226000,2010,101,0.055000
1609059919.960014820,14.668000,2001,101,0.055000
1609059919.960821629,9.577000,2011,102,0.055000
1609059919.985000849,9.771000,2000,102,0.055000
1609059919.985696316,27.731001,2010,100,0.055000
1609059920.010021925,28.452999,2001,100,0.024000
1609059920.035001755,14.269000,2000,101,0.024000
1609059920.035780430,8.635000,2010,102,0.055000
1609059920.060567379,8.791000,2001,102,0.024000
1609059920.060860634,27.716999,2011,100,0.055000
1609059920.109982252,28.402000,2000,100,0.055000
1609059920.110696077,15.144000,2010,101,0.055000
1609059920.134979010,14.673000,2001,101,0.055000
1609059920.135823965,9.581000,2011,102,0.055000
1609059920.160017252,9.807000,2000,102,0.055000
1609059920.160794020,27.754000,2010,100,0.055000
1609059920.184982538,28.452999,2001,100,0.024000
1609059920.209990025,14.267000,2000,101,0.024000
1609059920.234988689,8.779000,2001,102,0.024000
1609059920.284947634,28.403000,2000,100,0.024000
1609059920.309979439,14.686000,2001,101,0.024000
1609059920.310740709,9.579000,2011,102,0.055000
1609059920.334998369,9.807000,2000,102,0.055000
1609059920.335712671,27.766001,2010,100,0.024000
1609059920.359991312,28.451000,2001,100,0.055000
1609059920.385013342,14.256000,2000,101,0.024000
1609059920.385761976,8.631000,2010,102,0.055000
1609059920.409984350,8.754000,2001,102,0.024000
1609059920.410664320,27.715000,2011,100,0.055000
1609059920.459939718,28.400000,2000,100,0.055000
1609059920.460701942,15.228000,2010,101,0.055000
1609059920.485015631,14.677000,2001,101,0.055000
1609059920.485679626,9.540000,2011,102,0.055000
1609059920.510578632,9.798000,2000,102,0.055000
1609059920.510747433,27.764999,2010,100,0.055000
1609059920.534973383,28.448999,2001,100,0.055000
1609059920.559967041,14.269000,2000,101,0.055000
1609059920.585696459,27.712000,2011,100,0.055000
1609059920.634933710,28.396999,2000,100,0.055000
1609059920.659977674,14.704000,2001,101,0.055000
1609059920.660751820,9.579000,2011,102,0.055000
1609059920.685709715,27.761999,2010,100,0.055000
1609059920.709973574,28.419001,2001,100,0.055000
1609059920.734981775,14.258000,2000,101,0.055000
1609059920.735798359,8.635000,2010,102,0.055000
1609059920.760713100,27.716000,2011,100,0.055000
1609059920.811381817,28.409000,2000,100,0.055000
1609059920.811585426,15.219000,2010,101,0.055000
1609059920.834987640,14.669000,2001,101,0.055000
1609059920.835740089,9.541000,2011,102,0.055000
1609059920.859943628,9.809000,2000,102,0.055000
1609059920.860710859,27.760000,2010,100,0.055000
1609059920.884974003,28.455000,2001,100,0.055000
1609059920.909970999,14.267000,2000,101,0.055000
1609059920.910902739,8.635000,2010,102,0.055000
1609059920.935693979,27.750000,2011,100,0.055000
1609059920.984961271,28.368000,2000,100,0.055000
1609059921.009968281,14.706000,2001,101,0.055000
1609059921.010700941,9.540000,2011,102,0.055000
1609059921.034926653,9.776000,2000,102,0.055000
1609059921.035667181,27.763000,2010,100,0.055000
1609059921.059964180,28.450001,2001,100,0.055000
1609059921.084958553,14.258000,2000,101,0.055000
1609059921.085705042,8.632000,2010,102,0.024000
1609059921.109974623,8.748000,2001,102,0.024000
1609059921.110694885,27.705000,2011,100,0.055000
1609059921.159960508,28.405001,2000,100,0.055000
1609059921.160753965,15.180000,2010,101,0.055000
1609059921.184992075,14.675000,2001,101,0.024000
1609059921.185760498,9.537000,2011,102,0.055000
1609059921.209959030,9.804000,2000,102,0.055000
1609059921.210691452,27.764999,2010,100,0.024000
1609059921.235036135,28.452999,2001,100,0.055000
1609059921.260030985,14.267000,2000,101,0.024000
1609059921.264371634,8.635000,2010,102,0.024000
1609059921.284982443,8.783000,2001,102,0.024000
1609059921.285686731,27.714001,2011,100,0.055000
1609059921.334974289,28.363001,2000,100,0.055000
1609059921.335701466,15.056000,2010,101,0.268000
1609059921.359959126,14.667000,2001,101,0.055000
1609059921.360773802,9.544000,2011,102,0.055000
1609059921.385683298,27.764000,2010,100,0.055000
1609059921.409993887,28.452000,2001,100,0.055000
1609059921.435011864,14.261000,2000,101,0.055000
1609059921.435745955,8.638000,2010,102,0.055000
1609059921.459955931,8.784000,2001,102,0.024000
1609059921.460651636,27.711000,2011,100,0.055000
1609059921.509916782,28.412001,2000,100,0.055000
1609059921.534965277,14.673000,2001,101,0.055000
1609059921.535838604,9.578000,2011,102,0.024000
1609059921.559930086,9.807000,2000,102,0.055000
1609059921.560735703,27.726000,2010,100,0.024000
1609059921.585468531,28.455999,2001,100,0.055000
1609059921.609976768,14.266000,2000,101,0.055000
1609059921.610811472,8.637000,2010,102,0.024000
1609059921.684963226,28.400000,2000,100,0.055000
1609059921.685692310,15.234000,2010,101,0.055000
1609059921.709984303,14.665000,2001,101,0.055000
1609059921.710706472,9.545000,2011,102,0.055000
1609059921.735027313,9.795000,2000,102,0.055000
1609059921.735717773,27.738001,2010,100,0.055000
1609059921.760066748,28.419001,2001,100,0.055000
1609059921.784983397,14.263000,2000,101,0.055000
1609059921.785726070,8.637000,2010,102,0.055000
1609059921.810678720,27.715000,2011,100,0.055000
1609059921.859912157,28.400999,2000,100,0.024000
1609059921.884944916,14.709000,2001,101,0.055000
1609059921.885718107,9.584000,2011,102,0.055000
1609059921.909921408,9.774000,2000,102,0.055000
1609059921.910665512,27.764000,2010,100,0.055000
1609059921.935019970,28.420000,2001,100,0.055000
1609059921.959969044,14.259000,2000,101,0.055000
1609059921.960745573,8.638000,2010,102,0.055000
1609059921.985681295,27.715000,2011,100,0.055000
1609059922.034934521,28.405001,2000,100,0.055000
1609059922.035711765,15.187000,2010,101,0.055000
1609059922.059940577,14.678000,2001,101,0.024000
1609059922.060806751,9.545000,2011,102,0.055000
1609059922.084943056,9.807000,2000,102,0.055000
1609059922.085687876,27.718000,2010,100,0.055000
1609059922.109972000,28.454000,2001,100,0.055000
1609059922.134967089,14.257000,2000,101,0.055000
1609059922.135732651,8.635000,2010,102,0.055000
1609059922.159961224,8.789000,2001,102,0.024000
1609059922.160728216,27.709000,2011,100,0.055000
1609059922.209939241,28.367001,2000,100,0.055000
1609059922.234957933,14.678000,2001,101,0.024000
1609059922.235689163,9.575000,2011,102,0.055000
1609059922.260699987,9.807000,2000,102,0.055000
1609059922.261152506,27.760000,2010,100,0.055000
1609059922.284968853,28.452999,2001,100,0.055000
1609059922.309952259,14.266000,2000,101,0.055000
1609059922.310700655,8.631000,2010,102,0.055000
1609059922.335628986,27.711000,2011,100,0.055000
1609059922.385110140,28.400999,2000,100,0.055000
1609059922.385635376,15.223000,2010,101,0.055000
1609059922.409991503,14.670000,2001,101,0.055000
1609059922.410736084,9.579000,2011,102,0.055000
1609059922.434913158,9.808000,2000,102,0.055000
1609059922.435694695,27.733000,2010,100,0.024000
1609059922.459977865,28.457001,2001,100,0.055000
1609059922.484972239,14.253000,2000,101,0.055000
1609059922.485743761,8.634000,2010,102,0.055000
1609059922.509983301,8.792000,2001,102,0.024000
1609059922.510718584,27.711000,2011,100,0.055000
1609059922.559982061,28.368000,2000,100,0.055000
1609059922.560684204,15.182000,2010,101,0.056000
1609059922.584974051,14.676000,2001,101,0.024000
1609059922.585718393,9.580000,2011,102,0.055000
1609059922.609954119,9.807000,2000,102,0.055000
1609059922.610659122,27.760000,2010,100,0.024000
1609059922.634950638,28.416000,2001,100,0.055000
1609059922.659930468,14.265000,2000,101,0.055000
1609059922.660710096,8.634000,2010,102,0.055000
1609059922.684941292,8.790000,2001,102,0.055000
1609059922.685640097,27.712999,2011,100,0.055000
1609059922.734982491,28.399000,2000,100,0.055000
1609059922.735665798,15.235000,2010,101,0.055000
1609059922.759966850,14.709000,2001,101,0.024000
1609059922.760743856,9.540000,2011,102,0.024000
1609059922.785666227,27.693001,2010,100,0.055000
1609059922.809972286,28.459000,2001,100,0.055000
1609059922.834984064,14.269000,2000,101,0.055000
1609059922.835735559,8.639000,2010,102,0.055000
1609059922.860614777,27.712999,2011,100,0.055000
1609059922.909920216,28.402000,2000,100,0.055000
1609059922.910648108,15.225000,2010,101,0.055000
1609059922.934952497,14.674000,2001,101,0.055000
1609059922.935697794,9.576000,2011,102,0.055000
1609059922.959905386,9.810000,2000,102,0.055000
1609059922.960695982,27.764000,2010,100,0.055000
1609059922.984953642,28.421000,2001,100,0.055000
1609059923.009928703,14.270000,2000,101,0.024000
1609059923.034934282,8.790000,2001,102,0.024000
1609059923.035634041,27.711000,2011,100,0.055000
1609059923.084936857,28.416000,2000,100,0.024000
1609059923.085658550,15.184000,2010,101,0.055000
1609059923.109939337,14.667000,2001,101,0.024000
1609059923.110754013,9.579000,2011,102,0.055000
1609059923.134968042,9.772000,2000,102,0.055000
1609059923.135628462,27.764999,2010,100,0.055000
1609059923.159951687,28.457001,2001,100,0.055000
1609059923.184965849,14.259000,2000,101,0.055000
1609059923.185740471,8.633000,2010,102,0.024000
1609059923.209938049,8.790000,2001,102,0.055000
1609059923.210639000,27.749001,2011,100,0.055000
1609059923.259924173,28.396000,2000,100,0.055000
1609059923.284966946,14.673000,2001,101,0.024000
1609059923.285736799,9.576000,2011,102,0.055000
1609059923.309957027,9.768000,2000,102,0.055000
1609059923.310680389,27.766001,2010,100,0.055000
1609059923.334950924,28.417999,2001,100,0.055000
1609059923.359972477,14.258000,2000,101,0.024000
1609059923.360728979,8.634000,2010,102,0.055000
1609059923.384965658,8.783000,2001,102,0.024000
1609059923.385664225,27.709999,2011,100,0.055000
1609059923.434914589,28.403999,2000,100,0.055000
1609059923.459915638,14.674000,2001,101,0.024000
1609059923.460700035,9.578000,2011,102,0.024000
1609059923.484986782,9.807000,2000,102,0.055000
1609059923.485655069,27.767000,2010,100,0.024000
1609059923.512159824,28.420000,2001,100,0.055000
1609059923.534955502,14.251000,2000,101,0.024000
1609059923.535629988,8.636000,2010,102,0.055000
1609059923.560729980,27.719999,2011,100,0.055000
1609059923.609940052,28.368000,2000,100,0.055000
1609059923.610665798,15.143000,2010,101,0.056000
1609059923.634972811,14.677000,2001,101,0.055000
1609059923.635732889,9.570000,2011,102,0.055000
1609059923.659897089,9.810000,2000,102,0.055000
1609059923.660615206,27.729000,2010,100,0.024000
1609059923.684885502,28.452000,2001,100,0.024000
1609059923.709940195,14.260000,2000,101,0.055000
1609059923.734943628,8.787000,2001,102,0.024000
1609059923.735599995,27.746000,2011,100,0.055000
1609059923.784995556,28.400999,2000,100,0.055000
1609059923.785631180,15.187000,2010,101,0.055000
1609059923.809956074,14.670000,2001,101,0.055000
1609059923.811146021,9.575000,2011,102,0.055000
1609059923.835736513,27.763000,2010,100,0.055000
1609059923.859953880,28.452999,2001,100,0.024000
1609059923.885029793,14.232000,2000,101,0.055000
1609059923.885672808,8.633000,2010,102,0.055000
1609059923.910648823,27.711000,2011,100,0.055000
1609059923.959970236,28.362000,2000,100,0.055000
1609059923.960721016,15.147000,2010,101,0.055000
1609059923.984977484,14.668000,2001,101,0.055000
1609059923.985754967,9.541000,2011,102,0.055000
1609059924.009949684,9.808000,2000,102,0.055000
1609059924.010665894,27.724001,2010,100,0.055000
1609059924.034923077,28.455000,2001,100,0.055000
1609059924.059990168,14.258000,2000,101,0.024000
1609059924.060713291,8.674000,2010,102,0.024000
1609059924.085696697,27.719000,2011,100,0.055000
1609059924.134938002,28.400000,2000,100,0.055000
1609059924.135653496,15.190000,2010,101,0.055000
1609059924.159961224,14.663000,2001,101,0.055000
1609059924.160756826,9.580000,2011,102,0.055000
1609059924.184926987,9.806000,2000,102,0.055000
1609059924.185687304,27.759001,2010,100,0.024000
1609059924.209918261,28.420000,2001,100,0.055000
1609059924.234901190,14.278000,2000,101,0.055000
1609059924.235676289,8.671000,2010,102,0.055000
1609059924.259885073,8.789000,2001,102,0.024000
1609059924.260656357,27.711000,2011,100,0.055000
1609059924.309900999,28.403000,2000,100,0.055000
1609059924.334868908,14.664000,2001,101,0.024000
1609059924.335630655,9.580000,2011,102,0.055000
1609059924.359885931,9.807000,2000,102,0.055000
1609059924.360677958,27.757000,2010,100,0.024000
1609059924.384968996,28.454000,2001,100,0.055000
1609059924.409937620,14.256000,2000,101,0.055000
1609059924.434947729,8.789000,2001,102,0.024000
1609059924.435726643,27.714001,2011,100,0.055000
1609059924.484942675,28.372999,2000,100,0.055000
1609059924.509916067,14.659000,2001,101,0.055000
1609059924.510678053,9.572000,2011,102,0.055000
1609059924.534916401,9.806000,2000,102,0.055000
1609059924.535625935,27.766001,2010,100,0.055000
1609059924.559881926,28.452999,2001,100,0.024000
1609059924.584941387,14.263000,2000,101,0.055000
1609059924.610594749,27.621000,2011,100,0.055000
1609059924.659928322,28.406000,2000,100,0.055000
1609059924.684965134,14.669000,2001,101,0.024000
1609059924.685652733,9.583000,2011,102,0.055000
1609059924.710993528,9.770000,2000,102,0.055000
1609059924.711253166,27.764000,2010,100,0.055000
1609059924.734889984,28.451000,2001,100,0.024000
1609059924.759954691,14.267000,2000,101,0.055000
1609059924.760709286,8.670000,2010,102,0.055000
1609059924.784902096,8.790000,2001,102,0.024000
1609059924.785620928,27.716999,2011,100,0.055000
1609059924.834869623,28.406000,2000,100,0.055000
1609059924.835634470,15.145000,2010,101,0.055000
1609059924.859902382,14.670000,2001,101,0.055000
1609059924.860735893,9.538000,2011,102,0.055000
1609059924.884877205,9.776000,2000,102,0.055000
1609059924.885623455,27.764999,2010,100,0.055000
1609059924.909915686,28.457001,2001,100,0.055000
1609059924.934947968,14.264000,2000,101,0.055000
1609059924.935699224,8.631000,2010,102,0.055000
1609059924.959882021,8.789000,2001,102,0.055000
1609059924.960686922,27.705999,2011,100,0.055000
1609059925.009886026,28.403000,2000,100,0.055000
1609059925.034886360,14.678000,2001,101,0.024000
1609059925.035629034,9.583000,2011,102,0.055000
1609059925.059885502,9.797000,2000,102,0.055000
1609059925.060599089,27.761000,2010,100,0.055000
1609059925.084887981,28.455999,2001,100,0.055000
1609059925.109956741,14.266000,2000,101,0.055000
1609059925.110661983,8.672000,2010,102,0.055000
1609059925.135605812,27.719000,2011,100,0.055000
1609059925.209892035,14.673000,2001,101,0.055000
1609059925.210732698,9.582000,2011,102,0.055000
1609059925.234937668,9.807000,2000,102,0.055000
1609059925.235594034,27.750000,2010,100,0.055000
1609059925.259887695,28.454000,2001,100,0.055000
1609059925.284929991,14.268000,2000,101,0.024000
1609059925.285665274,8.638000,2010,102,0.055000
1609059925.310595989,27.719999,2011,100,0.055000
1609059925.359867096,28.405001,2000,100,0.024000
1609059925.360688210,15.185000,2010,101,0.055000
1609059925.384893894,14.677000,2001,101,0.024000
1609059925.385652542,9.580000,2011,102,0.055000
1609059925.409861565,9.807000,2000,102,0.055000
1609059925.410691023,27.723000,2010,100,0.055000
1609059925.434925795,28.452999,2001,100,0.024000
1609059925.459908724,14.259000,2000,101,0.055000
1609059925.460639954,8.639000,2010,102,0.055000
1609059925.484931469,8.785000,2001,102,0.024000
1609059925.485613585,27.711000,2011,100,0.055000
1609059925.534910917,28.368999,2000,100,0.055000
1609059925.559867382,14.668000,2001,101,0.055000
1609059925.560781002,9.496000,2011,102,0.055000
1609059925.584894180,9.802000,2000,102,0.055000
1609059925.585598707,27.759001,2010,100,0.055000
1609059925.609943867,28.451000,2001,100,0.055000
1609059925.635024309,14.259000,2000,101,0.055000
1609059925.635686636,8.642000,2010,102,0.024000
1609059925.659872532,8.786000,2001,102,0.055000
1609059925.660655499,27.711000,2011,100,0.055000
1609059925.709862709,28.400000,2000,100,0.055000
1609059925.734877348,14.709000,2001,101,0.055000
1609059925.735635042,9.582000,2011,102,0.055000
1609059925.759874582,9.767000,2000,102,0.055000
1609059925.760675192,27.760000,2010,100,0.024000
1609059925.784918308,28.455000,2001,100,0.024000
1609059925.809933901,14.253000,2000,101,0.024000
1609059925.810716152,8.643000,2010,102,0.024000
1609059925.835590124,27.709999,2011,100,0.055000
1609059925.884915829,28.365999,2000,100,0.055000
1609059925.885552168,15.221000,2010,101,0.055000
1609059925.909858227,14.671000,2001,101,0.024000
1609059925.910682440,9.575000,2011,102,0.055000
1609059925.934845209,9.776000,2000,102,0.055000
1609059925.935584784,27.761000,2010,100,0.055000
1609059925.959872246,28.455999,2001,100,0.055000
1609059925.984883785,14.270000,2000,101,0.055000
1609059925.985657930,8.667000,2010,102,0.024000
1609059926.009838581,8.787000,2001,102,0.055000
1609059926.010631800,27.677000,2011,100,0.056000
1609059926.059849977,28.405001,2000,100,0.055000
1609059926.060582399,15.224000,2010,101,0.055000
1609059926.084869623,14.709000,2001,101,0.055000
1609059926.085716724,9.575000,2011,102,0.055000
1609059926.109881878,9.763000,2000,102,0.024000
1609059926.110600233,27.725000,2010,100,0.055000
1609059926.134857893,28.454000,2001,100,0.055000
1609059926.159864187,14.262000,2000,101,0.055000
1609059926.160763264,8.635000,2010,102,0.024000
1609059926.185574770,27.709999,2011,100,0.055000
1609059926.234849691,28.398001,2000,100,0.055000
1609059926.235565186,15.228000,2010,101,0.055000
1609059926.259883404,14.668000,2001,101,0.055000
1609059926.260670900,9.541000,2011,102,0.055000
1609059926.284860611,9.805000,2000,102,0.055000
1609059926.285573721,27.759001,2010,100,0.055000
1609059926.309867620,28.459000,2001,100,0.055000
1609059926.334887743,14.262000,2000,101,0.055000
1609059926.335642099,8.631000,2010,102,0.055000
1609059926.360646248,27.719999,2011,100,0.055000
1609059926.409869671,28.403000,2000,100,0.055000
1609059926.434875250,14.672000,2001,101,0.055000
1609059926.435645103,9.576000,2011,102,0.055000
1609059926.459839344,9.803000,2000,102,0.055000
1609059926.460576296,27.761000,2010,100,0.055000
1609059926.484861374,28.451000,2001,100,0.055000
1609059926.509999752,14.266000,2000,101,0.024000
1609059926.534921169,8.784000,2001,102,0.055000
1609059926.535600185,27.711000,2011,100,0.024000
1609059926.585086823,28.405001,2000,100,0.024000
1609059926.586067915,15.189000,2010,101,0.055000
1609059926.609937191,14.666000,2001,101,0.055000
1609059926.610952854,9.579000,2011,102,0.024000
1609059926.634889841,9.765000,2000,102,0.055000
1609059926.635576487,27.766001,2010,100,0.024000
1609059926.659971476,28.455000,2001,100,0.024000
1609059926.684839487,14.248000,2000,101,0.024000
1609059926.709872246,8.787000,2001,102,0.055000
1609059926.710736752,27.712999,2011,100,0.055000
1609059926.759975433,28.363001,2000,100,0.055000
1609059926.760581017,15.184000,2010,101,0.055000
1609059926.784848690,14.674000,2001,101,0.024000
1609059926.785701513,9.580000,2011,102,0.055000
1609059926.809871912,9.778000,2000,102,0.055000
1609059926.810551405,27.761999,2010,100,0.055000
1609059926.834855795,28.459000,2001,100,0.055000
1609059926.859864950,14.178000,2000,101,0.055000
1609059926.885543823,27.709000,2011,100,0.055000
1609059926.935428858,28.403999,2000,100,0.024000
1609059926.935596943,15.190000,2010,101,0.055000
1609059926.959849834,14.666000,2001,101,0.055000
1609059926.960716009,9.496000,2011,102,0.055000
1609059926.984841824,9.804000,2000,102,0.055000
1609059926.985573292,27.757999,2010,100,0.055000
1609059927.009868860,28.407000,2001,100,0.055000
1609059927.034878731,14.294000,2000,101,0.055000
1609059927.060606003,27.712999,2011,100,0.055000
1609059927.109867334,28.406000,2000,100,0.055000
1609059927.134902000,14.675000,2001,101,0.024000
1609059927.135610104,9.579000,2011,102,0.055000
1609059927.160666466,27.698000,2010,100,0.055000
1609059927.184878111,28.419001,2001,100,0.055000
1609059927.209895611,14.264000,2000,101,0.055000
1609059927.210639000,8.631000,2010,102,0.055000
1609059927.234940052,8.789000,2001,102,0.055000
1609059927.235698938,27.714001,2011,100,0.055000
1609059927.284937143,28.403999,2000,100,0.055000
1609059927.285542965,15.181000,2010,101,0.056000
1609059927.310004473,14.676000,2001,101,0.024000
1609059927.310751200,9.581000,2011,102,0.055000
1609059927.334856749,9.763000,2000,102,0.055000
1609059927.335585117,27.729000,2010,100,0.024000
1609059927.359889746,28.455999,2001,100,0.055000
1609059927.384888887,14.254000,2000,101,0.024000
1609059927.385653019,8.673000,2010,102,0.055000
1609059927.410586596,27.705000,2011,100,0.055000
1609059927.459900141,28.392000,2000,100,0.055000
1609059927.460573673,15.195000,2010,101,0.056000
1609059927.484859943,14.669000,2001,101,0.024000
1609059927.485646009,9.576000,2011,102,0.055000
1609059927.509884119,9.806000,2000,102,0.055000
1609059927.510571718,27.726000,2010,100,0.055000
1609059927.534873724,28.416000,2001,100,0.055000
1609059927.559957027,14.255000,2000,101,0.024000
1609059927.560683966,8.675000,2010,102,0.024000
1609059927.584822416,8.786000,2001,102,0.055000
1609059927.585527658,27.708000,2011,100,0.055000
1609059927.634931326,28.402000,2000,100,0.055000
1609059927.635563374,15.193000,2010,101,0.055000
1609059927.659849882,14.687000,2001,101,0.024000
1609059927.660635233,9.508000,2011,102,0.024000
1609059927.684938431,9.775000,2000,102,0.055000
1609059927.685561419,27.760000,2010,100,0.055000
1609059927.712135792,28.420000,2001,100,0.055000
1609059927.734881163,14.267000,2000,101,0.055000
1609059927.735647917,8.635000,2010,102,0.055000
1609059927.760616779,27.649000,2011,100,0.055000
1609059927.809870720,28.364000,2000,100,0.055000
1609059927.834873438,14.678000,2001,101,0.024000
1609059927.835522890,9.539000,2011,102,0.055000
1609059927.859882355,9.769000,2000,102,0.055000
1609059927.860558987,27.761000,2010,100,0.055000
1609059927.884865761,28.461000,2001,100,0.055000
1609059927.909874201,14.259000,2000,101,0.055000
1609059927.934880495,8.785000,2001,102,0.055000
1609059927.935593128,27.749001,2011,100,0.055000
1609059927.984825373,28.393000,2000,100,0.055000
1609059928.009817362,14.665000,2001,101,0.055000
1609059928.010597229,9.580000,2011,102,0.055000
1609059928.035038710,9.806000,2000,102,0.055000
1609059928.035522461,27.757999,2010,100,0.055000
1609059928.059855700,28.455999,2001,100,0.055000
1609059928.084834099,14.260000,2000,101,0.055000
1609059928.085525513,8.637000,2010,102,0.055000
1609059928.160198450,28.367001,2000,100,0.055000
1609059928.160561562,15.148000,2010,101,0.056000
1609059928.184833527,14.677000,2001,101,0.055000
1609059928.185646296,9.502000,2011,102,0.055000
1609059928.209794760,9.799000,2000,102,0.055000
1609059928.210578918,27.723000,2010,100,0.055000
1609059928.234798431,28.451000,2001,100,0.055000
1609059928.259845972,14.182000,2000,101,0.055000
1609059928.260610580,8.668000,2010,102,0.024000
1609059928.284839153,8.789000,2001,102,0.055000
1609059928.285518885,27.702999,2011,100,0.024000
