1.837310
1.747100
1.750293
1.778227
1.773497
1.828587
1.869132
1.983183
1.882469
1.846205
1.952764
2.889913
2.297850
1.828365
1.892295
1.812465
1.939509
1.882978
1.861238
1.901663
1.876685
1.891823
1.841127
3.080444
2.273369
1.889757
1.874961
1.902227
1.872370
1.908447
2.681137
2.376147
1.918713
1.893850
1.860830
1.954280
2.031228
1.923538
2.697090
2.772072
1.907258
1.893386
1.859382
1.940582
1.926941
1.903786
2.010876
2.070892
2.126543
1.884610
1.935296
1.869174
1.953641
1.948329
1.881948
2.039492
3.127926
1.912888
1.904658
1.954767
1.907648
1.972163
1.911672
1.960484
2.786699
1.914128
1.963871
1.993739
1.888763
1.964456
1.947976
2.061880
1.913459
1.943471
1.925719
1.922566
1.971629
1.957847
1.937326
2.381278
2.098133
1.942930
1.915545
1.885942
1.988289
1.883017
1.978229
1.916376
1.956522
2.618218
2.071316
1.921517
1.966265
1.920756
1.950112
1.934155
1.993123
2.372452
1.974574
1.905200
1.982688
1.896303
1.990042
1.904775
2.013329
2.541989
2.011141
1.935176
1.963887
1.937597
1.980305
2.006524
1.967395
1.993934
1.989807
1.940649
1.985091
2.006764
1.949835
1.995969
2.147756
2.003832
1.936327
2.008444
2.011419
2.054435
1.939542
2.017734
1.988637
2.007353
1.953083
1.994876
1.946770
1.994480
1.944655
1.998670
1.992832
1.939295
1.983045
2.021192
1.939110
1.970469
1.983809
1.944421
2.034234
1.988328
1.989827
1.937356
1.996853
1.944586
2.005892
1.980687
1.996012
1.984266
1.942205
1.998272
2.000256
1.931772
1.945861
1.999886
1.941607
2.004391
2.004901
1.990822
1.955666
1.974616
1.944441
1.985591
1.938665
2.004048
1.990751
2.012123
2.145146
1.993723
1.950580
1.933311
2.011557
1.990762
2.005269
1.939250
1.997235
1.992643
1.939265
1.987603
2.004224
1.955473
2.003284
1.988517
1.991946
1.943288
1.989867
1.951380
1.999316
2.016877
2.009556
1.988180
1.942404
1.992222
2.020340
1.949178
1.973487
2.005054
2.015935
2.315824
1.939334
1.993935
2.017392
1.939762
1.968351
1.996764
1.944821
1.986554
1.945883
1.984256
1.939656
2.025498
1.949561
2.005751
1.938911
1.999982
1.938537
1.958817
1.986929
1.994237
1.941246
1.954723
1.978609
1.941463
1.980997
1.962852
2.007106
1.937884
2.000048
1.950377
2.013317
1.935976
1.998529
1.942181
1.944547
1.972659
1.985070
1.946256
1.945940
1.986268
1.951046
1.981881
1.983485
2.021690
1.950427
2.003120
1.968307
1.996397
1.966967
2.000972
2.023531
2.066624
1.944796
1.998489
1.943331
2.003076
1.948815
1.996091
2.057283
1.940361
1.992096
2.003041
1.953026
2.048034
1.994966
1.938264
1.983145
1.944644
1.989271
1.929383
2.004160
1.946300
1.987533
1.943822
1.995313
1.940698
1.960793
1.990910
1.989851
1.939310
1.955137
2.000910
1.948213
1.997136
1.933217
1.986301
1.961301
2.004219
1.952861
1.998632
1.940544
1.997383
1.940526
2.020055
2.277659
1.991974
1.946663
1.964841
1.997071
2.043903
2.058013
1.946709
1.994871
1.994845
1.934858
2.142295
2.046482
1.950118
2.106921
1.945648
1.999969
1.944156
2.009398
1.959698
2.005498
1.937129
2.005714
1.940441
2.112559
1.936364
2.009904
1.956252
2.056360
1.942460
2.020126
1.976060
1.939387
2.003581
2.003996
1.938163
1.959473
2.001677
1.927340
2.017583
1.932466
2.025429
1.931457
1.977682
2.042814
2.010196
1.928346
2.023694
1.984736
1.947629
2.333077
2.037912
2.014194
1.986650
2.012566
2.003349
1.950759
1.944275
2.003459
1.983601
1.948665
1.954900
2.027461
1.961584
2.388606
2.027927
2.014324
1.975716
2.000245
1.976279
2.053405
1.958422
2.078815
2.468654
2.009794
2.061791
1.996894
1.990209
2.017245
1.944300
2.043106
2.684270
2.007491
1.945193
2.008469
1.959837
2.026440
1.945863
2.369202
1.960476
1.994017
1.944333
2.017928
2.044323
3.705949
2.056093
2.592039
2.000047
1.965742
2.016798
1.957714
1.942591
2.014950
2.006481
2.067128
1.943331
2.005270
1.995002
1.951420
1.979460
2.023240
1.983405
2.375378
1.998693
2.007000
2.008955
1.940171
1.999071
2.021324
1.949596
2.076222
2.365431
1.998070
1.940228
2.025817
1.972342
2.152537
1.945578
2.039148
2.028258
2.000846
1.945168
2.018491
1.961711
1.944545
1.993609
2.017015
2.563796
1.996946
1.934175
1.991219
1.961642
1.990737
1.939139
2.016374
2.042199
1.951484
1.992697
1.989797
1.936144
1.970291
1.997781
1.935332
2.620771
1.943437
2.036172
2.074626
1.948606
1.952326
2.005931
1.933146
1.989045
1.949516
1.982446
1.945674
1.990901
1.943436
1.979014
1.949068
1.990964
1.934362
1.932008
2.001489
1.986599
1.939350
1.961986
1.986886
1.943469
1.991381
1.936058
1.998083
1.941679
1.993740
1.956737
2.001019
1.937362
1.997578
1.935223
1.958872
1.986037
1.989124
1.926581
2.003411
2.002735
1.937471
2.032994
2.682971
1.994499
1.995064
1.932044
1.957928
1.987533
1.937348
1.994852
1.937721
1.996697
1.939512
1.984546
1.947742
1.988273
1.949947
1.990032
1.939608
1.932913
1.994120
1.982902
1.996812
1.983437
2.004604
2.056552
2.162776
1.952167
2.008254
1.947056
2.005850
2.021701
2.070479
1.951632
2.012327
1.938933
1.987536
1.935043
1.998040
1.946756
2.001162
1.963494
1.991119
1.939977
1.956673
1.994978
1.985843
1.934445
1.943848
2.010035
1.942842
1.995736
1.944472
1.985454
1.943603
1.987817
1.967115
2.037491
1.944498
1.995922
1.941507
1.946364
1.994093
2.011048
1.966886
1.956941
2.015063
2.031450
2.034678
1.947565
1.986800
1.944089
1.989012
1.964768
1.993818
1.948380
1.983846
1.947667
2.040820
1.931954
2.010679
1.935020
2.026620
1.934392
1.994266
1.937236
1.945588
1.993787
2.062596
1.935081
1.943948
1.992605
1.935488
1.991949
1.941546
1.991877
1.940394
1.980888
1.941224
1.949606
1.991862
1.979465
1.973322
1.938060
1.988249
1.998793
1.948709
1.949660
2.011388
1.941513
1.984101
1.960918
1.986941
1.940045
1.977969
1.945189
1.991016
1.934004
2.008695
2.073405
1.954457
1.980880
1.994531
1.928041
1.943594
2.024018
2.014268
2.069161
1.942537
1.998923
1.938251
2.001237
2.013086
2.001446
1.939354
1.971633
1.932445
2.019176
1.947834
2.001772
1.948661
1.993720
1.946687
1.992941
1.945786
1.919803
1.994979
1.958732
1.987005
1.956509
2.162227
2.100612
2.103900
2.015476
2.071227
2.039479
2.059053
2.087521
2.102864
1.994856
2.182982
2.188726
2.097711
2.009736
2.111796
1.988189
2.059539
1.937485
2.048941
1.945077
2.042856
1.935664
2.014330
1.955223
2.051362
1.952304
2.037831
1.959769
2.062676
2.325676
2.042933
1.949290
2.030666
1.941467
2.037325
1.931705
1.959983
2.014236
2.039842
1.943228
1.983611
2.001469
1.969119
2.012076
1.983713
2.006066
1.973130
1.986071
1.988222
1.999656
1.977460
2.014234
1.971226
2.085299
2.032741
1.990460
1.965853
2.000959
1.962253
1.991822
1.949694
1.933963
2.003485
1.987587
1.942144
1.968912
1.991874
1.941363
1.988129
1.943221
2.006166
1.938431
1.980547
1.956580
2.046159
1.927906
2.027946
1.944539
1.963051
2.014473
2.016043
1.934583
2.020523
1.990394
2.054433
2.186877
1.971933
2.007067
2.091218
1.930950
1.988892
2.010225
1.966241
2.008173
1.944700
1.988860
1.968696
1.992943
1.994527
2.013129
1.972333
1.996945
1.969254
1.953323
2.064975
1.964342
2.350052
2.009018
1.969360
2.007436
1.991025
1.948335
2.018739
1.994805
1.963637
2.034773
2.016346
1.934644
2.070177
2.022052
2.009065
1.946679
2.014299
1.964854
2.057189
1.935085
2.010632
1.938484
2.082649
2.143348
2.002432
1.936821
1.998022
1.944168
2.000804
1.939097
1.985585
1.996917
2.042803
1.942172
2.014918
2.076925
1.960876
2.017495
1.974498
2.026567
1.974514
1.977416
1.992687
2.033645
1.953704
1.985817
1.942791
2.200088
2.043100
2.070824
2.053843
2.084079
2.054540
2.083407
2.036424
2.204580
1.975626
2.037037
2.037940
2.210445
2.148444
2.589581
2.022054
2.067423
1.969150
2.041531
2.004795
2.031670
1.951667
2.017518
1.999825
2.159337
2.042660
2.016129
1.954663
2.047804
2.041464
2.035744
1.968438
1.950524
2.056599
2.071963
1.996446
2.009181
2.014544
2.032714
2.046591
1.933614
2.042481
1.978911
2.124489
2.313174
2.000191
2.019981
2.147697
1.981517
1.999343
1.938052
2.033919
2.011002
2.075010
1.952440
2.030187
1.979160
2.028919
1.968847
2.041228
2.021632
2.026073
1.952756
2.061958
1.959316
2.073948
2.163207
2.045918
1.953640
2.021831
1.934920
2.033055
1.941632
2.000013
2.000019
2.053496
1.960203
2.003415
1.986205
2.001937
2.007091
1.960269
2.002095
1.952638
2.002231
1.992957
1.996372
1.963933
2.001063
2.021674
2.096688
1.968350
2.004047
1.961283
1.940777
1.998898
2.016351
1.969244
1.950569
2.019042
2.021317
1.965534
2.010890
2.011156
1.961460
2.011319
1.944673
2.015442
1.956737
2.013907
1.963526
2.059212
1.942644
2.009474
1.946436
2.093261
2.164506
2.016695
1.950138
2.018192
1.944090
2.013459
1.976720
1.981447
2.022902
2.000290
1.964752
2.029889
2.042068
1.951519
2.039417
1.979224
2.015313
2.010011
2.009434
2.004752
2.023180
1.993962
2.028661
1.966167
2.021110
2.036773
2.024924
1.971721
2.029425
1.959115
2.035562
1.991717
1.954177
2.056469
2.003210
1.962366
1.952392
2.025608
2.001638
2.111168
1.977023
2.051942
1.979608
2.017604
1.975969
2.028230
1.965643
2.047896
1.973120
2.069080
1.955547
2.026229
1.956358
2.073796
1.937620
2.081466
1.964020
2.007407
2.317389
2.052809
1.986594
2.035178
1.999432
2.073793
1.956353
1.946405
2.047833
2.025194
1.966841
1.961262
2.028365
2.076008
1.948626
1.943572
2.038120
1.957904
2.004204
1.978264
2.026004
1.947433
1.981817
1.971461
2.046657
1.972093
2.013143
1.978237
2.043673
1.944568
2.032640
1.950924
1.960791
2.037055
1.997349
1.950631
1.970130
2.016092
2.051928
2.003252
1.966755
2.034125
1.976877
2.039387
2.013508
2.045282
1.946598
2.040015
1.983909
2.023013
1.959004
2.028732
2.003447
2.064399
1.941799
2.018373
1.962553
1.957746
2.033853
2.015244
1.979134
1.994495
2.019453
2.039643
1.953491
1.973246
2.013007
1.959541
2.057777
1.996624
2.021239
1.936464
2.011776
1.962967
2.021079
1.987295
2.016312
2.021770
2.004728
1.979737
2.043087
1.940364
1.981115
2.231113
2.007940
1.953476
1.968443
1.996618
2.023410
1.950006
1.951558
2.024021
2.085779
1.953794
1.985219
2.013586
1.949539
2.019582
1.956759
2.035090
1.970825
1.999339
2.047334
2.018604
1.980909
2.042327
1.971804
2.026198
2.210814
2.027246
2.023902
2.060202
1.981508
2.044718
2.005854
1.952895
2.058506
2.081471
2.030483
2.065311
1.967083
2.033067
1.966914
1.958709
2.025860
2.085945
1.966922
1.980342
2.035829
1.953934
2.034726
1.961313
2.040803
1.955673
2.007553
2.037541
2.013554
1.943997
2.015585
1.952851
2.177966
2.051208
2.015414
1.990620
2.038804
1.991797
2.043367
2.010553
1.961113
2.047573
2.018874
2.003331
2.046701
1.945713
2.017099
2.107644
1.974386
2.022357
1.979862
2.025496
1.971076
2.008463
1.964895
2.029756
1.956590
2.026661
1.958746
2.017048
1.956448
1.991564
1.969727
2.016183
1.979031
1.955716
2.002314
2.007019
1.955616
2.019840
2.033754
2.042070
2.040776
1.977613
2.149389
2.133532
1.960480
1.981655
2.015456
1.955645
2.220126
2.251112
2.014189
1.948596
2.068510
1.982544
2.006464
1.948774
2.020689
2.034825
1.993438
1.946929
2.129150
1.972538
1.995712
2.069372
2.049125
2.062636
2.036473
1.964113
2.003000
1.950540
2.025962
1.952000
2.005994
2.035955
1.954750
1.995736
2.027487
1.954540
1.986695
2.015969
1.956789
2.007633
1.989540
2.087834
2.414180
2.089454
1.983101
2.021127
1.965418
2.439459
2.143349
1.994485
1.951083
2.089723
1.997672
2.046965
1.948487
2.025936
2.618004
2.003085
1.959835
2.095462
1.988173
2.027980
1.956781
2.283705
2.295074
2.018607
2.142174
1.986368
2.020920
2.044832
1.966682
2.574778
2.055499
2.010118
2.018249
1.964269
2.010923
2.069902
1.943501
2.054291
2.492409
2.065653
2.020492
2.006281
1.989245
2.056460
1.959390
2.053971
2.033949
2.054205
1.950114
2.024202
2.011800
2.035941
1.936204
2.086231
1.988965
2.032378
1.984315
2.037342
1.976010
2.059112
1.963704
2.026251
1.948324
2.004074
2.011472
2.027712
1.958586
2.021549
2.045579
2.090784
1.943124
1.977471
2.008282
1.963036
2.007497
1.966993
2.004885
1.943788
2.007424
1.997084
2.019727
1.949144
1.989826
1.947699
1.943344
2.064358
2.013520
1.991656
1.969547
2.104279
2.013899
1.996648
1.983955
2.037998
2.001628
2.132330
1.944978
2.019763
2.111610
1.984541
2.032729
2.030706
1.993485
2.054360
1.962063
2.058543
1.955297
2.033134
2.036887
2.043193
1.951912
2.055566
1.943250
2.065839
1.932053
2.009514
1.929918
1.999230
2.089941
2.039761
1.947277
1.963630
2.046530
2.062751
1.942892
1.990146
2.011394
1.950193
2.027582
1.967410
2.034764
1.980219
2.017755
1.994282
2.010197
1.967253
2.040361
1.946747
2.044088
1.988351
1.992503
2.035286
1.954481
2.020503
2.022541
1.971657
1.938175
2.046581
2.032572
2.056150
1.991492
2.034900
2.016968
2.014213
1.979284
2.055505
2.202852
2.043733
2.017555
2.006870
1.949188
2.036485
1.968775
2.066725
1.990047
2.007409
2.019904
2.033008
1.946912
2.030579
1.992659
2.026468
1.962132
2.055547
2.006207
2.026384
1.952402
2.002459
1.955772
1.956413
1.998198
2.016443
1.954694
1.991895
2.019088
1.950902
2.001462
1.967748
2.020125
1.999873
2.010738
1.964611
2.002794
1.940705
2.044961
1.963978
2.029148
2.059356
2.018337
1.955900
1.956812
1.994737
2.009137
1.951884
1.964052
2.003582
2.013103
1.952851
1.965452
2.010156
1.954504
2.011459
1.956829
2.021096
1.954266
1.999467
2.000489
2.016953
1.990235
2.008246
1.966039
2.036929
2.274458
1.999063
1.969633
2.138387
1.977099
1.992986
1.963661
1.963820
2.028823
2.011249
1.966902
1.945945
1.993966
1.989907
2.011086
1.959063
2.004537
1.971256
2.011385
1.973952
2.010177
1.953633
1.996488
1.981852
2.076303
2.041004
2.003090
1.953777
2.067597
1.941366
2.022247
1.960897
1.959729
2.003449
2.014104
1.952772
1.967297
2.022571
1.947894
2.035053
1.961017
2.011690
1.950512
2.005598
2.031119
2.093474
1.983567
2.014379
2.050398
1.998381
1.967875
2.011512
1.974925
1.969398
1.998797
2.039376
1.965627
1.967297
2.004252
2.022255
1.957651
1.963848
2.031718
1.969087
2.016302
1.961699
2.007197
1.968478
2.014267
1.974765
2.009996
1.982913
2.052732
1.952934
2.083851
1.954576
2.006112
1.955721
1.961090
1.994431
2.052359
1.952904
1.941926
2.006286
2.018567
1.981730
1.978398
2.034690
1.946000
1.995765
1.976632
2.006158
1.955506
2.032210
1.970342
2.003368
1.952406
2.015087
1.960520
2.023296
2.241065
2.019402
1.975017
1.965100
2.033464
2.020739
2.022238
1.991376
2.047832
2.008853
1.976316
2.023428
2.048055
1.936203
2.230514
2.012008
2.032594
2.153029
2.000484
2.086351
2.030347
1.934239
2.078942
1.973513
2.059612
1.951028
1.978440
1.954956
1.996665
1.946620
2.029847
1.965983
2.039882
1.945633
2.004224
1.972301
2.050947
1.951490
2.038728
1.979840
1.975093
2.029657
2.014645
1.963138
2.003031
2.032699
1.983293
2.011957
1.969999
2.084632
1.961978
2.042081
1.998007
2.017231
1.956848
2.018801
1.950659
2.029816
1.972288
2.017921
1.998114
1.997376
1.941405
2.014414
1.954850
1.964055
2.010721
2.013615
1.988783
2.001649
2.017573
1.940512
2.009121
1.959403
2.011730
1.982603
2.010338
1.985652
2.019899
1.964665
2.032923
1.967938
2.130301
1.993447
2.003774
1.977169
2.027400
1.958503
2.015591
1.957090
1.965800
2.001257
1.997926
1.995907
1.972096
2.034624
1.954658
2.023790
1.969877
2.000390
1.953265
2.050309
1.985247
2.021012
1.951278
2.003792
1.968893
2.138511
1.960367
2.009485
1.972183
2.015268
1.951779
1.999220
1.966560
1.993289
2.041155
2.023037
1.961855
1.996896
2.006402
1.938476
2.027583
1.963982
2.007613
1.969938
2.011360
1.992726
2.018815
1.945500
2.009257
1.963153
2.066093
2.152748
2.028191
1.989268
2.077333
1.941275
2.016405
1.972396
1.966330
2.012396
2.002403
1.976183
1.976678
2.004053
1.948383
2.001413
1.963658
2.010837
1.969725
2.007466
1.972191
2.011238
1.939240
2.003619
1.959756
2.045009
2.073567
2.012449
1.967264
1.946425
2.007932
1.994296
1.954388
1.956703
2.014303
2.023670
1.990712
1.970278
2.011953
1.976430
2.005232
1.959062
2.014365
2.001928
2.033330
1.973564
2.050078
1.953211
2.005927
1.956696
2.102210
2.075063
2.011212
1.961753
1.966983
2.002918
2.004217
1.957033
1.960743
2.017973
2.022678
1.965124
1.976445
2.009080
1.981527
2.032243
1.962903
2.019519
1.963581
2.008634
1.969132
2.049065
1.943208
2.005536
1.976564
2.072639
2.073608
2.008272
1.948316
1.964375
2.001306
2.008356
1.972550
1.972481
2.007200
2.044399
1.966276
1.999774
2.004779
1.952951
2.019235
1.960977
2.010579
1.969207
2.018475
1.982365
2.025568
1.954822
2.038984
1.940342
2.043937
2.132087
2.014489
1.988214
1.941644
1.997098
1.998037
1.966403
1.958483
2.010685
2.021309
1.967015
1.987786
2.022526
1.946658
2.022798
1.979080
2.020045
1.966435
2.014739
1.998327
2.024183
1.940090
2.023687
1.980510
2.046295
2.062976
2.022321
1.975533
1.976954
2.146038
1.993153
1.947582
1.942505
1.988708
1.990893
1.942001
1.959311
1.994699
1.957038
2.016145
1.962401
2.024384
1.964000
2.010243
1.974350
2.040477
1.937348
2.023398
1.965185
2.019212
2.121513
2.006491
1.958572
1.999238
1.996047
2.022280
1.983342
1.957629
2.027954
2.010882
1.956756
1.976051
2.011130
1.949546
2.001431
1.976458
2.008455
1.951039
2.014848
1.975701
2.027553
1.948661
2.011289
1.968314
2.058208
2.161849
2.014844
1.958233
1.956764
2.005139
2.012343
1.975286
1.954494
2.007479
2.001363
1.958293
1.960131
2.015080
1.954760
2.019661
1.966856
2.009187
1.951492
2.020533
1.991767
2.052813
1.951668
2.020160
1.969943
2.036265
2.120445
1.996972
1.996545
1.968499
2.015215
2.003123
1.955772
1.957737
2.000127
2.012893
1.958634
2.002194
2.031084
1.942707
1.994815
1.980972
2.037233
1.967482
2.013612
1.978996
2.075075
1.946448
2.030524
1.955319
2.063992
2.090856
2.015473
1.957670
1.980821
2.000983
1.997881
1.966086
1.966284
2.008186
2.002358
1.968706
1.962258
2.010064
1.952773
2.041104
1.954890
2.013661
1.969870
2.023516
1.986452
2.014032
1.945571
1.999157
1.991945
2.004514
2.146741
2.011835
1.965516
1.976428
2.041965
2.008099
1.956181
1.958730
2.002590
2.035373
1.954375
1.982765
2.029517
1.986343
1.992256
1.970298
2.022539
1.957724
2.005642
2.034440
2.085338
1.942010
2.006311
1.953875
2.091002
1.963184
2.021528
1.977336
2.023428
1.943487
2.009284
1.952935
1.964035
2.010669
2.007256
1.961779
1.969047
2.006948
1.947513
2.012270
1.957745
2.004201
1.960979
2.007241
1.963213
1.989623
1.935418
2.012188
1.965628
2.103241
2.000793
2.003033
1.958878
1.986319
2.008131
1.996500
1.970187
1.951577
2.016723
1.974878
2.111833
1.974390
2.012714
1.950346
2.005032
1.994903
1.995184
1.973465
2.016965
1.974979
2.011088
1.941671
1.995294
1.956602
1.964054
2.142902
2.026551
1.964011
1.997856
2.008694
1.998965
1.962102
1.959896
2.001209
1.981510
2.133438
1.987520
1.996952
1.962721
2.008072
1.983387
2.010801
1.970989
2.009067
1.970282
2.009932
1.957638
2.016643
1.967284
2.060658
2.268466
2.011867
1.954390
2.005716
1.938557
2.034174
1.963899
1.968129
2.006076
2.030472
1.970195
1.964249
1.997914
1.997498
2.008641
1.957729
2.003852
3.683337
2.278570
2.163988
2.096300
2.144787
2.129626
2.150579
1.965822
2.056018
1.961354
2.008550
1.965278
2.008405
1.949012
2.116399
2.141918
2.200692
2.146403
2.169699
2.112200
2.174630
2.115176
2.172673
2.105066
2.147453
2.121863
2.169634
2.111897
2.144842
2.180173
2.150048
2.153721
2.100308
2.138031
2.163571
2.153757
2.105109
2.105638
2.178772
2.180244
2.148136
2.097452
2.164437
2.150596
2.096907
2.243788
2.097664
2.164054
2.133431
2.148058
2.177167
2.134991
2.121732
2.199894
2.110023
2.167912
2.152149
2.177925
2.186881
2.143974
2.136105
2.147386
2.162153
2.095644
2.133750
2.201642
2.182147
2.103967
2.091515
2.152193
2.174240
2.116021
2.109126
2.164769
2.157565
2.103360
2.241735
2.187736
2.174542
2.151822
2.186983
2.083586
2.143481
2.131979
2.172919
2.124288
2.175911
2.165825
2.158125
2.155581
2.169841
2.120662
2.154583
2.168307
2.104691
2.109337
2.151443
2.183677
2.121034
2.094976
2.186596
2.144849
2.139800
2.165659
2.108026
2.197844
2.120687
2.175660
2.122570
2.149404
2.119224
2.169683
2.097165
2.168228
2.135014
2.187953
2.128612
2.069629
1.973557
2.010277
1.947900
2.000789
1.952698
2.043125
1.951655
2.011056
1.979997
1.960078
2.008337
2.006988
2.033224
1.935940
2.033808
2.008319
1.959480
1.980683
2.028893
1.938249
1.993314
2.016269
1.993090
1.966508
2.021097
1.978020
1.985436
1.968016
2.005326
1.974520
2.038909
2.169119
2.006268
1.959704
1.997857
1.947710
1.998788
1.970609
1.961907
1.999409
2.010117
1.957954
1.976392
2.020414
1.945627
2.011903
1.964346
2.002136
2.003307
1.987436
1.978086
2.012376
1.948583
2.000305
1.985034
2.031209
2.250571
1.988661
1.952501
2.008394
1.945461
1.996394
1.987449
1.980702
2.009131
2.014591
1.947975
2.003974
2.007185
1.969695
2.019241
1.949155
2.008430
1.986702
2.000856
1.964594
2.051998
1.940410
2.005025
1.966130
2.066275
2.173080
1.998786
1.977411
1.995019
1.947538
2.003115
1.953239
1.963401
2.002099
2.011877
1.951317
1.956701
1.983446
1.986801
2.025788
1.955633
2.018907
1.953716
2.010224
1.962426
2.002055
1.977485
2.017040
1.964749
2.030445
2.249617
2.012669
1.969209
2.007106
1.931059
2.002232
1.954771
1.964515
1.997023
2.012009
1.947477
1.970234
2.005984
2.011481
1.989721
1.947935
2.014086
1.955137
2.022825
1.979286
1.992574
1.941719
2.008110
1.969679
2.075858
2.295194
2.008950
1.966035
2.040897
1.943022
2.003174
1.973594
1.965430
2.007365
2.038545
2.023011
1.966814
1.993023
1.951448
1.995095
1.939214
1.989797
1.948872
2.013056
1.980762
2.001772
1.950727
2.003521
1.973043
2.004196
2.235566
2.001277
1.987650
2.010683
1.972778
2.024104
1.962375
1.953903
2.006181
2.037121
1.961695
1.966616
2.031691
1.944647
2.056650
1.973420
2.067245
1.953792
2.016920
2.079572
2.047744
1.945791
2.097522
1.969627
2.046539
2.044982
2.041960
1.994865
2.053714
1.948674
2.014228
1.950887
1.967720
2.046685
2.002273
1.953743
1.968483
2.054781
2.031697
2.074868
1.941173
2.006471
1.956350
2.154131
1.984174
2.042907
1.942806
1.998253
1.966661
1.992077
1.980414
2.021699
2.015932
1.994625
1.956865
2.021296
1.969873
2.017103
2.295975
2.004055
1.966404
2.015031
1.954433
2.021624
1.961978
1.959784
2.015351
2.009263
1.956327
1.986871
2.003664
1.943563
2.011591
1.975372
2.017275
1.955174
2.021548
1.973225
2.002930
1.940789
2.006137
1.957007
2.013096
2.286045
2.020600
1.995487
2.038869
1.972556
2.053233
1.969438
1.964139
2.019703
2.042921
1.955133
1.981863
1.999548
2.096099
2.124237
1.963369
2.019856
2.154377
1.954724
1.979446
2.019845
1.986522
2.039054
1.972203
2.025148
1.967933
2.002557
2.004090
2.120297
2.078679
2.164091
2.142205
2.149525
1.961739
2.023121
2.160746
2.142182
2.016972
2.063809
1.951969
2.024220
1.988751
2.013902
1.952807
1.998073
1.969942
2.004697
1.973552
1.959748
2.038480
2.021194
1.954644
1.980076
2.043489
2.046250
2.136920
1.949161
2.020114
1.989858
2.011411
1.976561
2.015700
1.974318
2.043231
1.954544
2.002889
1.951761
2.017255
1.973140
2.034629
1.964894
2.014872
1.978727
1.950189
2.011810
2.005791
1.953934
2.050118
1.949239
2.002982
2.143552
1.952471
2.007639
1.953367
2.021066
1.983979
2.045875
1.969384
2.011395
1.949499
2.012366
1.957733
2.037316
1.986500
2.010435
1.961692
2.013892
1.959890
1.977229
2.001488
2.038078
1.953563
1.967698
2.060940
2.006080
2.056255
1.982431
1.994805
1.965037
2.008221
1.968747
2.004497
1.963035
1.999048
1.993145
2.062050
1.956793
2.025298
1.980880
2.017404
1.959270
2.008708
2.010375
1.966656
2.060290
2.016391
1.969763
1.960527
2.057006
2.009261
1.968941
1.966879
2.099899
1.943141
2.152121
2.003170
2.062433
1.947614
2.048704
2.009819
2.057481
1.960535
2.078011
1.996984
2.031515
1.937978
2.037369
1.980407
2.068675
1.954956
2.014641
1.988062
2.010451
1.933395
1.991136
1.962721
1.951760
2.005953
2.007179
1.956740
1.998163
2.017282
1.979361
2.024813
1.985656
2.052399
1.956556
1.994021
1.977306
2.040810
1.938756
2.008494
1.961096
2.039830
2.167202
1.996564
1.983862
2.008096
1.970423
2.028864
1.969210
2.039420
2.042343
1.997080
1.955698
1.979456
1.993824
1.945819
2.060272
1.971574
2.043540
1.966562
2.060676
1.968509
2.041102
1.938264
1.988971
1.985289
2.024733
1.967853
2.008245
1.960386
2.013392
1.964743
2.004490
1.965633
1.960055
2.011717
2.023482
1.957928
1.960734
1.988075
1.947008
2.027243
1.957536
2.004050
1.963866
2.017563
1.987154
2.001998
1.985647
2.003141
1.954079
2.039168
2.193380
1.994721
1.963122
1.937576
2.007709
2.017996
1.957993
1.952432
2.018765
2.035205
1.930628
1.950428
2.006110
1.959651
2.011515
1.990227
2.021079
1.955144
2.016734
1.992355
2.008094
1.954644
2.000279
1.955826
2.018969
2.272600
2.014229
1.952490
2.007766
1.945914
2.016853
1.959706
1.969123
2.009096
1.997239
1.963879
1.995001
1.995706
1.948085
1.993813
1.983740
2.002530
1.953472
2.020542
1.969657
1.982433
1.962632
2.004106
1.977293
2.028476
2.293409
2.008669
1.996681
1.993784
1.958884
2.001020
1.961222
1.943448
2.028002
2.000029
1.986406
1.957502
2.019476
1.960783
2.015629
1.954863
2.016410
1.953325
2.005389
1.973350
2.001077
1.936321
2.008547
1.954447
1.990473
2.280614
2.008380
1.953528
1.995053
1.944110
2.011926
1.957397
1.950675
2.015364
2.008366
1.967565
1.980994
2.016382
1.965235
2.019460
1.977678
2.020241
1.978868
2.018676
1.992992
2.068646
1.947275
2.016954
1.957859
2.083654
2.136399
1.999258
1.953529
2.042769
1.951804
2.007955
1.987022
1.944858
2.062852
2.030399
1.991809
2.071109
1.998243
2.030792
2.110890
1.997290
2.023975
1.970018
2.096677
1.987019
2.033386
1.945136
2.071928
1.960552
2.025647
1.944376
2.009698
1.992021
2.009488
1.944935
2.031666
1.961134
2.008133
2.317578
2.034756
2.016070
1.998191
1.982406
2.025089
2.056988
1.943392
2.072592
2.013910
2.001576
1.961941
2.128176
2.044929
1.998067
1.977216
2.058702
2.067976
1.980405
2.007204
2.065458
1.936608
2.034113
1.933877
2.036822
1.962155
2.021327
1.969754
2.008649
1.975082
2.005312
1.977636
2.022961
2.265023
2.005376
1.990373
2.050240
1.950974
2.006041
1.956133
1.952604
2.017671
2.028638
1.949997
1.960617
2.020107
1.969968
2.024829
1.981497
2.080760
1.955272
1.983871
1.968709
2.003951
1.950574
2.003256
1.947788
2.174945
1.982407
2.014461
1.994480
2.038648
1.960698
2.018008
1.980027
1.964022
2.016858
2.026268
1.965941
1.973562
2.049199
1.944349
2.142779
1.983957
2.084931
1.950975
2.007860
2.008891
2.043868
1.941304
2.079151
1.942856
2.086759
1.971844
2.029866
2.045264
2.037427
1.971586
2.011947
1.954701
2.001968
1.995075
2.037759
1.949719
1.973415
2.016243
2.009939
1.970918
1.965367
2.098065
2.019494
1.987246
1.965327
1.998891
1.931037
2.086377
1.947759
2.062171
1.937293
2.025824
2.022928
2.042508
1.958733
2.014690
1.955838
2.001978
2.274609
1.990767
1.953657
2.137604
1.938152
2.007746
1.951777
1.948780
2.033095
2.029127
1.984488
2.002219
2.055209
1.932292
2.275916
2.022380
2.047798
2.050821
1.945944
2.029830
2.049916
1.969849
2.018344
2.017601
2.091656
2.004552
2.026489
1.962716
1.994574
1.948578
2.014841
1.967213
2.157855
1.957789
2.007034
1.958550
2.019625
1.959536
2.021302
1.969921
1.956646
2.007542
2.013173
1.966875
1.966462
2.007582
1.943592
2.020723
1.952923
2.017575
1.954869
2.013394
1.983626
2.002187
1.930238
2.013586
1.952648
2.020668
2.281468
2.012382
1.982975
2.018720
1.948338
2.012307
1.945795
1.961075
2.023390
2.036832
1.951471
1.966202
2.007252
1.967145
2.031065
1.976280
2.029633
1.958187
1.998776
1.989525
1.993545
1.982299
2.004339
1.985472
2.019163
2.121917
1.995846
1.989696
2.029231
1.940532
2.004541
1.964914
1.953161
2.007046
2.003179
1.955365
1.954937
1.992623
1.956453
2.013231
1.952012
2.007189
1.973446
2.021431
1.963048
2.004838
1.944633
2.022331
1.958180
2.030412
2.273514
2.007482
1.958450
1.995094
1.945776
2.024044
1.949483
1.987657
2.021343
2.013030
1.956237
1.962593
1.990287
1.950803
1.993955
1.970327
2.003799
1.995761
2.021192
1.960865
2.001148
1.937725
2.020043
1.977634
2.016976
2.274891
1.998472
1.969179
2.003925
1.996010
2.010037
1.968822
1.952069
2.028179
2.018733
1.954303
1.993785
2.014728
1.964716
2.005528
1.987718
2.028479
1.964493
2.020298
1.995785
2.026236
1.936252
2.028401
1.955769
2.134314
1.974477
2.008635
1.980340
1.950393
2.043555
2.006495
1.958530
1.965202
2.004478
2.009479
1.991081
1.973898
2.005112
1.950862
2.017132
1.959693
2.036639
1.980574
2.013932
1.964735
2.006525
1.948744
2.031437
1.959335
2.031926
2.072895
2.000383
1.953066
1.959878
2.022292
2.007944
1.959171
1.957659
2.010652
2.025324
1.960563
1.954897
1.998570
1.961808
2.031002
1.951738
2.009344
1.954489
2.031019
1.960581
2.042105
1.937643
2.011949
1.956507
2.074212
2.228084
2.003023
1.965669
2.004101
1.968002
2.033033
1.962188
1.970999
2.016418
2.009917
1.961722
1.962162
2.003941
1.958780
2.012105
1.943909
2.008665
1.949901
2.007226
1.973076
1.990712
1.976513
2.009770
1.958025
2.045182
2.231231
1.999634
1.977611
1.984868
1.979025
2.017342
1.949727
1.978919
2.017854
2.002820
1.972030
1.966533
2.051680
1.940223
2.017640
1.967849
1.996212
1.953896
1.999956
1.973980
1.984448
1.931920
1.996260
1.970030
2.065507
2.238304
2.048172
1.932626
2.010070
1.912138
1.987036
1.952333
1.937263
2.012170
2.008950
1.954344
1.950131
1.976000
1.924503
1.990730
1.957596
2.000470
1.946476
1.995953
1.944331
1.983978
1.930512
2.001082
1.933527
1.940129
2.011700
1.991330
1.947049
1.928858
2.011118
1.940200
2.004536
1.948480
2.000969
1.933638
2.017694
1.964205
1.982806
1.946024
2.006735
1.974027
2.066022
2.222445
1.995730
1.944901
1.951817
1.995541
2.024292
1.939866
1.943557
1.988634
2.036466
1.957220
1.954720
1.986380
1.929167
1.986247
1.973900
2.018600
1.950782
1.986113
1.962642
2.021198
1.930006
2.014035
1.963396
1.974900
2.014702
1.976267
1.937206
1.948198
2.011711
1.959861
2.017389
1.966568
2.007088
1.941367
1.989574
1.985093
1.989730
1.948701
2.000346
1.975490
2.113492
1.957905
2.037050
1.964512
1.995391
1.935990
1.987807
1.961786
1.936076
2.008758
2.015294
1.987398
1.958661
2.012096
1.939733
1.990728
1.966836
1.998171
1.960194
1.998856
1.954186
1.973264
1.964842
2.002002
1.942826
1.954546
1.991997
2.013997
1.959995
1.955950
2.028320
1.949565
2.005190
1.949797
2.007395
1.960686
2.018853
2.021926
2.010390
1.936213
2.001188
1.958781
2.065457
1.962926
2.030021
1.962946
2.004299
1.951289
2.043089
1.955638
1.947483
2.012348
2.004764
1.957115
1.953203
2.016202
1.963382
2.001847
1.986859
2.000118
1.967103
2.010117
1.973218
2.002600
1.947841
2.004753
1.987855
1.999444
2.274015
2.010153
1.969918
2.008052
1.961793
2.002323
1.974840
1.959166
2.006109
2.027073
1.986416
1.976368
2.000347
1.963902
2.015647
1.992345
2.016911
1.956722
2.025731
1.958295
2.006122
1.950743
2.026882
1.968432
2.133169
1.953625
2.008296
1.964769
2.015297
1.946680
2.060639
1.954564
1.944422
1.989677
1.997195
1.933302
1.989855
2.002984
1.958630
2.009356
1.955523
2.038730
1.975418
2.033307
1.971339
2.004396
1.952399
2.018260
1.979219
2.060968
2.222486
2.014756
1.978132
1.998686
1.966112
2.019440
1.963127
1.954757
2.004224
2.009092
1.978156
1.982806
2.062965
1.961352
2.008251
1.977302
2.016017
1.952077
1.999938
1.978976
1.997976
1.973917
2.040728
1.985466
2.023487
2.075340
2.025045
1.977059
2.000820
1.964224
2.010809
1.959598
1.973175
2.020363
2.006923
1.985684
1.952562
2.063921
1.962011
2.007835
1.956032
2.018305
1.964578
1.997993
2.024601
2.035285
1.940417
2.002060
1.969719
2.050499
1.962550
2.013498
1.976686
2.046264
1.928680
2.008940
1.988732
1.951103
2.038225
2.012467
1.974197
1.979950
2.000840
1.941131
2.007076
1.975150
2.002884
1.962588
2.018561
1.994478
1.993701
1.969821
2.008288
1.967173
2.012728
2.234512
2.012051
1.987715
2.016807
1.957582
2.001403
1.961679
1.951662
2.001277
2.013826
1.949900
1.955920
2.027452
1.966802
2.023053
1.964665
2.013101
1.955068
2.007418
2.000039
1.995315
1.946795
2.016470
1.953786
2.006276
2.238791
2.032664
1.945688
2.114251
1.951588
1.997264
1.969870
1.955002
2.033805
2.012457
1.970677
1.983889
2.045931
1.973127
2.037716
1.965422
1.996672
1.958196
2.009362
1.977829
2.011198
1.952334
2.024808
1.972578
2.042995
1.962342
2.002209
1.967025
2.015418
1.970357
2.027606
1.987754
1.957039
2.004243
2.006357
1.963080
1.962215
1.994568
2.002184
1.990899
1.963100
2.012272
1.974362
2.000760
2.036693
2.050007
1.949485
2.004174
1.952926
2.129901
1.969233
1.996012
1.986460
2.007030
1.943664
2.010412
1.959069
1.974989
2.032214
2.044242
2.033727
1.941169
1.999677
1.973291
2.674607
1.958844
2.021451
2.015211
1.948500
1.954981
2.014561
1.938263
2.045269
2.036591
1.996312
1.955498
1.996704
1.966883
2.006401
1.950219
2.018733
2.027384
2.039911
2.170901
2.013690
1.966557
2.013487
1.975317
2.001564
1.952393
1.981643
2.013575
2.018461
1.954959
2.217405
2.054634
2.138398
1.953098
1.953498
2.004069
1.957508
2.020666
1.981325
2.001565
1.952005
2.016657
1.977881
2.015083
1.971158
2.026281
1.958395
2.020177
1.965241
2.007100
1.970148
1.964350
2.018020
2.001872
1.962939
2.010164
2.015088
2.049948
2.150538
1.955334
2.020624
1.956595
2.046567
2.053835
2.007225
1.952494
2.018912
1.948634
2.036147
1.934780
2.017424
1.993190
2.010349
1.951384
2.019611
1.951327
1.961932
1.996447
2.023367
1.975335
1.996179
1.992878
1.990754
2.134440
1.961344
2.007278
1.969870
2.012232
1.974214
2.000708
1.944884
2.004152
1.966607
2.001073
1.961699
2.008086
2.005103
1.988665
1.941884
1.994807
1.962329
1.956826
2.017993
2.004099
1.995481
1.959246
2.011842
1.954696
2.014847
1.958703
2.011342
1.953551
2.019826
1.973262
2.024269
2.228771
2.023319
1.952669
2.030696
1.967605
2.033018
1.975184
2.044601
1.939671
2.015149
1.994607
1.948762
2.025454
2.014936
1.952634
1.971218
2.000328
2.009542
2.144919
1.956533
2.009349
1.964294
2.002416
1.969518
2.010199
1.948755
1.988818
1.947687
2.023288
1.964463
2.001911
2.006980
1.999002
1.948021
1.993829
1.972482
1.953587
2.012658
2.030847
1.955483
1.932672
2.037723
2.027614
2.218354
1.952967
2.010826
1.970177
2.060262
1.987903
2.022944
1.954667
2.011099
1.950842
1.997983
1.967979
2.036167
1.960729
2.008248
1.949770
2.028252
1.974061
1.990926
2.000025
2.008497
1.955427
2.014783
2.011684
2.008952
2.048429
1.963679
2.022510
1.958336
2.006455
1.973283
2.004445
1.962341
1.992019
1.961092
2.015201
1.957929
2.007456
1.992565
2.057231
1.965136
2.009453
1.977648
1.978193
2.007635
2.002169
1.967741
1.959791
2.015236
1.946575
2.021710
1.956957
2.043829
1.968017
1.993929
1.973338
2.015252
1.960315
2.007327
1.951491
2.115793
1.961689
2.003740
1.963581
2.049918
1.991593
2.012469
1.950119
1.954631
2.014629
2.004854
1.955696
1.960916
2.019560
1.940698
2.023073
1.968579
2.015218
1.978096
2.009816
1.985604
2.065449
1.942353
2.007319
1.968954
2.037382
2.067691
2.013147
1.962021
1.942540
2.003412
2.003753
1.992839
1.978762
2.012677
2.004047
1.962631
1.977616
2.003874
1.964833
2.001947
1.985581
2.012836
1.961904
2.015496
1.955494
2.007134
1.960721
2.045477
1.946376
2.014501
2.266217
2.014774
1.956049
2.051930
1.945898
2.008221
1.951882
1.968968
2.001399
2.015185
1.955475
1.974426
2.000748
1.954998
2.005109
1.956113
2.009160
1.939484
2.000601
1.991402
2.001649
1.955104
1.996466
1.972587
2.023217
2.292824
2.008753
1.958772
1.997912
2.069826
2.029252
1.966798
1.965292
2.012758
2.012854
1.966723
1.940326
2.016244
1.946390
2.013497
1.949781
2.015549
1.950313
2.015579
1.963955
1.994867
1.947510
2.005831
1.964886
2.017555
2.165798
2.021527
1.975033
2.121801
1.941299
1.988157
1.934022
1.936185
1.986777
1.996921
1.943405
1.978330
1.993835
1.973632
2.021631
1.956797
2.006137
1.955408
2.007070
1.956656
1.992702
1.958939
2.018281
1.967375
2.040885
2.266704
2.006177
1.974756
1.948350
2.004923
2.019246
1.959685
1.951321
2.015790
2.011204
1.995668
1.965393
2.011312
1.938660
2.004363
1.954639
2.008429
1.977730
2.018294
2.016952
1.993903
1.953773
1.999136
1.977342
2.044832
2.166629
1.995833
1.989628
1.943050
2.060158
2.015898
1.941073
1.965056
2.007401
2.017272
1.966935
1.985089
2.001729
1.953014
2.009303
1.949626
2.007422
1.996464
2.000316
1.997751
2.020820
2.026352
2.024953
1.956531
2.097246
1.959321
2.015285
1.993513
1.950940
2.005713
2.025469
1.972993
1.960035
2.022809
1.988329
1.943459
1.961407
2.014968
1.950253
2.004134
1.960669
2.012499
1.989293
2.016165
1.995129
2.008697
1.947560
2.026502
1.956439
2.008281
2.276479
2.030773
1.956763
2.051631
1.941403
2.012510
1.956446
1.956626
2.015572
2.029521
1.969379
1.966162
1.998496
1.964955
1.997909
1.971174
2.013431
1.957610
2.065727
1.999835
2.057121
1.961508
2.002091
1.971119
2.040827
1.979165
2.001259
1.968627
2.011652
1.966023
2.012160
1.989526
1.962805
2.022838
1.994599
1.951998
1.963307
2.005983
1.985370
1.996941
1.971262
2.021506
1.968595
2.027840
1.967075
2.000674
1.970380
2.000938
1.963936
2.144346
2.053782
2.007704
1.978976
2.326889
2.232801
2.074268
2.022323
2.082157
2.029550
2.114845
2.052014
2.095112
2.069061
2.224040
2.047471
2.063491
2.008596
2.030133
2.009970
2.022537
1.972965
2.034759
1.985088
1.964838
2.022399
2.009182
1.968194
1.973333
2.027458
2.005181
2.068572
1.952728
2.029686
1.955932
2.002179
1.988224
2.000734
1.957091
2.008254
1.955006
2.008268
1.946503
2.014603
1.984542
2.017249
1.982817
2.017967
1.959351
1.965017
2.017755
2.008777
1.951555
1.976512
2.026105
2.021833
2.104082
2.044948
2.074162
2.142471
1.970617
1.969074
2.001919
1.950927
2.039144
1.983454
2.016472
1.956854
2.015266
2.001785
2.040846
1.963033
2.004199
1.963159
2.046527
2.194376
2.000853
1.981218
1.952428
2.010596
2.016342
1.972319
1.989956
2.018210
2.009698
1.952127
1.981773
2.023298
1.953092
2.008260
1.954146
2.010044
2.000763
2.027750
1.949717
2.025550
1.952420
2.007229
2.088008
2.051912
1.945414
2.009684
1.974190
2.029833
1.960974
2.002937
2.051819
1.965850
2.004311
2.014183
1.975208
1.952194
2.010247
1.965766
2.039235
2.028146
1.994870
1.968432
2.009108
2.015369
2.013262
1.938235
2.203720
1.949978
2.004804
1.975648
2.010475
1.977268
2.074785
1.941258
2.032953
2.604965
2.037288
1.965073
2.014504
1.971823
2.032571
1.933289
2.014449
1.978773
2.099213
1.978087
2.006450
1.959729
2.016552
2.022040
2.131845
1.961935
1.972917
2.001627
2.144011
1.969974
1.987212
2.003436
1.968346
2.004680
1.981167
2.008169
1.970843
2.040667
2.005582
2.004389
1.982102
2.013816
1.969519
2.016897
2.295517
1.982391
1.997744
2.037696
1.950565
2.008445
1.959857
1.960957
2.009498
1.997541
2.003917
2.010843
2.083412
2.064233
2.169805
1.961751
2.020859
2.114596
1.992362
2.012349
2.032527
1.958588
2.012629
1.965818
2.016903
1.975807
2.003107
1.968275
2.025546
1.957281
2.005270
1.981192
2.043293
2.317250
2.018841
1.973604
2.009210
1.954977
2.005996
1.993579
1.974638
2.011419
2.009217
1.951768
1.959383
1.985077
1.961192
2.012364
1.974557
2.008187
1.981304
2.022406
1.999622
2.020291
1.945503
2.010943
1.960680
2.146548
1.966299
2.020566
1.962145
2.003636
1.971617
2.004149
1.990777
1.959893
2.015813
2.007086
1.969093
1.969444
2.024764
1.959421
2.015464
1.959818
2.036917
1.979244
2.015501
1.985942
2.050547
1.944383
2.018072
1.957651
2.083185
1.960506
2.015832
1.966649
2.016294
1.942516
2.015823
1.954377
1.943416
2.005045
2.022535
1.953412
1.982856
1.998578
1.956231
2.008149
1.964062
2.022427
1.969261
2.002178
1.983303
2.031170
1.956847
2.024561
1.973813
2.017026
2.236507
2.009021
1.956754
1.987402
1.951160
2.009055
1.984048
1.971681
2.020081
2.005133
1.961073
1.973046
2.011069
1.946609
1.996985
1.959892
2.020753
1.956668
2.016699
1.976451
2.026623
1.948387
2.029040
1.955161
2.031857
2.263450
2.007986
1.998323
2.009436
1.963232
2.008622
1.967837
1.962688
2.006996
2.013643
1.966537
2.006453
2.007960
1.975174
2.029245
1.960243
2.013025
1.969073
1.994020
1.991341
2.024682
1.952206
1.998753
1.961603
2.139324
1.965203
2.000820
1.956884
2.008713
1.934537
2.024840
1.960958
1.956606
2.001621
2.006996
1.959976
1.975521
1.998859
1.947731
1.999276
1.969058
2.001098
1.960597
2.013686
1.967135
2.023751
1.943837
1.995226
1.951818
1.965869
2.151617
2.016339
1.956229
1.962509
1.995921
2.001564
1.962717
1.959014
2.020866
2.016214
2.087125
1.972225
1.993704
1.948909
1.986778
1.955995
1.996282
1.963215
2.025450
1.969924
2.052289
1.926768
2.017191
1.989360
1.962585
2.016724
2.009956
1.965059
1.981707
2.025493
2.067460
1.954526
1.966029
2.016939
1.952362
2.018031
1.982084
2.020768
2.000337
2.030591
1.969753
2.025305
1.973882
2.037217
1.994315
2.033968
1.941881
2.006083
1.952055
1.956606
2.004505
2.000299
1.991364
2.022358
2.018677
2.083586
1.966135
1.955774
2.047290
1.964462
2.014469
1.996912
2.050859
1.942426
2.006320
1.980558
2.029085
1.968964
2.025148
1.969136
2.062344
1.958580
2.004018
1.969183
1.954737
2.257458
2.005926
1.971366
1.976492
2.004981
2.002170
1.957881
1.960751
2.014741
2.055183
1.965884
1.979915
1.997345
1.964794
2.021863
1.959808
2.016751
1.952683
2.011433
1.970073
2.021833
1.939369
2.019391
1.963169
3.678137
2.403231
2.120576
2.142098
2.126475
2.153272
2.104083
2.158498
2.131391
2.145123
2.138824
2.135035
2.122824
2.157386
2.110343
2.162652
2.116626
2.155403
2.137626
2.236474
2.103924
2.158668
2.105114
2.162662
2.213937
2.104546
2.112674
2.156180
2.156479
2.126624
2.121400
2.166947
2.160635
2.107380
2.204638
2.097111
2.175614
2.103949
2.320659
2.195422
2.178473
2.119118
2.163564
2.110015
2.001330
1.958725
2.009710
1.973278
2.024132
1.957091
1.988620
1.959143
2.007272
1.951291
1.955855
2.015759
2.001446
1.991498
1.976109
2.000244
1.942596
2.019168
1.960915
2.009886
1.966081
2.031608
2.000859
2.009217
1.955201
2.028837
1.967098
2.133426
1.963922
2.009521
1.983571
1.990938
1.949676
1.999953
1.984788
1.965141
2.002572
2.005002
1.958718
1.974518
2.001500
1.971946
2.044669
1.967607
2.011135
1.952016
2.014661
1.974874
2.020076
1.958669
2.003514
1.977011
2.026765
2.224810
1.997897
1.950438
2.043324
1.930542
2.037621
1.962304
1.959129
2.010538
2.015376
1.996324
1.957931
2.010901
1.953816
2.046216
1.960424
2.007233
1.959196
2.015306
1.990603
2.013064
1.943834
2.007400
1.959137
2.133816
2.105718
2.010142
1.968112
1.963862
2.009206
2.011206
1.961369
1.965906
2.010453
2.006151
1.959904
1.969463
2.021231
1.946153
2.008656
1.960850
2.009395
1.964988
2.012149
1.983461
2.041575
1.945187
2.004317
1.949870
2.197201
2.043394
2.003288
1.962611
2.000149
1.942501
1.994963
1.939531
1.934574
1.997958
2.012340
1.973952
1.982023
1.993192
1.973242
2.021572
1.956115
2.016141
1.971130
2.005933
1.963007
1.995351
1.958089
2.021575
1.957553
2.099901
2.259720
2.013049
1.986104
2.010290
1.975492
2.019710
1.963682
1.955424
2.014659
1.998085
1.953543
1.954908
1.998869
1.980080
2.038403
1.970551
2.020556
1.969071
1.994014
1.963889
1.995198
1.976202
2.032911
1.962454
2.061817
2.089609
2.004132
1.982080
2.059296
1.979660
2.005521
1.954527
1.960855
1.994952
2.012382
1.970861
1.959113
2.012046
2.002843
2.015446
1.960281
2.047570
1.950966
2.018701
2.005875
2.028590
1.940054
2.014094
1.968293
2.070810
1.964012
1.993121
1.973863
1.937143
2.000671
2.007969
1.953380
1.955853
2.010715
2.029740
1.978418
1.949764
1.987929
1.945345
2.007563
1.977101
2.036037
1.957018
2.015936
1.973991
2.007968
1.971409
2.000388
1.984710
2.026785
2.225317
1.990764
1.981876
2.018359
1.942138
2.027745
1.948728
1.977970
1.996326
2.014556
1.946142
1.966445
1.996137
1.962850
2.011328
1.983791
2.023683
1.950734
2.019587
1.973297
1.997607
1.957470
2.010457
1.979384
2.018491
2.234380
2.002504
1.972281
2.025636
1.946042
2.002036
1.948418
1.963061
2.004574
2.002916
1.960975
1.981634
1.988627
1.950901
2.034322
1.953917
2.015441
1.990850
2.012873
1.981500
1.995395
1.969066
2.025214
1.979199
2.194918
1.979734
2.029154
1.970506
2.008458
1.954764
2.013800
1.948343
1.961932
2.004080
2.012420
1.985255
1.962304
2.075704
1.974565
2.044030
1.948311
2.019386
1.956994
2.009329
1.970028
2.003399
1.980783
2.024725
1.956850
2.116815
2.055967
2.010974
1.955923
2.015288
1.973536
2.000903
1.965315
1.964228
2.004541
2.017783
1.967589
2.119848
1.942951
1.949652
2.005808
1.994422
2.026613
1.960085
2.006474
1.978201
2.000310
2.007385
2.026269
1.969691
2.019875
2.063769
1.999020
1.975980
1.961400
2.008643
1.993129
1.999633
1.933883
1.988884
1.981733
1.943316
1.949914
1.937172
1.949907
2.050482
1.996489
2.065115
2.158891
2.105633
2.159698
1.941803
1.937026
1.975740
1.953230
2.041787
1.960592
2.002743
1.960942
2.899716
1.952565
1.960343
2.014284
2.057838
2.160418
2.020846
1.974009
2.455802
2.336474
2.013981
1.948762
1.987625
1.957968
2.025028
1.989844
2.006430
1.970067
2.027721
1.961564
2.133681
2.063273
2.011902
1.963777
2.054616
1.953023
2.013448
2.112783
1.956196
2.004619
1.992180
1.949413
1.988591
2.014267
1.958942
2.010488
2.018007
1.983224
1.937035
1.998133
1.976060
2.007111
1.965861
2.013712
1.960075
2.105608
1.975104
2.028597
1.987962
1.970567
2.011841
2.019514
2.001188
1.957274
1.999757
1.990062
1.962035
1.994157
2.015186
1.964196
1.993297
1.955064
2.007909
1.998847
2.018086
1.994050
2.005426
1.966115
2.008087
1.953346
2.048964
2.142122
1.989706
2.018919
1.956279
2.007899
2.011122
1.996871
1.946290
2.001071
1.995493
1.954801
2.053409
2.016954
1.952631
2.006155
1.950299
1.997686
1.961062
2.022664
1.978548
2.023134
1.961159
2.017765
2.004789
2.016330
1.944099
2.017733
1.961687
1.955244
2.023416
2.018740
2.105212
1.991657
1.999875
2.016708
1.962232
1.979466
1.997698
1.959702
2.034358
1.943332
2.010007
1.961561
2.008372
1.986895
2.009509
1.944887
2.028214
1.971995
2.117856
2.047729
2.005940
1.987715
1.984303
2.015252
2.011026
2.006014
1.956134
2.010101
2.008705
1.958767
1.960874
2.007508
1.977946
2.024995
1.971337
2.015710
2.001986
2.010216
1.987272
2.060723
1.950053
2.027061
1.948420
2.018607
1.969018
2.010289
1.972309
1.956613
2.015594
2.037971
1.950486
2.022541
2.012167
2.001990
1.938950
1.950141
2.013422
1.941690
2.018156
1.964337
2.024193
1.951210
2.016068
1.979607
2.017188
1.960226
1.996958
1.965252
2.008144
2.236950
2.013215
1.963856
1.963149
2.080891
2.038472
1.954718
1.992137
1.999235
2.004515
1.972618
1.947413
2.018387
1.943357
2.010638
1.967715
2.025735
1.985315
2.008226
1.991779
2.007704
1.973200
2.011799
1.982552
2.013973
1.971144
2.012124
1.968082
2.054288
1.939876
2.004089
1.965213
1.994796
2.024001
2.009818
1.964182
1.976470
1.989284
1.956833
2.010714
1.996094
2.002211
1.971424
2.037052
2.007540
2.008884
1.958683
2.034665
1.990708
2.049391
2.065009
2.016472
1.986485
1.999480
1.974930
2.012651
1.984215
1.969583
2.006961
2.045838
1.970293
1.945933
2.015276
1.958044
2.021701
1.961758
2.027721
1.953205
2.008347
1.965801
2.004113
1.962119
2.039461
1.972107
2.047656
2.041774
2.002570
1.964609
2.018537
1.968225
2.026121
1.974751
1.974383
2.004068
2.016687
1.961131
1.974612
2.005728
1.950804
2.013999
1.973500
2.071136
1.950561
2.004188
1.983370
2.016587
1.953859
1.999004
1.948841
2.146311
1.960297
2.011091
1.956926
2.048584
1.936863
2.009203
1.954074
1.960722
2.007570
2.008925
1.962977
1.972281
2.008724
1.946485
2.000930
1.957880
2.010556
1.950442
2.022951
1.993561
1.970380
2.021313
2.000831
1.946760
1.960881
2.268565
2.081502
1.953448
1.950321
2.043647
2.026051
1.976659
1.955534
2.005078
2.004341
1.961241
1.979834
2.032157
1.953015
2.012557
1.962917
2.035872
1.993999
2.021941
1.988580
2.020445
1.955826
2.001701
1.965299
2.169861
1.955991
2.005272
1.963750
1.964002
2.066579
2.037830
1.952565
1.966804
2.011939
2.005985
1.958817
1.959110
2.013147
1.952468
2.010705
1.962065
2.036830
1.938877
2.029636
1.980404
2.007234
1.965755
2.008252
1.982479
2.066134
2.138076
2.009222
1.955532
1.947912
2.020509
2.009819
1.956627
1.972349
2.018734
2.048587
1.972932
1.958748
1.994518
1.951594
2.014896
1.995096
2.006472
1.962049
2.015362
1.973406
2.025064
1.955036
2.023785
1.965673
2.167751
1.957402
2.012410
1.955000
1.952614
2.036774
2.020886
1.992714
1.950421
2.005749
2.046912
1.970750
1.980490
2.028940
1.937800
2.008853
1.961477
2.031788
1.997619
2.001162
1.980583
2.014238
1.951271
2.003308
1.953557
2.102583
2.061496
2.006819
1.959345
1.959924
2.004815
2.029916
1.993441
1.969879
2.039168
2.008459
2.001322
2.007905
2.019407
1.952843
2.000884
2.018888
2.070850
2.008883
2.007714
1.979336
2.016210
1.943749
2.009217
1.962795
2.011191
1.963085
2.000220
1.966860
1.986329
2.055216
2.010234
1.995017
1.979478
2.061492
1.998336
2.049437
1.961780
2.052169
1.940140
2.145887
1.961041
2.045353
1.954481
2.054871
2.027318
2.068920
2.013253
2.002740
2.003809
2.052441
1.985355
2.005398
2.005758
2.055495
1.948936
2.032476
1.985949
2.120376
2.084376
2.004941
1.984226
1.982560
2.007006
2.029212
1.948349
1.966492
2.014257
1.993892
1.997483
1.985047
2.058406
1.995251
1.994679
1.945754
2.025228
1.948495
2.011866
1.980274
2.009846
1.937814
2.016879
1.970336
2.005703
2.110263
2.023925
1.937075
1.946733
2.002010
2.016655
1.950733
1.979739
2.036882
2.001901
1.981151
1.966297
2.003391
1.942071
2.001382
1.976334
2.015071
1.975100
2.016073
1.980476
2.008042
1.949432
1.995167
1.940575
2.015681
2.216153
1.999853
1.990930
1.957385
1.998316
1.993401
1.950571
1.955938
2.011444
2.027690
1.984205
1.965966
1.995771
1.940904
2.013127
1.945930
2.010076
1.969031
2.008547
1.990726
1.982413
2.022771
1.999171
1.960522
2.017170
2.223390
2.021723
1.961950
1.948897
2.013109
2.023568
1.972962
1.955625
2.023603
1.995506
1.963724
1.954948
2.017116
2.027451
1.993290
1.950523
1.995895
1.950331
1.995146
1.954646
2.005262
1.942359
2.022268
1.969060
2.033049
2.235822
2.030836
1.978088
2.012429
2.008407
2.011025
1.983665
1.950890
2.022731
2.009929
1.944300
1.976955
2.027632
1.944705
2.032086
1.983928
2.016522
1.965819
2.009263
1.996607
2.011229
1.937827
2.012254
1.987087
2.087521
2.976197
2.452733
2.126844
2.173130
2.152028
2.098644
2.120496
2.157182
2.163717
2.116550
2.132313
2.172021
2.162109
2.102902
2.171612
2.234608
2.173051
2.146547
2.148114
2.115090
2.185332
2.116059
2.166722
2.128268
2.159730
2.165229
2.151718
2.155145
2.469005
2.107718
2.144606
2.176857
2.136579
2.156172
2.144038
2.142486
2.095746
2.304786
2.097592
2.183295
2.118217
2.153937
2.087987
2.146772
1.950027
2.008429
1.957527
2.029638
1.965999
2.011646
1.950910
1.989602
1.973498
1.958571
2.034466
1.991470
1.950548
1.972563
2.049004
1.946209
2.008991
1.981079
1.995659
1.945441
2.005866
1.983848
2.038293
1.962638
2.026002
1.971557
2.054414
2.101014
2.013517
1.951747
2.009401
2.000557
1.995338
1.955522
1.965278
2.011109
2.002207
1.949660
1.966290
2.005844
1.946720
2.026547
1.952205
2.044331
1.946579
2.010192
1.990386
2.036772
2.147284
2.250172
2.113069
2.151106
2.107746
2.173670
2.139905
2.188223
2.104026
2.161234
2.106549
2.170704
2.162471
2.110697
2.117807
2.182575
2.169233
2.109913
2.118438
2.158456
2.156181
2.105912
2.140969
2.105138
2.147251
2.096906
2.276962
2.220253
2.182019
2.034811
1.943363
2.016236
2.025847
1.955305
2.062891
2.237513
2.015068
1.989372
1.945645
2.007136
2.008104
1.958864
1.956228
2.014272
2.009764
1.986322
1.957343
2.011290
1.955818
2.008045
1.964458
2.011834
1.985659
2.040158
1.958751
2.002955
1.956993
1.995974
1.955951
2.002461
2.226096
1.999234
1.964327
1.965751
1.954890
2.005713
1.953176
1.952490
2.038390
1.994742
1.978742
1.979745
1.941482
1.934865
1.956249
1.961290
2.116186
1.968815
2.035855
2.026081
2.037426
2.006571
2.337921
2.210198
2.446496
1.941436
2.007816
1.985782
2.014724
1.993376
1.956400
1.959206
2.028473
1.953618
2.009378
2.004115
2.350158
1.934821
1.975370
1.956181
1.958730
2.035182
2.009609
1.970923
2.004267
1.967483
1.942701
1.959044
1.965547
2.003041
1.950410
2.021687
1.961674
2.004797
2.004737
1.952706
1.971274
2.014874
1.954999
2.014698
1.975699
2.051003
2.067009
1.944783
1.969345
1.959503
2.001318
2.044529
1.979031
2.633886
1.943178
1.956189
1.956901
1.954654
2.000413
2.085367
2.199809
2.510741
1.940101
1.964642
1.958947
1.961313
2.015410
2.084942
2.109823
3.093200
2.037011
1.945287
1.963364
2.027662
2.215994
2.014029
1.962311
2.008406
1.927011
1.954889
1.946805
1.998778
1.981611
2.104025
2.055609
2.544683
1.928782
1.944330
1.945793
1.945756
2.014651
1.942575
2.016920
1.983247
1.996884
1.950434
1.980885
1.953653
2.005723
1.951115
2.008825
1.928308
1.983975
1.926824
1.934432
1.940448
1.934617
1.973537
2.126974
2.075848
1.929181
1.975722
1.969319
1.942762
1.931736
1.979603
1.941497
1.975785
1.926099
1.961803
1.920311
1.925467
1.922115
1.941377
2.001763
1.976902
2.061957
2.103029
1.959758
1.909267
1.939656
1.962148
2.019370
1.938135
1.986879
1.970027
1.965002
1.926908
1.944047
1.962962
1.946845
2.007392
1.991492
1.994863
1.912302
2.008715
1.927461
1.951845
1.927923
1.993986
1.960828
2.017562
1.993161
1.972178
1.935962
1.931705
1.937655
1.932205
2.413473
1.972596
1.972663
2.031316
1.934295
1.923045
1.936199
1.942685
1.998217
2.139781
2.133676
1.973729
1.926641
1.924624
1.934618
1.954479
2.022113
1.940179
1.997198
1.981112
1.980310
1.938789
1.951481
1.977977
1.937610
2.017356
1.990473
1.978265
1.977792
1.915800
1.974007
1.936717
1.978079
1.990863
1.929326
1.999915
1.998788
1.975841
1.934467
1.943410
1.942977
2.040111
2.221250
2.001216
1.985516
1.966745
1.936491
1.938225
1.953029
1.948570
2.025996
2.156527
2.130789
2.009923
1.928698
1.994442
1.937033
1.934262
2.026905
1.948071
2.003497
2.013307
2.005804
1.952733
1.967463
1.962751
2.021508
2.230720
2.022255
1.949645
1.981550
2.044944
1.946505
1.954575
1.969947
2.005115
2.083392
2.068386
1.958384
2.007244
1.943235
1.963014
1.956189
2.030681
1.942792
1.996409
1.964964
1.996314
1.936493
1.958106
1.979856
2.008227
2.128010
1.991892
1.948577
1.992598
1.949648
1.959892
1.946830
1.962716
2.000646
2.161612
2.185416
2.007708
1.942527
1.936194
1.941656
1.949815
1.998177
1.949545
2.010693
1.959936
1.996798
1.950620
1.956820
1.959086
2.092356
2.215215
2.012338
1.951706
2.019673
1.958468
1.963309
1.950602
1.968217
1.994199
2.091279
2.130819
2.014375
2.007091
1.951718
1.961156
1.956584
2.012622
1.944485
2.027904
2.037686
1.986926
1.947427
1.955838
1.953810
2.118855
1.946733
2.005248
1.968189
2.006083
1.978341
1.969001
1.962320
1.961124
2.020589
2.136293
2.128054
2.026445
2.002775
1.941439
1.951898
1.955729
2.023223
1.971607
2.022392
1.990750
2.073260
1.954270
1.980715
1.969191
2.076612
1.986105
2.039242
1.974887
2.022752
1.979726
1.958092
1.965934
1.968171
2.017681
2.031255
2.102526
1.968942
1.973829
1.943314
1.964768
1.969242
2.067657
1.988846
2.204847
2.116556
1.947137
1.949667
1.957933
1.959833
2.021371
2.073718
2.030443
2.049323
1.946819
1.956704
2.279486
2.375545
2.006088
1.959132
2.009267
1.974419
1.967370
2.009488
1.946540
1.947071
1.944037
2.004412
1.990029
1.956615
1.970358
1.937715
1.974097
2.031072
1.952633
2.044353
1.968951
2.311990
2.012580
1.995454
1.929738
1.950737
1.951302
2.013719
1.989863
2.008496
1.961448
2.026194
2.017136
1.939057
1.966822
1.954939
2.017548
2.026974
1.957851
1.947443
2.016392
1.951637
1.961085
1.955753
2.012412
1.954994
2.008251
1.975367
1.984338
2.015366
1.952281
1.951890
2.017376
2.293174
2.017443
1.973579
2.009923
1.958925
1.970076
1.952066
1.974260
2.003687
2.096021
2.005643
1.966510
2.018648
1.948479
1.960404
1.970908
2.007935
1.967115
2.016162
1.999981
2.027251
1.933731
1.961078
1.954778
2.040040
2.184877
2.019110
2.014211
2.372538
1.937852
1.971988
1.976391
2.065914
2.312190
2.004198
1.995738
2.019757
1.942868
1.946753
1.984284
1.990367
1.996665
2.053150
2.057403
2.324821
2.053181
1.964188
1.960625
1.955728
2.007145
1.952612
2.032843
2.010571
2.006045
1.978824
1.970188
1.959906
2.021206
1.967803
2.033811
2.013851
1.998596
1.957619
1.973658
1.961160
1.956675
2.002233
2.021390
1.996690
2.002989
1.978296
1.948541
1.958631
1.991487
2.057533
1.968931
2.029389
2.027105
1.996590
1.969741
1.963275
1.973220
2.007523
1.985325
2.117473
1.979175
2.039718
1.990278
1.960518
1.979384
1.977845
2.018633
2.015513
2.007602
1.942706
1.999574
1.952473
1.980721
1.959044
2.006117
1.958509
2.030744
1.966057
2.027398
1.968263
1.960483
1.959128
2.045019
1.959965
2.129281
1.970231
2.022594
1.952309
1.978943
1.971302
1.966518
2.009487
2.043270
2.001970
2.086261
1.945232
1.953235
1.974250
1.962229
2.019611
1.964444
2.100905
1.974174
2.007157
1.969808
1.962746
1.959018
2.029798
1.957503
2.010085
1.951888
2.032924
1.956173
1.979773
1.970106
1.972849
2.026737
2.094270
2.110832
1.979315
2.004852
1.943710
1.981640
1.953870
2.009736
1.963912
2.021766
1.973251
2.008860
1.977634
1.974209
1.964625
2.059680
1.955400
2.018290
1.963560
2.011692
1.950805
1.957991
1.974227
1.960250
2.021821
2.101184
2.185009
2.022421
1.951619
1.978392
1.955168
2.016271
1.999830
1.956297
2.008880
1.998305
2.039559
1.951667
1.949191
1.955428
2.121638
1.988775
2.010722
1.971108
2.025351
1.956386
1.948437
1.993899
1.976504
2.010197
2.060882
1.987911
1.979963
2.001216
1.992529
1.950041
1.963385
2.031806
1.954101
2.020090
1.970450
2.008770
1.949751
1.962945
1.961044
2.112353
2.089978
2.036937
1.945903
2.019005
1.942512
1.963362
1.949841
1.954355
2.017579
2.058894
2.099596
1.945500
1.983923
1.985755
1.955018
1.968164
2.022500
1.963962
2.010711
1.971853
2.004184
1.950596
1.974296
1.979458
2.009157
2.289495
2.012516
2.000812
2.047162
1.958842
1.942111
1.963648
1.970163
2.015693
2.034834
1.965712
1.960997
2.033772
1.967558
1.982102
1.955741
2.040397
1.954271
2.000940
1.997934
2.005908
1.975609
1.981383
1.960571
2.086769
2.102442
2.015510
1.982881
2.008587
1.947392
1.959843
1.952027
1.954828
2.007725
2.085855
2.049309
1.968044
2.033969
1.956738
1.961086
1.957839
2.012552
1.965417
2.014488
1.977182
1.990875
1.951657
2.016580
1.981492
2.010677
2.344087
2.035038
1.978945
2.005105
1.956428
1.961539
1.967448
1.978162
2.024991
2.008624
1.967132
1.999273
2.021801
1.978028
1.976484
1.947908
2.008446
1.975153
2.017475
1.983588
1.999519
1.995331
1.953027
1.973209
2.133881
1.989168
2.018537
1.971269
2.007991
1.934958
1.972124
1.975541
1.955517
2.214348
2.007829
1.937987
1.961005
1.957758
1.968839
1.952049
1.954575
2.076941
2.022807
2.000843
1.979183
2.019835
1.970155
1.945732
1.966644
2.205657
2.007442
2.012757
1.957165
2.023910
1.947677
1.971966
1.961422
1.960691
2.012431
1.986399
1.972108
2.015652
1.946232
1.964381
1.969730
1.962406
2.020971
2.103297
2.012492
2.013456
2.032097
1.944617
1.991783
1.954492
2.183336
1.991146
2.031558
1.982441
2.011654
1.945768
1.993624
1.968994
1.983181
1.997642
2.011047
1.944027
2.002032
1.943670
1.936666
1.959199
1.976376
2.017956
1.949096
1.986535
1.968702
1.990723
1.990646
1.956190
1.960564
2.004218
2.390265
2.069684
1.962532
2.007040
1.973098
1.967712
1.973110
1.967465
2.074859
1.995277
1.962495
1.993132
1.949388
1.937740
1.952794
1.951050
2.027226
2.003672
2.012633
1.985637
2.002794
1.953791
1.963209
1.953466
2.069982
2.242592
2.055701
1.994793
2.084900
1.941111
1.956184
1.959822
1.952791
2.024092
1.998658
1.973180
1.990800
2.053365
1.949170
1.966136
1.976289
2.018732
1.986890
2.012567
1.991655
2.000900
1.956570
1.954891
1.958564
2.164104
2.007726
2.016407
1.983183
1.989767
1.958894
1.954880
1.963971
1.961191
2.021674
2.009392
1.957576
1.971644
2.012881
1.981919
1.984816
1.963005
2.039655
1.963566
2.022207
1.992459
2.009462
1.938777
1.981483
1.964366
2.141621
1.958749
2.024492
2.028008
2.005339
1.951925
1.949333
1.954750
1.956698
1.999191
2.015572
1.957243
1.969334
2.021082
1.984634
1.978404
1.951983
2.088332
1.937295
2.043886
1.984846
2.081490
1.951407
1.955513
1.958825
2.120358
2.150154
2.025825
1.960245
1.998295
1.950475
1.951038
1.966074
1.962236
2.007401
2.005410
1.971107
1.953744
2.007638
1.952920
1.959953
1.973538
2.012624
1.959801
2.016836
1.993806
2.011173
1.961026
2.042278
1.966715
2.163447
2.154784
2.021346
1.967832
1.998260
1.971342
1.977920
1.954619
1.983688
2.014914
2.007514
1.963421
2.061318
1.946650
1.965114
1.970384
1.965984
2.016378
2.008624
2.012437
1.967694
1.995818
1.991544
1.958029
1.978093
2.071567
2.222109
2.039755
1.982278
2.044486
1.958481
1.951229
1.951052
1.966137
2.044222
2.005102
1.980958
1.977697
1.994806
1.960170
1.962845
1.969305
2.010837
1.955704
2.010348
1.984313
2.001768
2.013466
1.959801
1.969472
2.155629
1.973198
1.990525
1.950696
2.010274
1.943782
1.965259
1.968196
1.961016
2.152092
1.993537
1.952593
1.963031
2.018290
1.955925
1.952781
1.963152
2.016325
1.959283
2.031767
2.018495
2.015407
1.967089
1.969347
1.951751
2.136342
2.164673
2.029716
1.985432
2.007250
1.948480
1.996981
1.951896
1.975399
1.999856
2.027449
1.989768
1.982089
2.025777
1.951477
1.960809
1.967794
2.007879
1.948344
2.021529
1.986373
2.010841
1.949785
1.978500
1.967101
2.072449
2.160026
2.021632
1.968258
2.003788
1.950764
1.974456
1.971644
1.965300
2.009336
2.025708
1.977541
1.957948
2.007147
1.966662
1.968213
1.950660
2.004806
1.964975
2.016184
2.002837
1.996712
1.967618
1.948087
1.961922
2.186885
2.158628
2.010996
1.952567
2.019550
1.951439
1.983451
1.964788
1.957825
2.035969
2.005948
1.953437
1.962899
1.993899
1.957799
1.985495
1.965520
2.024794
1.950090
2.012899
1.968840
2.028530
1.967791
1.945459
1.966216
2.027944
2.416521
2.041256
1.964883
2.000515
1.954525
1.945822
1.977875
1.951543
2.023710
2.029169
1.969957
1.960746
1.994820
1.941295
1.990560
1.965526
2.029208
1.959009
2.004634
1.989421
2.010974
1.961960
1.954655
1.959300
2.070159
2.090867
2.019268
1.965002
2.007192
1.961891
1.933438
1.953744
1.960055
2.014888
2.031393
1.977950
1.948106
2.023405
1.977863
1.954058
1.950666
2.015807
1.957067
2.014145
1.983358
2.055487
1.933262
1.970944
1.955641
2.056278
2.445373
2.051047
1.976289
2.011913
1.954749
1.974389
1.962901
1.949600
2.025987
2.004082
1.976575
2.021729
2.007972
1.945476
1.952483
1.986769
2.012427
1.964573
2.028673
1.976200
2.013052
1.939445
1.959132
1.948945
2.090255
2.131980
2.012158
1.962506
2.039814
1.939053
1.953389
1.971846
1.964226
2.015665
2.036841
1.939778
1.974486
1.939773
1.962681
1.951475
1.978515
2.031979
2.001034
2.009769
2.010977
1.979255
1.938590
1.965789
1.972323
1.995714
2.256374
1.993503
1.958377
1.989785
2.012198
1.974674
1.948551
1.969758
2.020746
2.006694
1.988582
1.964183
2.007163
1.955722
2.036036
2.219933
2.253575
1.977648
2.091268
2.008516
1.964206
1.948745
1.978226
1.953377
2.034648
1.971797
2.000417
1.984177
1.959852
1.936988
1.931116
2.005339
1.956788
2.264850
2.043191
1.996294
2.141090
2.109535
1.965100
1.943970
2.526592
2.850151
2.008832
1.976870
2.045151
2.126545
1.970401
3.007013
2.020685
2.063984
1.975759
2.069578
2.054463
2.024184
1.949503
2.013164
2.015015
1.955560
2.024492
1.990204
1.993791
1.947607
1.953372
1.948350
2.051012
2.493609
2.106406
2.709364
2.055172
1.959828
2.041190
1.966747
2.195558
2.101532
2.004232
1.995219
2.032657
2.016606
2.001013
1.986549
2.008778
2.360331
2.033878
2.066925
1.979208
2.063123
1.991673
1.951038
2.004247
1.949032
2.010953
1.976726
1.969278
1.939012
1.957776
1.961493
1.969435
2.038163
2.036545
2.009516
1.991821
1.955105
1.951016
1.954617
1.958653
2.017881
2.078521
1.999391
1.985232
1.951581
1.949657
1.990371
1.938542
2.046787
2.246301
1.993786
1.999103
1.967104
2.003420
1.931208
2.005601
1.952128
2.075754
2.022821
1.993028
1.991074
1.965850
1.943767
1.976401
1.931375
2.025949
1.944207
2.018585
1.972912
1.978567
1.945155
2.003980
2.048291
2.008158
2.091033
2.011054
1.984006
2.008527
1.935794
1.954957
1.968613
1.963557
2.068317
2.043902
1.962625
2.081908
2.053568
2.077895
2.193436
1.948467
2.058483
1.953375
1.979407
2.003799
1.934833
1.937500
1.931457
1.948312
2.042912
2.066967
1.994278
1.947536
2.033379
1.961971
2.009378
2.025371
2.119832
1.987092
1.980497
1.943028
1.968755
2.020546
1.957360
2.026056
1.995284
2.002175
1.939983
1.981699
1.964934
1.989510
1.946604
2.022748
2.007567
2.059135
1.943080
2.006237
1.932757
2.065722
1.969014
2.027065
2.147396
1.938228
1.994755
1.998038
1.940025
1.974257
1.997950
1.981395
2.018491
1.998478
2.027454
1.988664
1.988571
1.992483
2.000730
1.955958
2.036116
2.016012
2.060471
1.945161
1.986757
1.950674
1.997579
2.085925
2.025015
2.114380
1.979167
2.002454
1.987381
1.937312
1.951822
1.992614
1.965034
2.141717
1.989150
1.997923
1.955161
2.002114
1.976136
2.015174
1.947351
2.018660
2.004451
1.985672
1.945208
1.988899
1.952002
2.020425
1.958791
2.000750
2.000446
1.994492
1.985572
2.002263
1.939724
1.978512
2.038414
1.945765
2.048191
2.003927
1.992816
1.944558
2.008229
2.008757
2.057835
1.959366
2.006984
1.947511
2.043730
2.056263
1.992283
1.956654
1.941174
2.057187
2.002682
1.994792
1.943212
1.996861
1.994071
1.938117
1.973917
2.018499
1.935010
2.015641
1.936135
1.999121
1.943050
2.007359
1.974731
1.986545
1.980849
2.043930
1.940791
2.038632
2.231734
2.002211
1.946152
1.942710
1.992385
2.021232
1.984499
1.950854
1.985625
2.060477
1.943353
1.951922
2.026133
1.979292
2.020103
1.950944
1.992674
1.946986
1.994892
1.954494
1.998916
1.953810
1.998740
1.943491
1.975234
2.006070
2.012218
1.950495
2.028512
2.037674
2.024041
1.990672
1.954852
2.001981
1.939045
2.004457
1.972609
2.041927
1.966098
2.039781
1.970353
2.214898
2.144707
2.177630
2.176327
2.205569
2.135266
2.196224
2.125237
2.184551
2.180421
2.139361
2.179945
2.130140
2.227377
2.189526
2.201809
2.480500
2.166157
2.198010
2.191677
2.147505
2.246149
2.180530
2.220017
2.147614
2.192201
2.220355
2.125912
2.180119
2.180683
2.148209
2.178166
2.190538
2.139433
2.194129
2.124663
2.204150
2.131540
2.193510
2.124401
2.205500
2.153405
2.185608
2.122943
2.188087
2.115520
2.167881
2.116932
2.198700
2.166667
2.208446
2.192313
2.267151
2.121275
2.176871
2.172827
2.149746
2.186763
2.122227
2.183980
2.133845
2.166635
2.132547
2.168195
2.148112
2.190026
2.134301
2.181628
2.139033
2.176571
2.135632
2.167522
2.198201
2.199601
2.192363
2.356958
2.139753
2.185102
2.191230
2.143370
2.211644
2.126027
2.191259
2.122276
2.196672
2.129506
2.206816
2.182157
2.199318
2.147448
2.243923
2.131016
2.196900
2.262453
2.137569
2.198194
2.191523
2.191572
2.174956
2.126255
2.415084
2.173744
2.174709
2.371759
2.104627
2.112970
2.056587
2.067285
2.043338
2.084701
2.098283
2.112561
2.064461
2.156845
2.022205
2.219746
2.221718
2.094618
2.067111
2.099649
1.974027
2.048211
1.989134
2.032042
2.002311
2.026247
2.009566
2.039143
1.984781
2.055959
1.984121
2.080152
1.973683
2.036660
1.992110
2.047390
1.989138
2.039475
2.037278
2.087376
2.356247
2.029835
2.057387
2.050259
1.974818
2.067046
2.003592
2.099378
2.492259
2.036041
2.095705
2.111199
1.975940
2.034951
1.965719
1.968790
2.151843
2.046045
2.017154
1.995115
2.023408
2.034119
1.976792
1.974183
2.085548
2.019658
1.972121
1.983489
1.978045
2.054762
1.982486
1.923025
2.079042
1.963828
2.018592
2.005725
1.965037
1.963895
1.935535
1.952546
2.069417
1.993046
2.039290
2.042683
2.001168
1.925745
1.976068
2.020352
2.048134
2.071634
2.080959
1.953294
1.970107
1.922078
1.978190
1.942245
1.961521
2.047085
1.975432
1.974548
1.982494
1.979463
2.016506
1.924088
1.927239
2.113477
2.184821
1.979292
2.055387
1.932355
1.976457
1.991575
1.966374
1.943290
2.038374
1.988568
1.991452
2.061791
2.451829
2.028054
2.052951
1.983946
2.035406
2.097611
1.978358
1.974313
2.118020
2.418976
2.787834
2.073622
2.141320
2.068083
2.028265
2.029061
2.032058
2.082531
1.954923
1.962615
2.016957
2.048893
1.951486
1.978320
2.025891
1.972937
1.963010
2.022450
2.031795
1.965904
2.012569
1.991409
1.943513
1.958446
1.948587
1.947416
2.034101
1.981664
2.016593
2.000242
1.943720
2.063389
2.110560
1.992906
1.955047
2.022142
1.997331
1.976812
1.962268
1.983190
1.950728
1.978695
1.942034
2.029862
1.963022
2.040150
2.049037
2.029305
1.967107
1.947415
1.937037
2.068327
1.939677
2.029731
2.010543
1.992863
1.958331
1.964822
1.967111
2.122724
2.127164
2.036294
1.935398
1.964465
2.036607
1.953650
1.945322
1.938760
2.083369
1.998236
2.027012
2.000505
1.951147
1.995539
1.935382
1.960844
2.069898
1.964095
1.987685
2.047888
2.011816
1.977167
1.985544
1.956674
1.957496
2.126047
2.058853
1.960566
1.995241
1.969636
1.942728
1.946242
1.939785
2.059361
1.944355
2.014881
1.981342
2.024643
1.958922
1.962976
1.929962
2.149534
1.928975
2.021408
2.001185
1.997477
1.942025
1.972144
1.946041
1.953536
2.040807
2.005631
1.925300
1.973483
1.936687
1.938428
1.931393
1.949062
1.998716
1.950889
1.999682
1.980190
1.949164
1.932804
1.943028
1.925722
1.940923
2.018230
1.988486
1.935336
1.943326
1.933510
1.956065
1.924770
1.961713
2.145073
1.948805
1.997326
2.176097
2.052182
2.012134
1.940521
1.942120
2.061036
2.134745
2.566101
1.988500
2.023811
2.061447
2.060730
1.952951
1.991588
1.957762
1.991335
1.952764
1.997992
2.072690
1.950967
1.956759
1.947277
2.005260
2.001814
1.941075
1.957834
1.998890
2.058005
1.943256
1.949366
2.005015
1.988419
2.007005
1.971757
1.996954
2.416786
1.953529
1.939899
1.999148
1.941210
1.996119
2.016080
1.995021
2.207846
1.954420
1.935870
1.943578
1.998118
1.999731
1.951489
1.956432
2.029180
2.052199
1.943667
1.943623
2.040991
1.944576
3.280513
2.788925
2.245081
2.106975
2.100014
2.150211
2.086871
2.146974
2.108739
2.177857
2.287316
2.093774
2.098603
2.143368
2.167833
2.108844
2.156256
2.530599
2.336616
2.106995
2.155371
2.169421
2.146321
2.143881
2.200550
2.216413
2.101034
2.096945
2.155170
2.106256
2.142140
2.095591
2.571979
2.096172
2.098715
2.139016
2.143050
2.147155
2.097411
2.140379
2.167522
2.145960
2.094772
2.231324
2.300829
2.159170
2.106886
2.167142
2.141893
2.150023
2.094768
2.148926
2.096097
2.145848
2.094326
2.162782
2.094651
2.148509
2.093290
1.995270
1.954433
1.973639
1.951220
2.008007
1.940209
1.988485
1.949756
2.062664
2.172710
1.987324
1.957659
1.987940
2.090486
1.986660
1.989703
2.015891
2.006690
1.990094
1.950779
2.003142
1.943665
1.945000
1.934714
1.993262
1.989136
1.944256
1.985821
1.959874
2.001662
1.997569
2.001233
1.948512
1.942308
1.993052
1.985362
1.936989
1.944508
1.991894
1.938033
2.051140
1.934007
1.997382
1.928355
2.039307
1.971270
2.021662
1.980822
2.007646
2.019328
2.052836
1.954019
2.003771
1.975778
2.048464
2.049789
1.993391
1.931094
1.931071
1.992783
2.124308
1.981747
1.964549
2.020274
1.944108
1.987024
1.951599
1.999627
1.942271
1.988754
1.981228
1.998752
1.993709
2.007526
1.925194
2.024945
2.078452
1.984531
1.966980
1.951030
2.031568
2.034003
1.931014
1.948195
1.995187
2.031453
1.923709
2.012337
2.010887
1.936067
1.980437
1.933096
1.985625
1.925895
1.968351
1.956356
1.974502
2.065723
1.966135
1.939279
1.932046
1.994842
2.011385
1.940717
1.957993
2.003012
1.927961
1.981197
1.936709
1.995594
1.945767
1.991548
1.958725
1.988685
1.994878
1.989570
1.946559
2.037910
2.215000
1.982148
1.939348
2.033730
1.990342
1.994297
1.939478
1.944503
2.053410
2.025315
1.967765
1.956411
2.022222
1.944170
2.022484
1.934094
2.019467
1.934004
1.998981
1.967653
2.056614
2.031944
2.043851
1.926040
2.029485
2.217229
2.010257
1.972748
2.138279
1.995986
2.035336
1.928906
1.964387
2.039950
2.036942
1.974837
1.948227
2.012113
1.937992
2.000470
1.938437
2.050414
1.966671
2.028340
1.975849
1.991048
1.990615
1.995203
1.937083
1.998929
1.944578
2.000811
1.966306
1.957333
2.043033
1.982789
1.943718
1.937100
1.990930
2.127848
1.973590
1.942796
2.026464
1.938121
1.987590
1.942329
1.986590
1.934929
2.001090
1.967219
2.077501
2.039740
1.989492
1.945425
2.095471
2.212692
1.992882
1.948775
1.999003
2.155475
1.991291
1.940207
1.934297
2.006114
1.993849
1.941305
2.054037
2.435143
1.985069
1.944009
1.936352
1.985896
1.937744
1.988749
1.966814
2.094189
2.100536
2.028170
1.944449
2.109560
1.963952
1.998856
1.979887
2.000834
2.069041
2.067270
1.943501
2.039040
2.102849
1.998780
1.952963
1.996350
2.057169
1.942674
1.994557
1.935996
1.995135
2.025361
1.953521
1.942515
2.568643
1.953819
1.955391
2.003928
1.995336
1.953963
1.991012
1.973361
2.025592
2.058132
1.942433
1.941199
1.997027
1.936145
1.985601
1.979165
1.990359
2.222807
2.332081
1.953216
2.015353
2.002734
2.019437
1.966905
2.010365
2.077411
1.944983
1.964606
1.947596
2.085211
2.049824
1.994579
1.999990
2.785927
1.967463
1.978784
1.957370
2.021284
2.049551
1.983624
2.052808
1.998308
1.973351
1.962846
1.953376
2.038094
1.961483
2.046637
2.011048
1.974846
1.997916
1.956078
1.944757
2.115054
1.949758
2.049587
2.026456
1.937454
1.972901
1.975740
1.952522
1.948418
2.060676
2.027562
1.987909
1.994668
1.973788
1.944990
1.941972
1.949489
2.051229
1.969508
1.997482
2.007727
2.020266
2.012986
1.973219
2.001903
2.057739
1.960679
2.051049
2.103946
2.090618
1.937922
1.947383
1.947961
1.931073
2.045746
2.036038
2.076339
1.994032
1.979601
1.935158
1.953086
1.955649
2.021601
1.987710
2.014246
1.987317
1.931096
1.964341
1.936371
1.950759
2.118821
1.942517
2.001030
2.006829
1.997166
1.934154
1.942234
1.928492
1.992063
2.010245
2.076721
1.989267
1.940659
1.932482
2.000891
1.932050
1.997176
2.039844
1.978031
2.028867
2.032325
1.974872
1.963956
1.976679
1.979204
1.961915
2.232805
1.995812
1.980038
1.936456
1.955583
1.950935
1.996338
1.934026
2.055336
1.983002
2.122491
1.963852
2.015615
1.929253
1.972617
2.024959
2.008266
1.940428
2.020800
1.980353
2.070915
1.919798
1.968185
1.980420
1.949613
2.310619
1.995879
1.948448
2.056010
1.936365
1.942197
1.930080
1.947611
1.990327
1.940737
1.981397
1.961162
1.969551
1.946309
1.946945
1.948441
1.993062
1.948816
1.993006
1.960536
1.944779
1.950193
1.998396
1.993936
2.003201
2.023753
2.005013
1.951308
1.942108
1.948738
1.942545
1.960773
1.967567
2.007173
1.943926
2.064478
1.980939
1.968548
1.963649
1.962692
1.984830
1.972273
2.028076
2.016537
1.949527
1.991962
2.016494
1.988477
1.939456
1.977106
2.036949
1.967084
2.001274
2.027094
2.006802
1.956548
2.035463
1.985361
2.084457
2.029076
2.002993
2.000024
1.993516
1.991964
1.989957
1.977080
1.925125
2.022632
2.002236
2.000799
1.967516
2.010135
1.980421
1.952472
1.934390
2.070896
1.945102
2.043024
2.004133
1.983968
1.972401
2.005244
1.941147
2.037728
2.025872
2.037546
2.002250
1.992581
1.995814
2.067212
2.000317
1.980773
2.036124
2.091058
1.992905
2.025414
1.936034
1.989990
1.969271
1.983320
2.058418
1.984098
1.980735
2.018037
2.050500
1.988560
1.966049
1.982547
2.064716
2.024985
2.017373
1.991747
2.012837
2.014121
1.952940
2.021799
2.016685
2.260938
2.044533
2.071352
1.995896
1.972978
1.955922
1.959092
1.945744
2.048079
2.000596
1.944285
1.957870
1.979096
1.947926
1.967076
1.950819
2.059075
1.954673
2.072869
1.992550
1.986141
1.968251
1.951473
1.953212
2.034546
2.100269
2.012101
1.965892
2.020453
2.027854
1.966424
1.968135
1.964156
2.018682
2.004006
1.955731
2.040903
2.010726
1.957481
1.963149
1.965661
2.020127
1.966851
2.017470
1.983844
1.997090
1.970617
1.958033
1.961645
1.998528
2.231665
2.013349
1.963634
1.992713
2.118914
2.212830
2.191765
2.193541
2.148666
2.033857
2.032012
1.949917
1.947665
1.954232
1.943247
1.949161
2.061746
2.013450
2.025813
1.981992
1.936242
1.988323
1.976983
1.962193
2.018890
2.030591
1.999109
1.989643
1.949322
1.944094
1.970107
1.953575
2.039648
2.106353
2.011203
1.975393
1.936991
1.967549
1.949554
1.963560
1.954548
2.262707
2.722591
2.453364
1.951921
1.961970
1.954747
1.975555
2.038833
2.294208
1.999859
1.982430
1.946344
1.955096
1.976091
1.959332
1.966056
2.075164
1.988452
1.966298
1.970798
1.954352
1.942078
1.981583
1.958933
2.032542
1.958242
2.022751
1.984405
1.950118
1.973872
1.992926
1.973402
1.970424
2.140345
1.988757
1.955485
1.948879
1.948753
1.947850
1.940664
1.945518
2.062154
2.441906
2.108925
1.983348
1.996835
1.974241
2.006283
2.040817
1.993537
1.951418
2.048769
2.254793
2.010029
1.953472
1.945473
1.957054
2.043275
1.998495
2.043039
2.235169
2.025743
1.963465
1.963787
1.956927
2.038047
2.144538
2.139600
1.968344
2.026416
1.939175
1.960789
1.966784
1.970010
2.047530
2.179152
2.009094
2.004914
1.958034
1.961963
1.973357
1.963656
2.019165
1.962808
2.036234
2.039799
2.036539
1.968384
1.940063
1.975399
2.048219
1.960591
2.045142
1.958823
2.026530
1.955692
1.959154
1.966388
1.955677
2.005301
2.067369
1.967339
1.959610
2.004044
1.954641
1.951636
1.974252
2.017943
1.968269
1.996307
1.970892
2.073520
1.949981
1.984556
1.950623
2.143674
1.962485
2.034466
1.966541
1.965483
2.010863
1.941728
1.958437
1.952726
2.037018
2.010609
2.182035
1.969066
2.007532
1.940173
1.990835
1.981192
1.993374
1.948662
2.020642
1.984215
2.015551
1.952515
1.959134
1.941391
2.010602
2.271488
2.009989
2.001451
2.014254
1.969935
1.953817
1.968045
1.947851
2.021062
2.031709
1.965757
1.943168
2.007241
1.950055
1.949930
1.954866
2.016691
1.972434
2.008344
1.975178
1.989703
1.940356
1.940152
1.961213
2.085512
2.220983
2.003152
1.982481
2.001970
1.975320
1.939597
1.966324
1.953860
2.020790
2.119032
2.235684
2.008608
1.931996
1.931198
1.952044
1.952513
2.038550
1.957338
2.016296
1.985550
1.992788
1.976194
1.959857
1.964969
2.015497
2.167077
2.013671
1.977488
1.935480
1.951856
1.935518
1.948714
1.942986
1.992757
2.166417
2.126746
2.199740
2.035097
1.958945
1.970022
1.989148
2.118129
1.960750
2.045444
2.010847
1.973549
1.933231
1.978775
2.025637
2.126851
2.242549
2.137968
2.015653
1.989710
1.944389
1.951582
1.956760
2.160582
2.765650
2.397460
1.958462
1.946916
1.950774
1.941429
1.947892
2.029606
1.980436
2.006194
1.967540
1.935413
1.952348
1.941297
1.954202
1.962330
2.191269
2.001768
1.963899
1.955607
1.970714
2.036765
1.957989
1.965089
2.015370
1.956398
2.001118
1.994563
1.941547
1.960350
1.964904
1.954546
1.989711
2.019555
1.980534
1.960470
1.977551
1.947587
1.966511
1.971362
1.969332
2.016730
1.988192
1.963485
1.978580
1.949163
1.955121
1.951093
1.949975
2.214828
2.556616
2.713225
1.958516
2.062847
2.002364
2.060833
1.948527
1.998172
2.018229
1.951564
2.037938
2.029674
1.950422
2.009501
1.951650
2.021351
1.994877
2.018697
2.009805
2.014834
1.949043
1.999451
1.957958
2.066816
2.194048
1.992793
1.996819
2.012283
1.946151
2.095160
1.969471
1.956786
2.006532
2.010202
1.972387
2.064743
1.948458
2.057204
2.370037
1.996128
1.998996
2.010261
1.965743
2.033723
1.965955
1.963615
2.014519
1.962708
2.010280
1.968107
2.044288
1.999280
1.994606
1.970500
2.010469
1.985089
2.070462
2.101916
2.014329
1.994644
1.990516
1.979585
2.014985
1.957735
1.963120
2.010981
2.006507
1.967682
1.987237
2.019238
1.950174
1.991967
1.954240
2.015063
1.972739
2.000620
1.972674
1.992550
1.929507
2.005459
1.978278
2.019745
2.216794
2.015749
1.970521
2.011256
1.949105
2.017528
1.959797
1.949428
2.003555
2.009353
1.961879
1.982139
1.995970
1.936318
2.000432
1.950810
2.018746
1.952718
2.007442
2.011023
2.041511
1.943121
2.012188
1.958760
2.008360
2.292254
1.998799
1.954936
2.022777
1.930434
2.018761
1.982637
1.949432
2.016606
2.002455
1.962542
1.975713
2.013008
1.951747
2.001006
1.958106
2.008092
1.960353
2.052424
1.963671
2.002572
1.945797
2.000668
1.933734
2.011243
2.161249
1.993880
1.940370
2.008084
1.937880
1.981751
1.942835
1.935266
1.986114
1.933475
2.014520
1.990489
2.034680
1.977651
2.015144
1.981129
2.184617
1.958429
2.000155
2.043942
2.015950
1.959369
1.996321
1.942373
2.007130
1.990787
1.992998
1.942158
1.992683
1.959965
2.016048
2.033462
1.935552
2.022589
1.942538
1.983094
2.030408
2.098179
1.968332
2.010191
1.946069
2.029737
1.936636
2.035736
1.983562
2.052558
1.942494
2.007911
1.944677
1.951521
2.037079
1.985572
1.974496
1.999873
2.017487
1.985151
2.098222
1.945911
2.030324
1.946397
2.001930
1.981591
2.001585
1.951117
2.035942
1.950625
2.070585
1.965720
2.010430
1.972706
2.016007
1.957074
2.023082
1.941214
1.961130
2.002432
2.027606
1.959239
2.020270
1.950034
2.055779
2.129583
1.958087
2.017654
1.970698
2.012669
1.987571
1.996856
1.946893
1.995142
1.965205
1.999812
1.981632
2.030664
1.970810
2.030392
1.979574
1.988418
1.982556
1.978684
2.005927
2.033053
1.955531
1.986000
2.001377
2.040619
2.073185
1.950174
2.018003
1.956634
2.003434
1.985544
1.998921
1.943354
2.014544
1.963020
2.016347
1.951487
1.999472
1.967680
2.025714
1.931994
2.007927
1.947958
1.957299
2.003415
2.014571
1.976441
2.093855
1.934203
1.970374
2.018465
1.971756
4.063118
2.021695
1.976837
2.010824
1.946395
2.014924
1.967813
2.043393
1.967228
1.996279
1.955808
1.995656
1.943375
2.002183
1.955960
1.970332
2.034249
2.001723
1.962872
2.001295
2.001090
1.959455
2.014692
1.974782
2.003176
1.947983
2.008181
1.999054
2.014358
1.955814
1.988042
1.982849
2.156293
2.045191
2.002227
1.971888
1.995479
1.945778
1.999144
1.962160
1.946959
2.004432
2.010060
1.957198
1.963916
2.004285
1.983613
2.013211
1.962106
2.019765
1.960646
2.019842
1.964885
2.023525
1.932117
2.009910
1.949229
1.959046
2.375273
2.004749
1.978315
2.019887
1.943576
2.074703
1.946962
1.967504
2.025361
2.010924
1.954950
1.973164
2.042621
1.955371
2.009577
1.985061
2.006988
1.962895
2.006457
2.044083
2.016338
1.972116
2.007859
1.959274
2.026460
1.960916
2.009898
1.997612
2.016379
1.957144
2.011817
1.966910
1.975286
2.042946
2.002849
1.955726
1.959134
2.017125
1.955775
2.015878
1.958821
2.012793
1.960656
1.995690
1.959505
2.014510
1.944725
2.018783
1.952923
2.066739
2.225078
2.016380
1.957902
2.011535
1.951745
2.015649
1.951789
1.993827
2.011705
2.011748
1.954016
1.952111
2.000165
1.936731
2.001235
1.985887
2.022909
1.976182
2.002790
1.961175
1.998903
1.936528
2.009423
1.956056
2.093145
2.218690
2.009762
1.970158
2.022520
1.935544
2.032995
1.957357
1.952844
2.003460
2.012133
1.953703
2.003307
2.006531
1.943538
1.994055
1.968168
1.999426
1.973187
2.003562
1.964636
2.009495
1.955792
2.038404
1.959447
2.024260
2.229055
2.001675
1.966077
2.037798
1.938214
2.002285
1.963994
1.953707
2.005393
2.004414
1.958413
1.952164
1.992799
1.941380
2.010084
1.938315
2.014006
1.972305
2.010312
1.969216
2.000797
2.017657
2.005128
1.946223
2.098349
2.213195
2.012128
1.959846
2.004894
1.966218
2.001517
2.014108
1.936852
1.979847
1.983340
1.925829
1.952739
1.990653
1.987538
1.984173
1.952345
2.010721
1.959838
2.011349
2.000520
1.956994
2.022823
1.990283
1.971253
1.986202
2.331281
2.006167
1.949909
2.024496
1.945771
2.007583
1.986344
1.968073
2.010484
2.007829
1.957954
1.971639
1.990287
1.942437
2.023499
1.977941
1.998916
1.962108
2.011347
1.971146
2.002745
1.935362
2.017114
1.963256
1.950245
2.126465
2.001723
1.980232
1.994646
1.982607
2.018474
1.989946
1.939600
2.009091
1.982045
2.105958
1.962371
2.045880
1.944875
2.028794
1.981167
1.987502
1.941529
2.003912
1.944159
1.942856
1.933359
1.983666
1.943448
1.950101
2.178705
2.749056
2.183920
2.039671
2.007850
2.024400
2.153237
2.752056
2.111619
2.025706
1.963039
1.998899
2.009093
1.955865
2.353683
2.501352
2.085967
1.975033
2.033659
2.031995
1.953357
2.427687
2.325989
2.006780
2.021261
1.957295
1.975099
2.010951
1.994535
2.032208
2.481686
2.006958
2.047773
1.955782
1.969782
2.185084
1.954067
2.794681
2.552869
2.028797
2.026381
1.981999
2.009845
2.031294
1.951751
3.076971
2.231798
1.949945
2.013397
1.988343
1.953613
2.020984
2.207558
2.684661
2.475565
1.998982
1.950049
2.019842
2.050352
1.945580
2.490461
2.459681
2.248102
2.046125
1.972624
2.058328
2.014782
1.946708
2.453198
2.274042
1.995507
2.007121
1.987647
2.005375
2.022381
1.946328
2.074190
2.583385
2.008446
2.014657
1.985628
2.007351
2.013600
1.976262
2.397241
2.033699
2.279631
2.007429
2.027460
2.046574
2.041722
1.969385
2.221703
2.281720
2.007602
2.027816
1.973450
1.935240
2.015288
2.141682
1.975063
1.968895
2.025109
2.043871
1.960847
1.952535
2.005413
2.248379
1.951141
1.954922
2.013351
1.966338
2.017082
2.043909
2.016000
2.013305
1.938549
2.037021
1.988468
2.007200
1.999091
2.026633
1.997081
2.026585
1.982103
1.961983
1.948645
2.266618
2.024174
1.955185
1.997805
2.003071
1.949153
1.956498
1.948678
2.010268
2.138812
1.967001
1.991543
2.053970
1.978443
1.948445
2.001922
2.012658
1.975126
2.023230
1.986485
2.012551
1.986420
2.005169
1.947557
2.031995
2.156687
2.013514
1.979333
2.037792
2.021155
1.991969
1.942481
1.966308
2.009276
2.003606
1.964501
1.993126
2.010778
1.996772
1.942527
1.978216
2.016952
1.978749
2.003970
1.997967
2.001198
2.046651
1.930032
1.959883
2.092350
1.998838
2.019523
1.993227
2.047728
2.005987
1.936875
1.980106
1.951810
2.014901
2.004660
1.962901
1.953768
2.021381
1.978158
1.961925
1.958092
2.010562
1.954369
2.013752
1.997469
2.036823
2.023192
1.964797
1.948545
2.007632
2.269636
2.015699
1.978434
1.998899
1.948072
1.957220
1.964673
1.970822
2.006324
2.006235
1.970884
1.990847
1.943681
1.957255
1.965273
1.977493
2.015319
1.962169
2.011115
1.977768
1.956625
1.960397
1.953079
1.971214
1.941185
2.007417
2.000926
1.966592
1.991028
1.964874
1.938378
1.959488
1.954341
2.010947
1.967152
2.003034
2.008936
1.956329
1.962010
1.957218
1.960800
1.997699
2.124795
2.010231
1.970348
1.949641
1.984325
1.974742
1.957675
1.954725
2.036796
2.003419
1.980077
2.005502
1.947439
1.947077
1.954311
1.956256
2.010069
1.956935
2.008295
1.975029
1.937705
1.958266
1.956196
1.972966
1.974080
2.027117
2.011077
1.965741
1.960744
1.945037
1.961155
1.955564
1.949683
2.021394
1.957564
1.999957
1.994158
1.984945
1.945761
1.990944
1.950812
2.121779
1.944417
2.022799
1.962316
1.959348
1.953324
1.959337
1.961465
1.954442
2.012379
1.950363
2.008421
1.953859
1.944623
1.954518
1.969216
1.950981
2.005261
1.951537
1.999955
1.962065
2.027180
1.938012
1.954242
1.965918
1.951593
2.024939
2.013923
1.957718
1.967290
1.987640
1.947610
1.956684
1.956618
2.054302
1.941181
1.999070
2.003812
1.931371
1.952608
1.952967
1.977802
1.953054
2.019688
2.001264
1.979926
1.986971
1.941947
1.974853
1.967700
1.953460
2.013440
1.963172
2.020128
1.942521
1.965502
1.963780
1.948841
1.951536
2.018191
2.075871
2.001587
1.969513
1.949965
1.943548
1.947381
1.953244
1.968854
2.043672
1.953025
2.106600
2.022266
1.935074
1.957183
1.963677
1.966704
1.994138
1.962425
2.017137
1.971557
1.943501
1.958218
2.068610
1.964969
1.958917
2.011570
2.003210
1.976610
1.990130
2.036145
1.963936
1.957412
1.968566
2.010470
1.955642
2.008008
2.007149
1.971193
1.941397
1.960514
1.957103
2.011420
1.968073
2.007402
1.983325
1.958325
1.955616
1.951195
1.992446
1.958314
2.011641
2.065964
1.953892
1.966649
1.947902
1.947319
1.958378
1.953660
2.012278
1.953310
2.016688
1.984377
1.954189
1.943042
1.952018
1.959351
1.957358
2.008347
2.009150
1.983119
1.999713
1.945834
1.989528
1.942759
1.950757
2.022775
1.953417
2.006203
1.991119
1.942377
1.961445
1.969268
1.956929
2.056030
2.030750
1.994300
1.985290
2.117364
2.353938
2.217852
1.991250
1.985252
2.228330
1.985177
2.061408
1.989182
2.003291
1.944138
2.014005
1.966977
1.996248
2.010940
1.952498
1.976315
1.999123
1.954408
1.959207
1.947734
2.063879
2.020232
2.033196
1.984815
2.021994
2.029688
1.963211
1.956907
2.054348
2.107286
2.032166
1.986352
3.771009
2.125164
2.132559
2.256842
2.340430
2.157064
2.156135
2.165421
2.180186
2.106707
2.137007
2.136797
2.119302
2.165048
2.122971
2.320477
2.091381
2.145073
2.109146
2.156724
2.150270
2.093062
2.136128
2.129546
2.097176
2.098812
2.090916
2.159737
2.161903
2.116142
2.144548
2.164974
2.119122
2.093332
2.188688
2.380255
2.141124
2.142746
2.180040
2.229605
2.122565
2.128892
2.177000
2.143226
2.138069
2.129458
2.211929
2.204356
2.099116
2.148171
2.147710
2.145785
2.134135
2.161589
2.145140
2.105809
2.105536
2.124335
2.203206
2.164280
2.111239
2.146470
2.390473
2.119999
2.118649
2.201289
2.172595
2.172929
2.151266
2.244960
2.097122
2.126294
2.096811
2.171103
2.120198
2.335862
2.153218
2.162272
2.133765
2.113116
2.108250
2.138066
2.158555
2.112734
2.158050
2.169276
2.115080
2.120246
2.236519
2.325320
2.188282
2.158304
2.194007
2.222762
2.094081
2.095821
2.170133
2.119206
2.180101
2.151070
2.167774
2.121329
2.106057
2.142333
2.160243
2.168301
2.105369
2.182622
2.137989
2.126625
2.108187
2.125248
2.145778
2.159211
2.139856
2.207320
2.165858
2.114136
2.089014
2.194544
2.161835
2.189069
2.173463
2.169359
2.217891
2.141886
2.122740
2.148433
2.140196
2.149897
2.124710
2.154988
2.099968
2.106036
2.101276
2.139989
2.151428
2.114761
2.162111
2.149409
2.095355
2.138992
2.109220
2.181226
2.163884
2.140469
2.179663
2.124261
2.122705
2.106892
2.206699
2.154380
2.155633
2.152968
2.215406
2.104945
2.098074
2.106392
2.195352
2.133975
2.159902
2.115501
2.145529
2.127861
2.101189
2.107384
2.159868
2.321369
2.113046
2.175211
2.132835
2.094489
2.097601
2.139423
2.179382
2.157063
2.129340
2.154871
2.264946
2.116321
2.191204
2.189295
2.152988
2.183050
2.167947
2.153262
2.151582
2.122607
2.112073
2.144407
2.098741
2.157655
2.107046
2.252548
2.154757
2.244560
2.103157
2.199633
2.159376
2.128488
2.120582
2.181834
2.100308
2.110156
2.255717
2.434096
2.176930
2.118104
2.208024
2.100121
2.096746
2.101031
2.234580
2.139665
2.157444
2.139663
2.214899
2.185590
2.173115
2.100906
2.136097
2.162163
2.128648
2.172579
2.154325
2.118595
2.120334
2.094876
2.170148
2.178789
2.117384
2.188872
2.155720
2.116400
2.110863
2.168569
2.184779
2.210691
2.138700
2.177908
2.186218
2.109425
2.104693
2.183970
2.129868
3.382353
2.170805
2.177509
2.124172
2.112215
2.140202
2.106043
2.176211
2.130609
2.159221
2.229099
2.112313
2.100330
2.152995
2.103195
2.185245
2.132399
2.186740
2.123473
2.098422
2.200365
2.152500
2.166538
2.097673
2.142612
2.150383
2.096025
2.114515
2.163874
2.446839
2.152504
2.123430
2.154072
2.212004
2.114497
2.122591
2.165120
2.100449
2.163415
2.150413
2.168612
2.118221
2.100967
2.091642
2.169985
2.308190
2.116857
2.101104
2.156371
2.120569
2.129373
2.145230
2.156930
2.157344
2.094030
2.161232
2.160914
2.118466
2.121547
2.204521
2.242907
2.149551
2.121321
2.173704
2.165520
2.106161
2.175691
2.172846
2.133952
2.147504
2.163266
2.178736
2.105659
2.119428
2.106481
2.240265
2.204579
2.135660
2.153919
2.258520
2.117539
2.122981
2.152326
2.170362
2.166158
2.136661
2.176582
2.227107
2.109321
2.103970
2.150308
2.105564
2.146384
2.104793
2.184219
2.210887
2.104361
2.121828
2.182384
2.125429
2.200040
2.189217
2.173741
2.093017
2.138564
2.146109
2.154383
2.142131
2.115089
2.103454
2.165117
2.112322
2.132837
2.144371
2.179830
2.150563
2.113706
2.149493
2.106436
2.117601
2.113127
2.145269
2.110058
2.151036
2.108916
2.156708
2.113105
2.109335
2.129722
2.149676
2.125347
2.153655
2.110823
2.177108
2.121495
2.097283
2.119365
2.164120
2.120148
2.197739
2.139969
2.175063
2.123604
2.133374
2.150124
2.163775
2.178525
2.115380
2.183799
2.173462
2.141981
2.087791
2.192084
2.293071
2.160134
2.139028
2.188622
2.131076
2.152364
2.100293
2.160797
2.197251
2.166219
2.120194
2.278643
2.360800
2.122492
2.175646
2.154981
2.153422
2.137373
2.139351
2.227264
2.110000
2.098520
2.166672
2.377584
2.168669
2.229046
2.251225
2.283541
2.296288
2.127293
2.151201
2.224361
2.102795
2.195444
2.153503
2.247330
2.101981
2.112109
2.180683
2.169398
2.179898
2.147053
2.136174
2.088868
2.087961
2.158649
2.171035
2.180043
2.158604
2.157621
2.103384
2.109148
2.102056
2.164794
2.095512
2.133090
2.136048
2.147937
2.106385
2.100902
2.087506
2.163669
2.098624
2.187445
2.111674
2.107668
2.102573
2.116067
2.116539
2.205909
2.176595
4.100999
2.118631
2.091569
2.162582
2.097845
2.170829
2.164278
2.126655
2.109374
2.126281
2.101749
2.130562
2.163977
2.312324
2.148611
2.116295
2.113173
2.100259
2.115362
2.092350
2.140650
2.113246
2.175122
2.135297
2.114927
2.108884
2.102716
2.109685
2.170732
2.143075
2.151175
2.101909
2.094659
2.136443
2.106188
2.099937
2.140689
2.185204
2.095782
2.100541
2.112571
2.131594
2.091701
2.131573
2.203807
2.155194
2.113741
2.119281
2.115223
2.110273
2.087643
2.088628
2.167336
2.137258
2.151674
2.105421
2.091975
2.144984
2.149886
2.246800
2.111345
2.246481
2.153606
1.957549
1.937281
1.951926
1.955491
2.106454
2.287530
2.023282
2.030159
1.988483
1.944540
1.947815
1.964363
1.951064
2.039825
2.015075
1.971957
1.940828
1.993456
1.979704
1.983789
1.945768
2.085869
1.958295
2.044241
1.997182
1.923423
1.996613
1.953627
2.010064
2.092705
1.936780
1.981920
2.069004
2.043379
1.928291
1.938783
1.968525
1.978428
2.038461
1.995463
2.023405
1.990776
1.922329
1.965731
1.927211
1.945713
2.017535
1.936393
2.045142
2.009793
1.962625
1.976131
1.936157
1.942314
1.981846
2.058708
1.996233
1.976024
1.984344
1.954200
2.050007
1.980732
1.995018
2.040871
1.977218
2.027937
1.980844
1.983068
1.933009
1.962786
1.957724
2.031260
1.974574
1.992164
2.053821
1.922646
2.026045
2.041576
2.040746
1.979978
2.027954
2.014069
2.002085
1.944114
2.020240
2.002329
2.007051
1.923877
2.039101
1.936200
2.051422
1.951721
1.994230
2.021164
1.999728
1.957842
2.086370
1.954419
2.014986
1.994265
2.038749
1.936918
1.934174
2.021438
1.978643
1.994752
2.008580
2.027341
1.992403
1.981136
1.934377
1.943315
1.961279
2.010695
1.954466
1.982495
1.968985
1.937458
1.942063
1.956765
1.962698
1.996393
2.318410
2.025399
1.967605
1.984180
2.015370
1.946892
1.943614
1.953651
1.993016
1.998926
1.957537
1.928221
2.159029
1.946966
1.961258
1.938321
2.001590
1.939929
1.995008
1.966465
1.992332
1.949606
1.974492
1.942530
1.959882
2.006571
2.012592
1.953117
1.959869
1.937125
1.969588
1.937933
1.949160
2.000111
1.944703
1.996749
2.014447
1.927454
1.963869
1.944819
2.014018
2.090269
1.930367
1.986615
1.972042
1.932060
1.965964
1.971484
1.953302
1.949799
2.032165
1.952774
1.993040
1.953202
1.943071
1.956816
1.940709
1.949103
2.003035
1.958929
2.010279
1.967016
1.950768
1.944154
1.956834
1.955087
1.959221
2.003255
2.073914
1.965639
1.953159
1.961366
1.968246
1.952849
1.974293
1.997515
1.958211
2.005351
1.971059
1.954598
1.961397
1.979050
1.956368
1.949692
2.001311
2.001965
1.946800
1.953693
1.943732
1.958842
1.945759
1.978814
1.984601
1.954744
1.997095
2.048145
1.938406
1.967265
1.973806
1.948197
1.976076
2.300979
2.010344
1.956790
1.930146
1.959468
1.944450
2.006033
1.949800
2.007175
1.942157
1.986148
1.950449
1.944555
1.949090
1.939423
1.969376
2.021836
1.942421
1.997240
1.970951
1.928445
1.996251
1.954844
1.963797
1.980109
2.022935
2.053193
1.970517
1.957498
2.001628
1.951730
1.962843
2.002442
2.013493
1.948207
1.998386
1.975152
1.988910
1.974343
1.950774
1.973424
1.954366
2.007641
2.010358
1.966445
1.985962
1.949960
1.962494
1.964873
1.956162
2.037047
2.026614
2.008855
2.022547
2.000474
1.949662
1.959552
1.965159
2.001449
1.969962
2.007173
1.985082
2.013213
1.981786
1.942268
1.954924
1.988218
2.001683
2.001307
1.952047
1.953436
1.953836
1.946591
1.959494
1.952311
1.998308
1.947326
2.000456
1.961479
1.947202
1.930755
1.944709
1.963290
1.968480
1.993410
2.031440
1.961182
1.954884
1.974574
1.954901
1.984625
1.957942
2.015684
1.957093
2.012265
1.962867
1.937110
1.984139
1.980594
1.966140
2.030566
2.173521
2.019355
1.975786
1.953066
1.972793
1.993077
1.961056
1.986741
1.999406
2.025922
1.975432
1.953379
1.948090
1.964656
1.957593
1.953688
2.009627
1.955653
2.028982
1.957675
1.962443
1.958504
1.958887
1.961472
1.953956
2.001714
2.018675
1.961205
1.936241
1.975598
1.957048
1.981362
1.945090
2.028231
1.950820
1.999933
1.933409
1.953685
1.941720
1.949052
1.986395
1.930920
2.020729
1.987017
1.941026
1.926898
1.988743
1.920743
1.935945
1.946964
2.021005
1.953317
2.015784
1.964592
1.943485
1.988752
1.960816
1.976734
2.015476
2.163594
2.002867
1.956656
1.946247
2.023605
2.007932
1.947593
1.968416
2.017873
2.045547
1.932497
1.934801
1.929205
1.963784
1.924843
1.926933
1.981005
1.947773
1.974276
1.998157
2.232537
1.996881
1.989685
2.006073
2.078784
2.301094
2.067508
2.092171
1.936451
1.944550
1.994246
2.164051
2.122823
2.094265
2.014641
2.006898
1.925135
1.936736
1.932154
1.945737
1.910464
2.046566
1.915005
1.997018
1.969121
1.944583
1.941682
1.931656
1.942620
2.003934
2.028020
2.041945
1.980744
1.987240
1.971499
1.944739
1.950156
1.984425
1.990285
2.022883
1.930461
1.995879
2.087948
1.925270
1.943272
2.111947
1.980661
1.923135
1.978895
1.953837
1.957927
1.997567
1.993890
1.916040
1.969047
2.112087
2.003834
1.952061
1.947097
1.991964
1.967297
1.927097
1.938991
1.983598
1.928575
1.976716
1.945470
1.993066
1.986280
1.957838
1.939798
2.043697
2.063198
1.968283
1.943764
1.971180
1.977461
1.934483
1.945475
1.929438
2.008643
1.930539
1.986104
1.977464
1.975436
1.947936
1.964300
1.919811
2.019562
1.925154
1.990110
1.932625
1.910183
1.920362
2.001944
1.903604
1.931487
1.973857
1.927803
1.993825
1.968225
1.969978
1.921993
1.917902
1.949544
1.993879
1.968373
1.978000
1.952406
1.924546
1.932982
1.954995
1.949719
1.945941
1.996923
1.941833
2.014373
1.963351
1.925707
1.917162
1.931565
1.927502
2.007301
1.933154
1.977395
1.937497
1.912773
1.926856
1.941234
1.959487
1.927758
2.020124
1.937178
2.017817
1.933627
1.939567
1.925564
1.949980
1.959562
2.086646
2.058291
2.027076
1.948972
1.931223
1.929443
1.939989
1.939458
1.966879
1.986054
1.965818
2.101196
1.953870
1.955687
1.927009
1.966339
1.979294
1.986729
1.946017
2.012841
1.978419
1.936590
1.931876
1.939052
1.929660
1.946451
2.015963
1.998237
1.954158
1.975307
1.927136
1.948058
1.946833
1.928508
1.996729
1.955797
2.021787
1.980479
1.951158
1.928201
1.947158
1.943010
1.968334
2.011543
1.997288
1.948276
1.960567
1.925662
1.947275
2.018943
2.073538
2.009322
1.948664
2.003038
1.958126
1.918109
1.947990
1.945118
1.953092
1.968512
2.032802
2.036645
1.987144
1.956127
1.934395
1.950546
1.944044
1.992501
2.076647
1.941831
1.999016
1.974217
1.957924
2.068818
1.960542
1.974659
2.000060
1.963640
2.015764
1.962514
1.952930
1.963781
1.947926
1.958262
1.947659
2.054256
2.025280
1.984555
1.964357
1.959133
1.932226
1.995810
1.945465
2.066161
1.953631
2.057387
2.030526
2.045769
1.947686
1.973863
1.948352
2.120699
2.001925
2.053884
2.020293
1.977691
1.934193
1.976881
1.944446
1.980476
2.030233
2.092584
1.997770
1.939998
1.939951
1.964731
1.928301
2.002250
2.015286
2.047032
1.990811
2.024705
1.943600
1.963724
1.949873
1.982243
1.952313
2.076041
1.993592
2.017019
1.980935
2.010641
1.939654
1.965739
1.949042
2.055199
1.973997
2.007763
2.022597
1.963350
1.920006
1.968783
1.925112
2.043967
1.930977
2.021932
2.014583
1.973474
1.994191
1.989782
1.965174
1.929533
2.007295
2.019163
2.003027
1.958258
2.012820
2.241969
1.923958
1.980770
2.005146
1.973305
1.991905
2.026872
1.934313
1.965598
1.934465
1.952511
2.001340
2.154979
1.994624
2.015642
1.936036
1.969745
1.968916
1.960612
2.018379
2.028937
2.012428
1.969331
1.975177
1.972973
1.956551
1.972050
1.970755
2.039969
1.949312
2.017784
2.033716
1.974450
1.965185
1.983535
1.972554
2.175278
2.052421
2.055741
2.032571
1.989214
1.964847
2.000780
1.962728
1.989365
2.028028
2.023284
2.003881
1.986745
1.972787
1.983192
1.964809
2.008708
2.045296
1.983865
2.005550
1.993283
1.958751
1.989523
1.978474
1.982409
2.059949
1.980268
2.040064
2.041404
2.013168
1.959988
1.944393
1.987458
1.951988
2.031692
2.024587
2.072345
1.984737
1.984025
1.952088
1.989288
1.958616
2.025504
1.946181
2.031513
1.985356
1.940884
1.932481
1.976581
1.937573
2.067452
2.007675
2.042159
2.011358
1.953402
1.935319
1.983296
1.979603
1.973919
2.085734
2.025361
1.946621
1.972753
1.924411
2.014055
1.931252
1.972126
2.043324
1.952491
2.031623
2.005133
1.985606
1.982504
1.933020
1.991619
1.959544
2.138706
2.023683
2.005506
1.931495
1.970623
1.942320
1.999902
1.961777
2.058069
1.942209
2.010525
1.989949
1.952348
1.942767
1.975782
1.976461
2.110446
1.946834
2.060448
1.995899
1.978466
1.943890
1.974195
1.999911
1.982594
2.048791
2.053852
1.979755
1.985947
1.951852
1.964551
1.965459
1.972241
2.045877
2.002582
2.042945
2.035400
1.920554
1.969295
1.941712
2.003394
2.059277
1.993857
2.013708
2.063247
1.917086
1.962199
1.932183
1.988647
1.933861
2.029765
2.016447
2.039100
1.938259
1.989232
1.944245
1.967796
1.925128
2.095624
1.992042
2.020127
1.988062
2.006812
1.959413
1.979753
1.969801
2.062680
2.065836
2.051850
2.003593
2.053482
1.971015
1.946684
1.977783
1.980690
2.050480
2.048476
2.016254
1.973789
2.006129
1.988969
1.980203
1.980644
2.069521
1.997241
2.044874
2.036426
1.978712
2.053727
2.009068
1.963826
2.052304
1.970290
2.020007
2.074316
1.956054
1.948763
1.941919
1.985792
1.977059
2.044803
2.032675
1.987563
1.949668
2.061743
1.975877
2.074514
1.918103
1.999873
1.929888
2.009401
1.971058
1.957034
1.974441
1.961318
1.940118
2.067203
1.995878
2.076352
2.089626
1.994140
1.936442
1.954396
1.954288
1.947550
2.017163
2.057137
2.038030
2.019364
1.946821
1.951624
2.001800
1.946061
2.052307
1.974074
1.998454
2.019276
1.974491
1.955373
1.952806
1.983518
2.038081
1.957624
2.005481
2.058944
1.942889
1.958743
1.990214
1.954031
1.946972
2.058133
2.025492
2.015170
1.956959
2.021485
1.948822
1.966838
1.965610
2.090826
1.953193
2.036774
1.971277
1.982462
1.972164
1.964542
2.037689
2.045820
2.083485
2.083414
2.052027
1.957920
1.960453
1.983459
1.941953
1.987773
2.009606
2.000801
1.963088
1.997137
1.954497
1.983679
1.937083
1.963296
1.989292
1.948264
1.994538
2.038405
1.935683
1.933912
2.004315
1.986446
2.123054
2.192466
2.058425
2.030638
2.013302
1.969335
1.940901
1.977308
1.988668
2.031147
