1.147751
1.037032
1.062307
1.066125
1.085287
1.055974
1.055642
1.053680
1.047210
1.052650
1.061189
1.072091
1.053040
1.045155
1.069581
1.177878
1.207180
1.092043
1.112245
1.121554
1.107030
1.106757
1.091612
1.087408
1.095215
1.097196
1.105884
1.080235
1.111440
1.092027
1.105491
1.106637
1.110337
1.093084
1.091457
1.096855
1.099847
1.111246
1.114904
1.088702
1.098049
1.098679
1.103676
1.116398
1.114172
1.090919
1.106560
1.092461
1.101159
1.120090
1.128960
1.110528
1.111271
1.115172
1.117396
1.119845
1.106452
1.085386
1.094721
1.103849
1.096631
1.101500
1.108745
1.083230
1.110022
1.118385
1.098087
1.155079
1.124715
1.087300
1.107828
1.096220
1.095869
1.126163
1.110692
1.090590
1.097090
1.093369
1.121701
1.133479
1.108442
1.090925
1.093120
1.094359
1.099676
1.106199
1.110243
1.107485
1.109034
1.109321
1.142540
1.175635
1.123348
1.083759
1.094999
1.089977
1.093844
1.101232
1.105904
1.112225
1.091529
1.099480
1.097782
1.094452
1.106794
1.107412
1.110624
1.101707
1.218323
1.238086
1.190778
1.172902
1.178129
1.201410
1.193779
1.197553
1.191893
1.165916
1.176541
1.174945
1.182330
1.175783
1.189989
1.173277
1.167835
1.169231
1.179438
1.181642
1.196651
1.172298
1.183599
1.186604
1.193718
1.219279
1.195205
1.177303
1.240461
1.210592
1.208752
1.184792
1.190949
1.177200
1.179837
1.192064
1.187711
1.187120
1.186187
1.172804
1.175356
1.172723
1.200565
1.182938
1.191249
1.177433
1.187960
1.178567
1.190409
1.185396
1.201109
1.183405
1.175389
1.180257
1.199698
1.183483
1.198594
1.181845
1.179734
1.174991
1.176166
1.181553
1.230354
1.171101
1.172545
1.193928
1.210744
1.202136
1.210854
1.179938
1.187500
1.181320
1.178492
1.203998
1.198031
1.174804
1.168312
1.362790
1.718296
1.727894
1.951551
1.992479
1.938320
1.870930
1.681038
1.273344
1.200073
1.181647
1.180612
1.178612
1.213457
1.198604
1.205557
1.181034
1.176240
1.192471
1.181520
1.226238
1.217999
1.189424
1.209297
1.213539
1.210800
1.217994
1.223431
1.199916
1.211704
1.206531
1.220098
1.184486
1.193443
1.206731
1.171799
1.177093
1.163907
1.173105
1.178447
1.168742
1.162191
1.173978
1.171586
1.176573
1.179605
1.177238
1.163058
1.192127
1.182522
1.182704
1.199099
1.181979
1.187652
1.215319
1.200275
1.203206
1.193216
1.168668
1.184107
1.178073
1.175633
1.186110
1.195916
1.183713
1.187199
1.190237
1.178742
1.182290
1.189179
1.193023
1.171852
1.176444
1.203516
1.192126
1.189153
1.201756
1.164036
1.196090
1.192720
1.183934
1.189277
1.175517
1.192117
1.172846
1.167997
1.237531
1.189258
1.169506
1.165150
1.199746
1.197250
1.190136
1.215591
1.189936
1.178067
1.164558
1.180691
1.193394
1.198134
1.167864
1.173246
1.210031
1.111400
1.205547
1.118939
1.182316
1.190566
1.175023
1.193341
1.178131
1.185212
1.160815
1.159264
1.192578
1.194010
1.187364
1.099858
1.170877
1.082214
1.232785
1.206358
1.204376
1.117799
1.191654
1.096498
1.191915
1.100584
1.195491
1.114875
1.205549
1.107735
1.200932
1.189421
1.112656
1.194932
1.089075
1.162040
1.083848
1.193260
1.097340
1.189032
1.069915
1.184572
1.079186
1.188441
1.090170
1.189960
1.075404
1.183217
1.096683
1.100937
1.218214
1.115975
1.091910
1.211045
1.128083
1.096497
1.218609
1.121074
1.089084
1.196557
1.092110
1.099183
1.205677
1.135550
1.087177
1.203132
1.090005
1.097944
1.185987
1.115340
1.083718
1.177893
1.126119
1.115079
1.187382
1.110855
1.094318
1.183496
1.098172
1.096064
1.196732
1.099362
1.084863
1.175307
1.100478
1.184759
1.119188
1.215864
1.108841
1.185703
1.092512
1.111236
1.213234
1.111160
1.171228
1.122190
1.181574
1.087916
1.193538
1.107062
1.174398
1.084456
1.186491
1.107074
1.247631
1.136278
1.186190
1.084494
1.184767
1.088925
1.190231
1.121318
1.168912
1.080372
1.177081
1.100036
1.189969
1.095297
1.174303
1.091270
1.181437
1.085252
1.174476
1.125866
1.193311
1.106121
1.200009
1.091477
1.199757
1.126973
1.191834
1.097797
1.176130
1.092669
1.180300
1.110744
1.172716
1.092192
1.170779
1.191456
1.092843
1.194127
1.083888
1.205995
1.106496
1.192277
1.096336
1.194999
1.074207
1.176837
1.091037
1.192129
1.139847
1.183030
1.075951
1.222746
1.135737
1.228022
1.122731
1.213129
1.105816
1.191502
1.202575
1.195341
1.181030
1.116351
1.180765
1.085870
1.233003
1.124804
1.216460
1.149561
1.181878
1.086500
1.178363
1.100725
1.201172
1.123317
1.176333
1.100865
1.188921
1.090670
1.179203
1.100922
1.160885
1.088122
1.179287
1.172542
1.198086
1.121940
1.169525
1.083998
1.183048
1.081618
1.174286
1.189057
1.191002
1.194046
1.181392
1.202500
1.217887
1.211625
1.187202
1.192591
1.108590
1.206612
1.120736
1.202823
1.097478
1.198797
1.202014
1.222426
1.110166
1.213196
1.097825
1.195394
1.107631
1.204713
1.119902
1.203085
1.103111
1.232571
1.223467
1.201664
1.215641
1.215663
1.108298
1.194963
1.107067
1.198598
1.213876
1.215873
1.190118
1.202850
1.192318
1.206311
1.207466
1.208935
1.103011
1.193758
1.190152
1.178091
1.198120
1.185734
1.171027
1.162873
1.176009
1.096179
1.181465
1.098056
1.205615
1.103397
1.221359
1.111984
1.208500
1.236347
1.182992
1.178484
1.176657
1.186011
1.198207
1.196409
1.166035
1.182927
1.190560
1.182888
1.189291
1.227020
1.176093
1.185891
1.202386
1.189760
1.187585
1.185830
1.169412
1.178089
1.182088
1.177676
1.205101
1.207766
1.177140
1.167095
1.178347
1.176331
1.193603
1.182867
1.167200
1.166519
1.228420
1.203797
1.180924
1.097187
1.177412
1.197092
1.186574
1.204636
1.216058
1.189408
1.202056
1.194742
1.201349
1.182669
1.188208
1.182421
1.192911
1.192127
1.179263
1.184986
1.186723
1.208847
1.195080
1.187996
1.197571
1.170730
1.209794
1.183350
1.170490
1.166973
1.181515
1.186103
1.200002
1.201002
1.190592
1.167401
1.174323
1.204545
1.200636
1.204603
1.168149
1.173012
1.192427
1.194139
1.209581
1.216139
1.185605
1.211498
1.179427
1.198640
1.184924
1.198134
1.169350
1.170733
1.174310
1.180090
1.187631
1.184473
1.165855
1.173748
1.166431
1.214706
1.202424
1.197723
1.172511
1.189885
1.176983
1.169296
1.194755
1.195593
1.171484
1.198735
1.176901
1.185511
1.192786
1.182420
1.197384
1.203328
1.199623
1.207074
1.198326
1.208925
1.184432
1.213267
1.181758
1.189845
1.185291
1.189930
1.166446
1.169601
1.194634
1.188019
1.178820
1.188369
1.169556
1.182635
1.186907
1.177156
1.187999
1.184688
1.167818
1.169881
1.162612
1.192259
1.187092
1.180345
1.166564
1.190373
1.196108
1.215211
1.229518
1.215631
1.165632
1.165031
1.185586
1.171754
1.194695
1.184523
1.168975
1.198468
1.197986
1.194393
1.182650
1.183792
1.172851
1.177448
1.175721
1.187845
1.180327
1.217155
1.186047
1.195315
1.196404
1.209379
1.202494
1.216823
1.192354
1.201464
1.195864
1.206256
1.209246
1.216636
1.193661
1.226504
1.199279
1.204646
1.200149
1.216256
1.184742
1.195712
1.215775
1.202943
1.208042
1.220996
1.191415
1.198513
1.195392
1.203831
1.188189
1.190884
1.172091
1.175771
1.180061
1.209804
1.212811
1.212939
1.197588
1.200259
1.207568
1.195057
1.213191
1.206293
1.195726
1.189204
1.205829
1.197201
1.219316
1.208489
1.195951
1.188582
1.206303
1.197816
1.206051
1.206805
1.180945
1.185836
1.189237
1.174648
1.211134
1.197574
1.203839
1.177941
1.173365
1.180332
1.205748
1.194985
1.168032
1.171768
1.171792
1.183019
1.182079
1.199915
1.162643
1.170816
1.170129
1.171293
1.178040
1.180618
1.159091
1.176234
1.169022
1.198163
1.198585
1.196331
1.191959
1.185653
1.180586
1.183650
1.187583
1.186278
1.178550
1.195097
1.198737
1.195481
1.207004
1.191067
1.164638
1.197774
1.167932
1.187183
1.183206
1.202700
1.164590
1.173721
1.175125
1.175939
1.178290
1.197725
1.200175
1.192336
1.187761
1.202625
1.201323
1.206395
1.206556
1.206897
1.165019
1.203641
1.199513
1.209861
1.178899
1.177168
1.197978
1.191616
1.195729
1.179043
1.168481
1.171755
1.185930
1.181835
1.184968
1.199855
1.180822
1.181528
1.167698
1.193284
1.229491
1.187702
1.190894
1.163082
1.175413
1.181755
1.234352
1.197424
1.187520
1.198209
1.192570
1.185925
1.205975
1.187569
1.175873
1.171754
1.185088
1.170592
1.183145
1.187018
1.173572
1.164478
1.170636
1.191473
1.184129
1.189529
1.177578
1.170382
1.178319
1.177583
1.188142
1.186198
1.180060
1.187714
1.198697
1.196696
1.218525
1.224198
1.185322
1.192875
1.217616
1.182533
1.180390
1.210362
1.186926
1.165862
1.171361
1.215003
1.349208
1.191942
1.162665
1.204694
1.219109
1.194168
1.245101
1.205912
1.214941
1.227859
1.224012
1.200960
1.203496
1.194759
1.178162
1.184079
1.178955
1.187596
1.195741
1.267680
1.183005
1.193878
1.184710
1.192708
1.197163
1.246771
1.196315
1.200899
1.178903
1.212442
1.206992
1.194313
1.182731
1.177711
1.190773
1.207026
1.189033
1.203712
1.173261
1.178844
1.188423
1.186211
1.190575
1.197502
1.175520
1.217749
1.192885
1.196626
1.197509
1.218308
1.178858
1.191863
1.185657
1.193023
1.189015
1.200726
1.179435
1.196714
1.184775
1.243885
1.223522
1.215332
1.195568
1.203908
1.179863
1.184962
1.213646
1.195854
1.174888
1.170417
1.214002
1.186649
1.190771
1.191009
1.182675
1.202641
1.199003
1.196018
1.193251
1.197907
1.179462
1.186324
1.182339
1.178881
1.188204
1.229574
1.175470
1.177379
1.210652
1.204792
1.211550
1.213339
1.204453
1.189096
1.733784
1.374671
1.763190
1.687438
1.892744
1.733837
1.908747
1.909523
1.943695
1.935242
1.905889
1.912761
1.646571
1.935456
1.613727
1.767732
1.367026
1.182092
1.175871
1.222591
1.184346
1.188620
1.209250
1.173641
1.176848
1.176094
1.185181
1.246114
1.200286
1.171917
1.176084
1.183210
1.190441
1.190083
1.164642
1.184787
1.194954
1.201622
1.189032
1.201171
1.166966
1.178104
1.191970
1.202400
1.186604
1.107337
1.098268
1.095051
1.097357
1.090488
1.092148
1.113821
1.084327
1.112824
1.119121
1.121288
1.124755
1.126099
1.129348
1.107089
1.109982
1.108221
1.109486
1.132574
1.121410
1.108401
1.108187
1.127211
1.133716
1.127342
1.105246
1.118996
1.129941
1.146176
1.135760
1.128344
1.118745
1.140782
1.103920
1.106776
1.104454
1.106787
1.089472
1.106164
1.111950
1.107559
1.101233
1.107564
1.088178
1.085658
1.095977
1.099692
1.109851
1.123137
1.085452
1.095939
1.089124
1.092983
1.101175
1.108485
1.083362
1.085088
1.102616
1.143083
1.099380
1.104814
1.096082
1.084553
1.091601
1.090946
1.125059
1.134657
1.106005
1.115132
1.122603
1.129786
1.121680
1.126255
1.111927
1.104537
1.127655
1.112353
1.108831
1.109453
1.087197
1.098454
1.095697
1.111631
1.101059
1.113270
1.123356
1.099820
1.111460
1.120757
1.119411
1.110133
1.083689
1.088145
1.095654
1.117028
1.126326
1.138132
1.107627
1.113565
1.110893
1.112947
1.123559
1.128814
1.126128
1.105336
1.108452
1.125605
1.123429
1.107844
1.093865
1.088294
1.106548
1.118891
1.130731
1.118443
1.106484
1.092327
1.096225
1.104385
1.101032
1.106755
1.107842
1.118282
1.116143
1.122699
1.124024
1.126186
1.111959
1.108386
1.143555
1.123878
1.131098
1.131517
1.113775
1.110787
1.146024
1.114719
1.112600
1.138658
1.096160
1.096605
1.097866
1.116843
1.131786
1.124969
1.102756
1.110703
1.110334
1.091674
1.100449
1.130881
1.108033
1.106172
1.093676
1.107137
1.118848
1.122809
1.094541
1.097028
1.090253
1.111974
1.120545
1.127642
1.096066
1.095244
1.088437
1.101714
1.106601
1.106609
1.100221
1.099784
1.150642
1.116779
1.122759
1.117697
1.106241
1.101239
1.117293
1.133808
1.108099
1.128350
1.089956
1.097627
1.091065
1.095084
1.112234
1.109045
1.098628
1.091068
1.097908
1.101505
1.107710
1.116121
1.084232
1.091339
1.089829
1.107224
1.103765
1.116416
1.108530
1.110147
1.113629
1.105298
1.103864
1.127418
1.086452
1.095671
1.088621
1.095340
1.103493
1.109885
1.090355
1.126839
1.107963
1.115540
1.106083
1.135610
1.114988
1.092909
1.089021
1.093535
1.108754
1.107557
1.105366
1.107668
1.112990
1.149826
1.124351
1.141330
1.134837
1.137392
1.131360
1.119534
1.120672
1.130558
1.094747
1.108817
1.103923
1.098205
1.112861
1.106603
1.090816
1.110816
1.099233
1.113274
1.122605
1.134161
1.089642
1.093410
1.094414
1.118429
1.097550
1.118786
1.111292
1.095302
1.102742
1.095665
1.100353
1.111696
1.083819
1.093380
1.095800
1.135866
1.116632
1.145825
1.105875
1.097120
1.091487
1.092851
1.179440
1.130265
1.100475
1.099182
1.111486
1.159519
1.111244
1.108448
1.128535
1.098350
1.096812
1.095704
1.104676
1.118986
1.096540
1.087269
1.108715
1.116055
1.127409
1.136087
1.111237
1.140745
1.144305
1.115017
1.125783
1.132457
1.109920
1.123389
1.098987
1.108923
1.116077
1.124612
1.117903
1.100044
1.095266
1.093541
1.101444
1.111166
1.084703
1.093760
1.089021
1.102382
1.101968
1.102338
1.156431
1.137542
1.113221
1.113589
1.120205
1.130652
1.109400
1.113098
1.116898
1.119953
1.123707
1.126188
1.118904
1.129222
1.091164
1.094346
1.104364
1.113242
1.086691
1.144937
1.112380
1.113996
1.128622
1.128298
1.086176
1.093727
1.094212
1.112067
1.099098
1.113826
1.104291
1.096963
1.095243
1.101301
1.100904
1.103332
1.095562
1.088306
1.096245
1.114852
1.131403
1.113742
1.088462
1.085145
1.089547
1.098822
1.141936
1.132273
1.084185
1.105604
1.088806
1.093534
1.098382
1.102652
1.084306
1.085477
1.092954
1.100716
1.159801
1.105990
1.125245
1.099529
1.091889
1.106195
1.108433
1.120488
1.125175
1.155243
1.129640
1.097495
1.108524
1.110677
1.092623
1.096157
1.096992
1.102034
1.110946
1.116237
1.088228
1.096415
1.113942
1.128837
1.095449
1.110289
1.090755
1.129598
1.102421
1.098389
1.097696
1.110973
1.101706
1.088251
1.102992
1.105887
1.120416
1.108038
1.088564
1.113872
1.089895
1.098047
1.107214
1.109599
1.100423
1.098164
1.110703
1.119031
1.127629
1.131514
1.114140
1.122811
1.108724
1.098147
1.101325
1.112387
1.087460
1.086092
1.097292
1.101906
1.114084
1.123336
1.108763
1.099891
1.111184
1.107817
1.132733
1.116055
1.095154
1.102330
1.098411
1.112117
1.104088
1.110135
1.084972
1.093156
1.095032
1.092130
1.106410
1.112817
1.094176
1.085846
1.089995
1.096489
1.123555
1.107673
1.087879
1.098284
1.095290
1.106444
1.097520
1.107201
1.085835
1.085396
1.097142
1.114455
1.121116
1.135080
1.120094
1.110795
1.099625
1.124631
1.155783
1.146260
1.110837
1.108458
1.112033
1.098403
1.111291
1.106266
1.090164
1.101113
1.100089
1.095830
1.148896
1.143968
1.130495
1.111293
1.098131
1.135067
1.101298
1.106149
1.107081
1.110147
1.111902
1.109737
1.116713
1.111106
1.094629
1.100070
1.106670
1.109118
1.099817
1.108877
1.083976
1.090972
1.090263
1.093631
1.109299
1.139233
1.099070
1.116018
1.115614
1.112886
1.110511
1.118363
1.100003
1.117055
1.108525
1.109890
1.161272
1.113433
1.129540
1.105003
1.100248
1.101238
1.114978
1.105257
1.094937
1.103109
1.091472
1.092106
1.103488
1.131853
1.111761
1.120882
1.093786
1.102730
1.109978
1.104962
1.091471
1.088753
1.090648
1.129719
1.121444
1.127254
1.107240
1.106943
1.115019
1.103919
1.102204
1.144363
1.098756
1.096523
1.089208
1.101624
1.105555
1.111380
1.084579
1.089586
1.089854
1.097500
1.102710
1.113481
1.092311
1.103639
1.100185
1.096314
1.112185
1.117478
1.112263
1.118032
1.099680
1.119198
1.107676
1.113372
1.091394
1.109267
1.118758
1.129733
1.106372
1.131040
1.099045
1.112784
1.098549
1.105987
1.128074
1.132242
1.108607
1.088116
1.093097
1.102986
1.111503
1.128266
1.093909
1.095956
1.088113
1.097459
1.097245
1.101838
1.088320
1.092543
1.091183
1.114489
1.110223
1.129416
1.105455
1.096877
1.116678
1.100361
1.104409
1.109047
1.125032
1.098061
1.101326
1.096435
1.127017
1.119787
1.100823
1.123868
1.117961
1.095207
1.112790
1.111050
1.107294
1.099971
1.103158
1.104411
1.101411
1.143965
1.084850
1.091061
1.096633
1.103742
1.102077
1.107298
1.088039
1.096977
1.125325
1.113928
1.108869
1.128541
1.101485
1.117371
1.095860
1.103553
1.094713
1.104726
1.108219
1.117799
1.093969
1.123825
1.105443
1.108082
1.083629
1.102915
1.089526
1.104419
1.101512
1.105210
1.106741
1.091619
1.096327
1.099539
1.109193
1.116477
1.106157
1.098809
1.112235
1.098315
1.106915
1.105327
1.085969
1.091913
1.090634
1.098504
1.112787
1.112489
1.102617
1.108086
1.115763
1.105551
1.111689
1.110581
1.089241
1.090249
1.101884
1.095400
1.125670
1.125109
1.153218
1.104338
1.093568
1.102200
1.098747
1.121077
1.084185
1.092094
1.095241
1.103235
1.095802
1.102979
1.088500
1.106821
1.099559
1.109039
1.106923
1.108287
1.092186
1.091937
1.099694
1.119704
1.106181
1.109364
1.105173
1.096686
1.098500
1.098279
1.130114
1.111123
1.094316
1.136314
1.118583
1.095567
1.103847
1.139322
1.100088
1.093746
1.094907
1.123446
1.126237
1.104932
1.087221
1.117916
1.119207
1.095169
1.108345
1.115608
1.083706
1.087611
1.113835
1.115771
1.131395
1.129310
1.090111
1.097847
1.094563
1.103011
1.102225
1.103221
1.102151
1.120381
1.089236
1.096392
1.106384
1.105322
1.082393
1.101483
1.087281
1.099060
1.102045
1.221980
1.085957
1.092620
1.088994
1.115560
1.108845
1.114352
1.084977
1.092534
1.090701
1.115019
1.126123
1.134988
1.104965
1.108811
1.114912
1.126894
1.128556
1.112869
1.110559
1.111507
1.094807
1.106423
1.106103
1.114454
1.086468
1.097763
1.118287
1.121715
1.104810
1.107078
1.087608
1.098116
1.109269
1.097180
1.131303
1.108026
1.091526
1.092458
1.093072
1.117333
1.115496
1.103146
1.082649
1.139503
1.130088
1.106213
1.094089
1.110263
1.082959
1.086718
1.090452
1.099177
1.122055
1.119850
1.089251
1.130427
1.089542
1.095357
1.115446
1.114105
1.099008
1.098356
1.100991
1.127755
1.110425
1.109363
1.088542
1.107007
1.100072
1.094877
1.108933
1.118464
1.084022
1.094955
1.089937
1.096096
1.094449
1.108940
1.083490
1.092530
1.090595
1.098884
1.111512
1.120851
1.084103
1.086620
1.094900
1.102059
1.105485
1.106133
1.084876
1.092722
1.091521
1.096920
1.099618
1.136553
1.096183
1.098535
1.177860
1.138060
1.123954
1.126331
1.115838
1.134892
1.124930
1.124540
1.128340
1.136686
1.115973
1.115788
1.122002
1.141169
1.141938
1.136784
1.097605
1.112649
1.119480
1.118296
1.133259
1.136930
1.113007
1.109784
1.143453
1.124179
1.116825
1.126945
1.112057
1.117504
1.101227
1.117726
1.113497
1.144813
1.098709
1.107028
1.093671
1.192307
1.111161
1.109822
1.095558
1.094923
1.092784
1.101446
1.109836
1.125155
1.123828
1.106178
1.092190
1.094519
1.097423
1.104916
1.085672
1.118947
1.114529
1.114027
1.141744
1.136953
1.111821
1.123168
1.096932
1.128470
1.124198
1.108864
1.116865
1.096556
1.096877
1.092934
1.108752
1.115523
1.106208
1.089177
1.098590
1.100015
1.101468
1.116452
1.089435
1.113468
1.113883
1.097774
1.099500
1.104616
1.085433
1.091424
1.112926
1.106322
1.115678
1.109795
1.088826
1.092463
1.090673
1.090876
1.100027
1.113714
1.099026
1.089647
1.090740
1.104662
1.105506
1.114913
1.094397
1.097121
1.094125
1.113911
1.115926
1.127937
1.084939
1.094209
1.112248
1.111377
1.099229
1.106198
1.109491
1.129639
1.094524
1.093645
1.102425
1.140179
1.112543
1.089936
1.103151
1.104925
1.104940
1.110503
1.083845
1.096724
1.087540
1.100579
1.104350
1.143339
1.085852
1.097896
1.090331
1.097325
1.111877
1.110173
1.105721
1.095341
1.116748
1.115714
1.132646
1.119712
1.091654
1.129755
1.090821
1.095869
1.136333
1.106894
1.087794
1.114288
1.109086
1.112273
1.121941
1.136820
1.114799
1.114926
1.115808
1.104170
1.107565
1.109747
1.087498
1.149041
1.105480
1.101114
1.105617
1.116073
1.089672
1.128876
1.121889
1.102990
1.111834
1.114714
1.097226
1.101595
1.097828
1.101584
1.117009
1.107847
1.093164
1.104104
1.093734
1.100633
1.106819
1.130954
1.110659
1.103602
1.096835
1.108396
1.122801
1.133788
1.104402
1.091845
1.101247
1.093505
1.093113
1.094802
1.079349
1.087375
1.084955
1.093222
1.109124
1.116564
1.090155
1.089187
1.082318
1.115761
1.169033
1.161897
1.134723
1.132059
1.133684
1.116186
1.122825
1.129590
1.137161
1.116789
1.114611
1.117444
1.168133
1.130484
1.115438
1.117736
1.121560
1.113816
1.126987
1.136804
1.107733
1.109044
1.118748
1.117871
1.147567
1.130710
1.113886
1.114300
1.132045
1.142081
1.153118
1.123635
1.106216
1.113061
1.119705
1.116439
1.123884
1.126517
1.106230
1.107325
1.116505
1.119265
1.148602
1.132142
1.129884
1.145304
1.128206
1.118647
1.119092
1.128687
1.106678
1.129079
1.119651
1.122913
1.128081
1.139946
1.116145
1.115968
1.114134
1.113738
1.146242
1.125530
1.106257
1.128295
1.131345
1.123297
1.132871
1.125489
1.117407
1.113382
1.119057
1.113992
1.135496
1.124429
1.104569
1.108097
1.118788
1.117698
1.114568
1.129090
1.108306
1.137095
1.135807
1.115120
1.131329
1.135022
1.113316
1.118485
1.121313
1.122320
1.118204
1.124204
1.119735
1.111758
1.133336
1.115429
1.118289
1.126780
1.114225
1.120102
1.116141
1.131789
1.150119
1.145346
1.139890
1.131743
1.110963
1.135760
1.149848
1.136505
1.105735
1.113033
1.123733
1.114977
1.123492
1.131569
1.125086
1.127500
1.114651
1.121208
1.122610
1.137940
1.108316
1.107688
1.176510
1.156044
1.160582
1.152240
1.132079
1.122729
1.111815
1.128726
1.146718
1.134980
1.114057
1.117424
1.118582
1.115048
1.125297
1.131097
1.116653
1.113683
1.117764
1.125884
1.121530
1.153330
1.112081
1.113669
1.134162
1.133840
1.128340
1.129007
1.110327
1.110700
1.113879
1.090654
1.107778
1.099398
1.076264
1.078193
1.079958
1.124432
1.092164
1.118936
1.085385
1.082043
1.083726
1.087252
1.105974
1.093686
1.086743
1.082095
1.084479
1.090385
1.100607
1.093691
1.074585
1.079400
1.077930
1.083221
1.089618
1.121604
1.100114
1.105726
1.087556
1.085775
1.096837
1.104274
1.081273
1.083484
1.090104
1.083334
1.091924
1.124682
1.083861
1.095776
1.089279
1.097266
1.102621
1.126514
1.112094
1.080544
1.088755
1.097272
1.103726
1.105976
1.104511
1.110167
1.103075
1.117983
1.092825
1.105884
1.081498
1.084207
1.082004
1.093843
1.107620
1.094707
1.076476
1.108915
1.096193
1.098001
1.142565
1.110943
1.089779
1.087245
1.090637
1.084323
1.097949
1.097544
1.083969
1.084432
1.099081
1.088872
1.097319
1.105004
1.091269
1.096102
1.105534
1.086754
1.120224
1.117227
1.092161
1.083663
1.085815
1.112580
1.108790
1.103554
1.085779
1.087396
1.081916
1.083911
1.101390
1.100628
1.117993
1.102889
1.091875
1.083704
1.109923
1.115493
1.075460
1.105816
1.104735
1.107279
1.120474
1.114406
1.086536
1.082500
1.099844
1.097091
1.107927
1.113461
1.081133
1.086349
1.114211
1.086451
1.091838
1.105532
1.077494
1.080546
1.087750
1.086961
1.093573
1.095887
1.082713
1.085803
1.085213
1.088368
1.099799
1.125881
1.102019
1.107282
1.119812
1.110421
1.117750
1.120381
1.111235
1.101368
1.102721
1.111773
1.125122
1.129948
1.096810
1.098970
1.089290
1.096665
1.100213
1.102224
1.075788
1.093412
1.085053
1.084754
1.121787
1.122808
1.075030
1.084441
1.085908
1.090460
1.094809
1.106868
1.103130
1.084506
1.093426
1.090343
1.112124
1.140841
1.082828
1.083459
1.089486
1.087082
1.097327
1.100923
1.087532
1.087676
1.083403
1.101716
1.099368
1.104094
1.099656
1.092076
1.094043
1.120471
1.098106
1.110647
1.082607
1.087814
1.082963
1.117296
1.119559
1.106965
1.083143
1.087436
1.089886
1.085135
1.091715
1.100950
1.094612
1.083226
1.101603
1.091105
1.102385
1.100288
1.079173
1.076927
1.085420
1.088093
1.101645
1.099763
1.091184
1.082980
1.093526
1.083505
1.095249
1.099458
1.082078
1.100958
1.096190
1.089091
1.102458
1.106964
1.109183
1.078730
1.092406
1.084999
1.098056
1.117393
1.100768
1.079158
1.107934
1.085202
1.096036
1.115304
1.088689
1.087549
1.107543
1.089621
1.147813
1.121219
1.128497
1.106738
1.107006
1.091334
1.106520
1.097742
1.076968
1.106593
1.106250
1.104006
1.118850
1.114384
1.080240
1.094225
1.085127
1.103127
1.087767
1.098962
1.083242
1.104331
1.099137
1.104147
1.095073
1.104613
1.103712
1.100785
1.109865
1.103484
1.113779
1.115744
1.089127
1.086990
1.095118
1.084945
1.092595
1.112997
1.081119
1.088882
1.101912
1.104819
1.118522
1.145007
1.127058
1.106569
1.095950
1.100379
1.093447
1.113590
1.100126
1.120334
1.106967
1.109274
1.121806
1.097262
1.097611
1.079510
1.095226
1.096058
1.108991
1.102450
1.098550
1.117115
1.115230
1.086555
1.102418
1.094530
1.087072
1.077958
1.122403
1.114222
1.093089
1.152303
1.080797
1.089206
1.112130
1.084065
1.090619
1.095852
1.086119
1.105181
1.127724
1.109540
1.118335
1.122448
1.094832
1.098521
1.082188
1.084969
1.109792
1.118041
1.099496
1.096122
1.094972
1.092666
1.129834
1.135154
1.083285
1.107943
1.142438
1.090292
1.102211
1.109049
1.086149
1.112663
1.091132
1.122173
1.142045
1.103205
1.077578
1.083170
1.095546
1.083735
1.094182
1.093850
1.098535
1.082134
1.082804
1.082848
1.092811
1.115822
1.084597
1.083886
1.094983
1.091611
1.092436
1.137578
1.081097
1.155810
1.095636
1.100032
1.099169
1.122170
1.113184
1.104204
1.109767
1.137476
1.126672
1.143109
1.115945
1.106425
1.106813
1.112772
1.144780
1.129850
1.106350
1.107659
1.119794
1.139985
1.159251
1.120430
1.117335
1.107119
1.112839
1.111847
1.129611
1.123412
1.106553
1.099820
1.116060
1.084924
1.094673
1.100728
1.094294
1.106191
1.111696
1.103779
1.098699
1.107124
1.082276
1.080154
1.089882
1.088394
1.102567
1.100375
1.091544
1.083775
1.087080
1.090073
1.093467
1.100611
1.083118
1.162823
1.118650
1.111755
1.122680
1.126834
1.108135
1.113707
1.132633
1.090626
1.110467
1.122506
1.092482
1.094943
1.096729
1.107424
1.121296
1.103381
1.080046
1.082855
1.084441
1.109890
1.125711
1.101478
1.111278
1.091606
1.100088
1.103546
1.110839
1.118125
1.083166
1.089270
1.105603
1.114883
1.118816
1.127895
1.097767
1.100317
1.090487
1.085818
1.103487
1.096817
1.085125
1.079127
1.086182
1.113643
1.109244
1.125003
1.077571
1.079372
1.082972
1.094107
1.116274
1.098142
1.099365
1.088349
1.093652
1.110485
1.112253
1.121836
1.098757
1.106168
1.087987
1.108384
1.108731
1.109436
1.113379
1.237753
1.091868
1.084764
1.124136
1.119826
1.077141
1.082232
1.095696
1.084536
1.123102
1.122981
1.102007
1.107236
1.106785
1.114074
1.091324
1.117025
1.099967
1.097047
1.093436
1.094818
1.094887
1.100555
1.104142
1.120651
1.102323
1.104318
1.095201
1.095472
1.074230
1.078507
1.081308
1.089712
1.104188
1.099364
1.084730
1.083397
1.083725
1.084315
1.091026
1.119580
1.088158
1.094273
1.093062
1.096546
1.109288
1.097983
1.076914
1.081843
1.111551
1.085698
1.098109
1.095519
1.075284
1.078335
1.090559
1.083764
1.090757
1.100863
1.124346
1.086523
1.089812
1.137953
1.155473
1.101551
1.089833
1.085375
1.093548
1.109702
1.112015
1.142065
1.107269
1.083648
1.095721
1.085915
1.097470
1.097394
1.078003
1.080846
1.091164
1.093429
1.093728
1.094567
1.080391
1.085104
1.089175
1.082402
1.098445
1.146354
1.079122
1.100688
1.100779
1.090445
1.100881
1.115072
1.118727
1.081830
1.081322
1.083809
1.150633
1.103015
1.092491
1.078645
1.087577
1.084359
1.094345
1.110866
1.100281
1.088580
1.082765
1.096649
1.101491
1.104250
1.135278
1.082689
1.113367
1.136728
1.102134
1.118878
1.085809
1.084813
1.082440
1.084476
1.087812
1.094781
1.074703
1.082906
1.095705
1.091522
1.093179
1.097176
1.094058
1.083075
1.089842
1.082571
1.097095
1.094375
1.091688
1.077475
1.080732
1.083563
1.111189
1.110101
1.075214
1.078804
1.082958
1.084150
1.096892
1.104451
1.085077
1.081134
1.089959
1.089450
1.091744
1.094779
1.079316
1.078179
1.079454
1.103804
1.116618
1.101065
1.083166
1.076887
1.085540
1.122019
1.117807
1.098377
1.087194
1.103881
1.123168
1.101548
1.102900
1.105007
1.097759
1.088024
1.104428
1.115491
1.118480
1.120266
1.095684
1.089704
1.082560
1.110903
1.100529
1.105092
1.082596
1.078317
1.080963
1.110983
1.115718
1.094765
1.081781
1.096688
1.091784
1.090453
1.099421
1.095519
1.086984
1.078391
1.090834
1.088403
1.099458
1.136603
1.082958
1.125063
1.106437
1.088304
1.096567
1.100678
1.079757
1.078888
1.086727
1.093341
1.104588
1.120275
1.105224
1.080717
1.090388
1.084315
1.093180
1.116732
1.094429
1.083477
1.110241
1.089330
1.125868
1.098619
1.081038
1.082682
1.080445
1.083575
1.103078
1.098933
1.080045
1.101865
1.081548
1.083116
1.097447
1.098809
1.077248
1.077831
1.080794
1.089002
1.097466
1.098408
1.088725
1.082012
1.093830
1.084821
1.098444
1.139344
1.100003
1.091387
1.081862
1.093076
1.086469
1.098097
1.076220
1.087863
1.102058
1.093251
1.099386
1.098678
1.081217
1.077749
1.079524
1.103100
1.096455
1.103513
1.112243
1.106934
1.095169
1.096339
1.142017
1.121153
1.092698
1.135199
1.083805
1.102930
1.099170
1.108546
1.077884
1.082356
1.086190
1.093613
1.089973
1.096797
1.095397
1.099081
1.116134
1.091757
1.101189
1.135216
1.081221
1.079558
1.087257
1.095905
1.091404
1.094541
1.077654
1.087485
1.132594
1.105789
1.109079
1.118643
1.081124
1.124615
1.128034
1.113583
1.120643
1.161765
1.106559
1.108761
1.110610
1.112164
1.121865
1.123835
1.107931
1.103833
1.105938
1.108341
1.121396
1.169970
1.109009
1.109411
1.110450
1.114207
1.119308
1.123571
1.106338
1.106772
1.109791
1.117153
1.122503
1.121898
1.106044
1.110840
1.104511
1.115503
1.123919
1.118694
1.103380
1.105205
1.109692
1.117586
1.126777
1.115354
1.098232
1.106329
1.109304
1.109124
1.115145
1.153946
1.102875
1.114713
1.111844
1.111402
1.110751
1.118857
1.103786
1.108932
1.104965
1.115239
1.117554
1.131143
1.099305
1.100272
1.100604
1.087576
1.109798
1.095186
1.093697
1.082471
1.108552
1.128272
1.124118
1.101962
1.083271
1.081347
1.106401
1.110800
1.122655
1.131690
1.098672
1.128435
1.111097
1.116684
1.121675
1.106035
1.083142
1.089312
1.100406
1.096841
1.105708
1.101655
1.086385
1.079725
1.084238
1.090654
1.091796
1.096435
1.077643
1.080562
1.096786
1.085645
1.103102
1.103068
1.088216
1.080217
1.084441
1.096887
1.093382
1.099183
1.074946
1.079134
1.084728
1.100550
1.097618
1.103448
1.092313
1.087966
1.093479
1.085479
1.116544
1.097585
1.095940
1.085082
1.081726
1.087773
1.092494
1.117891
1.077373
1.080408
1.088461
1.107736
1.118061
1.130504
1.101584
1.087622
1.097453
1.086085
1.093358
1.102942
1.091162
1.084563
1.086050
1.094191
1.095599
1.097368
1.081869
1.082290
1.098795
1.107422
1.094148
1.096809
1.084753
1.088845
1.087012
1.085360
1.145180
1.105311
1.078846
1.089206
1.093223
1.090918
1.101318
1.101334
1.094840
1.083616
1.085051
1.086986
1.099746
1.111764
1.077709
1.086334
1.081928
1.085045
1.106698
1.096626
1.076424
1.088122
1.085796
1.085893
1.107063
1.127114
1.078255
1.079690
1.093951
1.091072
1.095018
1.095561
1.081891
1.082187
1.081902
1.090270
1.103245
1.097351
1.075235
1.084161
1.092923
1.084700
1.095536
1.098690
1.082384
1.079230
1.082130
1.088952
1.106371
1.095738
1.074692
1.109157
1.082588
1.084627
1.092677
1.100755
1.091194
1.081754
1.089143
1.117896
1.118628
1.121149
1.099663
1.099773
1.087670
1.089085
1.093576
1.099490
1.077843
1.085734
1.090917
1.085144
1.103912
1.094949
1.076470
1.086335
1.091851
1.135284
1.097368
1.095454
1.082594
1.080694
1.083231
1.091355
1.103963
1.147940
1.081988
1.089591
1.089252
1.099547
1.088430
1.097635
1.086370
1.080242
1.088797
1.084426
1.095903
1.104933
1.080931
1.093420
1.083788
1.096426
1.098385
1.115796
1.091025
1.079549
1.087563
1.085639
1.131592
1.096474
1.083549
1.090027
1.114887
1.105921
1.096198
1.094932
1.077169
1.089135
1.090519
1.130222
1.122012
1.101779
1.117322
1.080344
1.095548
1.097107
1.094303
1.097886
1.099270
1.111607
1.082129
1.085198
1.091375
1.096264
1.080626
1.115206
1.087838
1.088404
1.090634
1.094675
1.086520
1.087530
1.083803
1.092823
1.100546
1.099255
1.079517
1.085156
1.081581
1.088995
1.093066
1.126934
1.087540
1.109375
1.084739
1.112846
1.124372
1.117526
1.107076
1.082496
1.081673
1.085835
1.095400
1.096948
1.079208
1.084320
1.095024
1.093162
1.107044
1.103413
1.077859
1.088279
1.088423
1.088090
1.096193
1.122391
1.076415
1.090444
1.086108
1.104052
1.092923
1.097112
1.076893
1.101580
1.099266
1.102038
1.093751
1.098765
1.080815
1.112735
1.086244
1.097170
1.093818
1.093929
1.118997
1.131598
1.091261
1.085667
1.096600
1.098983
1.094147
1.093748
1.086516
1.124644
1.103885
1.097669
1.076334
1.079654
1.103841
1.083347
1.092462
1.100659
1.084178
1.078949
1.080230
1.084121
1.095123
1.126142
1.108446
1.078410
1.086563
1.087607
1.087583
1.095001
1.082617
1.082911
1.085335
1.110743
1.114580
1.115606
1.076704
1.088804
1.095455
1.094499
1.099464
1.104448
1.085820
1.085130
1.086074
1.088242
1.092041
1.095483
1.091771
1.087695
1.110615
1.084446
1.091938
1.093496
1.080219
1.088127
1.085807
1.086124
1.097942
1.094743
1.080071
1.102176
1.088825
1.084510
1.093157
1.130091
1.107750
1.085260
1.099677
1.090218
1.104525
1.096372
1.077386
1.084929
1.098852
1.089535
1.098914
1.112666
1.082897
1.082687
1.086009
1.091229
1.090753
1.099066
1.081090
1.107572
1.088682
1.095338
1.100252
1.120685
1.090740
1.088088
1.108018
1.106490
1.112375
1.106248
1.077487
1.087439
1.090671
1.086385
1.101591
1.095666
1.081753
1.078144
1.093174
1.094458
1.099957
1.095464
1.091694
1.079020
1.084739
1.084176
1.088644
1.104597
1.079915
1.097351
1.081994
1.084261
1.103004
1.107604
1.084282
1.080551
1.086366
1.088809
1.092781
1.107660
1.081535
1.085459
1.108036
1.094687
1.088394
1.096834
1.074478
1.083356
1.094775
1.089117
1.091647
1.097201
1.090721
1.091012
1.092073
1.123639
1.099730
1.103434
1.094951
1.084107
1.089894
1.084716
1.093028
1.097301
1.080343
1.078049
1.091994
1.084623
1.096098
1.094451
1.073803
1.077211
1.101058
1.104542
1.138851
1.104418
1.074940
1.084221
1.082621
1.088074
1.106607
1.099635
1.112469
1.081689
1.095262
1.109547
1.115742
1.108333
1.086802
1.088191
1.108651
1.083235
1.123927
1.099848
1.095297
1.079878
1.093772
1.094715
1.092535
1.095726
1.079982
1.106300
1.101128
1.083806
1.100389
1.128688
1.083376
1.084542
1.084672
1.090997
1.102810
1.095852
1.083825
1.079970
1.091642
1.090332
1.107945
1.095463
1.088123
1.084311
1.083181
1.086303
1.092275
1.097967
1.079574
1.091881
1.080395
1.084173
1.102267
1.101419
1.083861
1.082597
1.094767
1.082480
1.093589
1.094839
1.074856
1.090155
1.096742
1.083697
1.093000
1.106765
1.086810
1.077817
1.094132
1.085094
1.119895
1.101698
1.087243
1.083992
1.084009
1.084112
1.093679
1.099774
1.085359
1.080121
1.081182
1.083408
1.092986
1.097109
1.080670
1.091652
1.089013
1.085875
1.099127
1.100287
1.080590
1.078208
1.085527
1.095429
1.099678
1.095161
1.075474
1.080523
1.080717
1.085091
1.110643
1.108203
1.078478
1.090914
1.091112
1.102110
1.122784
1.127384
1.097213
1.082431
1.097082
1.083596
1.113043
1.101289
1.078195
1.083379
1.108065
1.104219
1.100907
1.107201
1.086257
1.099779
1.082444
1.085065
1.100228
1.105253
1.077430
1.087735
1.115807
1.099157
1.104781
1.111859
1.095624
1.090326
1.089896
1.112819
1.131280
1.136322
1.080441
1.104770
1.095034
1.095272
1.097217
1.118387
1.105957
1.090648
1.120632
1.111745
1.107971
1.105605
1.083383
1.088818
1.089286
1.089009
1.120530
1.108540
1.080803
1.087561
1.084919
1.111027
1.117005
1.113280
1.091591
1.088948
1.101176
1.092953
1.094518
1.102970
1.091874
1.094788
1.112018
1.103571
1.114784
1.100725
1.083204
1.088040
1.084470
1.089868
1.099676
1.099792
1.094278
1.088978
1.087347
1.088670
1.106268
1.096402
1.082915
1.079930
1.087105
1.086240
1.093446
1.096187
1.081515
1.087964
1.090557
1.085410
1.098783
1.101087
1.080456
1.079738
1.088058
1.084061
1.093109
1.103053
1.078582
1.086543
1.088883
1.084998
1.091646
1.096574
1.074685
1.108997
1.176379
1.101380
1.103886
1.100314
1.080579
1.084997
1.091559
1.089710
1.103408
1.107809
1.087932
1.100504
1.101626
1.105676
1.102934
1.106071
1.106232
1.098200
1.087773
1.084911
1.097030
1.096418
1.076387
1.084970
1.093528
1.085702
1.090126
1.136411
1.104936
1.081751
1.092129
1.098974
1.118849
1.107781
1.083336
1.085655
1.093658
1.102771
1.108466
1.102652
1.083072
1.085155
1.095334
1.086697
1.135438
1.122360
1.087163
1.088577
1.101129
1.085692
1.096828
1.099417
1.088965
1.079701
1.088313
1.092392
1.107123
1.097687
1.081500
1.092013
1.092441
1.088724
1.125470
1.119925
1.099748
1.100190
1.106538
1.095998
1.097918
1.118450
1.078473
1.088056
1.088024
1.101269
1.104357
1.101101
1.085417
1.080740
1.092980
1.085455
1.097449
1.108522
1.084334
1.091798
1.088519
1.089401
1.094935
1.097122
1.083461
1.087851
1.080013
1.092992
1.097499
1.100847
1.081201
1.079201
1.086771
1.087866
1.089709
1.100454
1.093927
1.098897
1.091533
1.089314
1.093910
1.105213
1.080814
1.103630
1.108196
1.109779
1.093128
1.105189
1.088137
1.083321
1.083505
1.084506
1.110101
1.097140
1.096154
1.079589
1.096608
1.089331
1.086822
1.098355
1.080075
1.085542
1.082168
1.109679
1.127856
1.116161
1.093873
1.080850
1.089792
1.086107
1.102516
1.101327
1.076547
1.080486
1.095486
1.092963
1.098865
1.117717
1.099559
1.111820
1.114310
1.086814
1.092527
1.101668
1.088276
1.087102
1.103468
1.105341
1.119569
1.122308
1.102746
1.108134
1.111613
1.119868
1.113138
1.130671
1.105779
1.110582
1.112927
1.115737
1.126709
1.124860
1.101385
1.100072
1.106045
1.105754
1.122243
1.128010
1.098724
1.122917
1.104443
1.111595
1.126919
1.123581
1.102880
1.108601
1.110219
1.106130
1.117345
1.125340
1.131886
1.106592
1.114829
1.114436
1.203023
1.154214
1.126229
1.142097
1.148747
1.140326
1.145718
1.147559
1.141643
1.139570
1.138306
1.144671
1.154768
1.166220
1.119382
1.127543
1.139265
1.142113
1.142814
1.152671
1.135846
1.136273
1.136105
1.141691
1.153118
1.151130
1.131651
1.101114
1.101819
1.129570
1.115367
1.122338
1.106527
1.108836
1.114724
1.115439
1.118419
1.117215
1.096790
1.110691
1.128737
1.115876
1.116316
1.115649
1.097769
1.098475
1.087536
1.102201
1.116427
1.115359
1.075725
1.094277
1.092531
1.093044
1.089357
1.101740
1.110098
1.100635
1.084963
1.101347
1.115515
1.115577
1.098960
1.106272
1.108554
1.107457
1.107952
1.119654
1.103624
1.098806
1.100757
1.104596
1.091839
1.100257
1.082271
1.089770
1.088626
1.096346
1.141693
1.102585
1.083276
1.084560
1.095841
1.123509
1.114210
1.110668
1.076723
1.090580
1.086124
1.089340
1.104708
1.093984
1.074994
1.078823
1.077971
1.101566
1.093550
1.117432
1.101709
1.099100
1.116668
1.129831
1.117860
1.116859
1.106036
1.107973
1.081669
1.109771
1.121016
1.120176
1.098994
1.083389
1.085941
1.091107
1.134900
1.097473
1.086533
1.099438
1.112222
1.104987
1.119802
1.116621
1.095486
1.098017
1.133935
1.111467
1.098330
1.127890
1.077282
1.106793
1.090520
1.095913
1.105841
1.103967
1.076770
1.115002
1.088356
1.093659
1.094951
1.128010
1.080672
1.117219
1.087225
1.106216
1.099634
1.111011
1.080075
1.082983
1.088572
1.085371
1.097717
1.099467
1.081498
1.081908
1.086216
1.085293
1.091907
1.099462
1.088025
1.087772
1.119730
1.104525
1.120287
1.126008
1.091976
1.102802
1.118191
1.132992
1.139130
1.113822
1.089684
1.096804
1.110951
1.118358
1.108822
1.101935
1.076625
1.089708
1.085591
1.089640
1.096314
1.111891
1.091473
1.086094
1.099541
1.092513
1.100818
1.096566
1.074408
1.077245
1.087490
1.087648
1.092415
1.108777
1.078716
1.079621
1.081885
1.090376
1.110064
1.098875
1.082584
1.097929
1.101445
1.091116
1.100480
1.114354
1.093384
1.120354
1.101469
1.103285
1.116400
1.117167
1.114448
1.098637
1.100352
1.114493
1.131206
1.140558
1.100062
1.099855
1.104499
1.100991
1.098190
1.104435
1.083224
1.082566
1.106212
1.091417
1.091957
1.163774
1.097123
1.089408
1.086354
1.107132
1.106481
1.104656
1.081642
1.084899
1.096599
1.094259
1.099343
1.096470
1.079467
1.078966
1.086306
1.087422
1.093715
1.105644
1.103332
1.091251
1.090373
1.090015
1.094275
1.097083
1.075514
1.093889
1.091390
1.108093
1.121633
1.119969
1.104727
1.101216
1.109423
1.108632
1.124190
1.156220
1.088818
1.118784
1.125049
1.102624
1.116627
1.154339
1.100564
1.132827
1.082748
1.088901
1.104509
1.104364
1.076635
1.081574
1.114415
1.111700
1.094619
1.099393
1.074247
1.084787
1.095605
1.087806
1.124077
1.100924
1.078987
1.081273
1.088635
1.083267
1.103142
1.095838
1.082039
1.077535
1.090382
1.093443
1.098316
1.095702
1.086061
1.109652
1.082090
1.084393
1.111349
1.116252
1.100629
1.101605
1.101580
1.109027
1.110959
1.111822
1.076504
1.082910
1.105305
1.111936
1.100193
1.107603
1.094583
1.106256
1.079503
1.100401
1.107561
1.121974
1.100145
1.101013
1.096622
1.088619
1.097745
1.105768
1.079848
1.082018
1.087733
1.096448
1.086993
1.122939
1.086824
1.089939
1.085376
1.123094
1.095493
1.117174
1.107890
1.098208
1.102566
1.105633
1.112579
1.115458
1.113983
1.103600
1.105322
1.107520
1.120819
1.118999
1.101512
1.101016
1.105639
1.111759
1.120913
1.124555
1.099698
1.106569
1.099976
1.144478
1.108871
1.114880
1.093375
1.097273
1.102716
1.134626
1.106680
1.114759
1.095474
1.096906
1.106754
1.102497
1.115947
1.125455
1.100168
1.170009
1.105454
1.142775
1.115146
1.114787
1.103546
1.105873
1.105269
1.115890
1.110275
1.114743
1.105398
1.103458
1.107833
1.108311
1.115695
1.148186
1.096044
1.098778
1.105380
1.113105
1.117537
1.114044
1.093891
1.098759
1.101792
1.102800
1.117260
1.114316
1.101886
1.102136
1.103715
1.109000
1.143974
1.106863
1.075526
1.088370
1.095439
1.099743
1.115046
1.114591
1.099817
1.078474
1.089791
1.083421
1.096186
1.173654
1.108532
1.082537
1.098592
1.115432
1.118204
1.106064
1.085022
1.093008
1.093745
1.089623
1.100585
1.107807
1.103079
1.085670
1.082527
1.093024
1.101407
1.111106
1.083675
1.098473
1.126686
1.096361
1.101204
1.110237
1.084278
1.085146
1.084318
1.087193
1.103902
1.101945
1.085629
1.083326
1.084712
1.086567
1.108203
1.119548
1.075709
1.080745
1.081728
1.090495
1.088092
1.096424
1.078244
1.084004
1.087111
1.084008
1.098133
1.105914
1.086163
1.077969
1.083230
1.083177
1.117281
1.102380
1.082097
1.082312
1.086406
1.088435
1.089173
1.094759
1.082282
1.077950
1.099187
1.092033
1.085883
1.094799
1.075131
1.117241
1.088959
1.094722
1.104788
1.104070
1.077361
1.078903
1.083061
1.084930
1.096537
1.095134
1.077361
1.078825
1.081402
1.083632
1.120405
1.101553
1.076760
1.077989
1.087975
1.096777
1.100949
1.103333
1.108343
1.086937
1.110033
1.087281
1.096896
1.117340
1.080064
1.078078
1.081602
1.093193
1.093866
1.097583
1.076153
1.088909
1.090933
1.082648
1.098557
1.105550
1.085517
1.090511
1.081119
1.111952
1.098185
1.113345
1.083047
1.080328
1.086773
1.084828
1.095149
1.101558
1.095793
1.088737
1.088681
1.101007
1.125067
1.119385
1.100910
1.103624
1.080714
1.104340
1.115152
1.120265
1.096121
1.102823
1.103494
1.106814
1.110085
1.120698
1.111519
1.086930
1.109517
1.084765
1.103114
1.098335
1.083436
1.085705
1.081906
1.098565
1.098498
1.102436
1.080192
1.084176
1.088494
1.087784
1.099142
1.095263
1.095453
1.083385
1.088762
1.090325
1.130082
1.114654
1.100572
1.117077
1.090163
1.097158
1.098455
1.094133
1.086193
1.087378
1.107902
1.102345
1.111670
1.105879
1.077582
1.091745
1.086559
1.092364
1.093386
1.096905
1.082755
1.078610
1.087608
1.086766
1.096419
1.108066
1.075322
1.083847
1.090670
1.090032
1.101146
1.096051
1.075277
1.077719
1.089384
1.085672
1.092317
1.094803
1.075136
1.082669
1.080891
1.086126
1.088119
1.098512
1.088609
1.084606
1.082561
1.091719
1.111450
1.105785
1.110684
1.092022
1.091828
1.083993
1.091497
1.100874
1.082293
1.084187
1.141812
1.096640
1.099746
1.104203
1.095709
1.082754
1.081293
1.083103
1.100319
1.110438
1.075986
1.087586
1.103946
1.087660
1.098546
1.102043
1.111186
1.088184
1.097274
1.084509
1.097317
1.103491
1.079267
1.079738
1.087092
1.085051
1.119793
1.102815
1.075039
1.078713
1.086547
1.086666
1.093247
1.096627
1.081083
1.083045
1.088459
1.084313
1.097954
1.112503
1.086938
1.112206
1.117785
1.092548
1.097393
1.093785
1.083278
1.103793
1.092513
1.093415
1.108071
1.100500
1.094564
1.104733
1.086675
1.104092
1.100834
1.111765
1.087079
1.088154
1.093875
1.092338
1.104659
1.109192
1.092118
1.092967
1.092355
1.087054
1.113510
1.102563
1.087631
1.084367
1.081135
1.092517
1.097268
1.097058
1.075396
1.088566
1.084319
1.086930
1.092856
1.101128
1.081474
1.081913
1.086844
1.093169
1.095968
1.104911
1.095824
1.083472
1.083932
1.083300
1.088348
1.113404
1.085336
1.084420
1.087242
1.112584
1.110727
1.100359
1.089308
1.087495
1.087250
1.112588
1.118719
1.134661
1.076963
1.079112
1.087501
1.088503
1.090618
1.095207
1.083750
1.094813
1.150174
1.107678
1.096439
1.100829
1.085707
1.108144
1.120301
1.093042
1.100502
1.102480
1.080949
1.085277
1.088150
1.091643
1.159965
1.147244
1.092461
1.117265
1.092560
1.106307
1.130431
1.102496
1.091580
1.092237
1.099159
1.096587
1.097120
1.107970
1.079675
1.081689
1.085256
1.095720
1.094668
1.096921
1.086040
1.089686
1.086961
1.091295
1.090218
1.119617
1.077986
1.092558
1.092687
1.084428
1.097436
1.096066
1.095867
1.079511
1.088593
1.101586
1.094592
1.101601
1.095599
1.102044
1.107292
1.141160
1.095841
1.137479
1.075877
1.087288
1.081515
1.083331
1.088058
1.100955
1.081196
1.088126
1.085983
1.098530
1.092656
1.101368
1.126595
1.083102
1.082908
1.083811
1.126801
1.111872
1.080210
1.086371
1.082108
1.083006
1.094344
1.101267
1.074561
1.081710
1.085625
1.088138
1.084718
1.101916
1.074401
1.079335
1.080341
1.088153
1.122899
1.102407
1.076239
1.077171
1.085999
1.084493
1.107168
1.101382
1.116561
1.082085
1.096307
1.094009
1.102841
1.101129
1.085036
1.080220
1.081917
1.096676
1.124337
1.135659
1.109615
1.115186
1.087490
1.104423
1.105845
1.111142
1.090434
1.125090
1.092192
1.093993
1.096805
1.096633
1.105083
1.087966
1.081903
1.091848
1.096478
1.095393
1.075250
1.079105
1.084749
1.088867
1.091544
1.123324
1.085467
1.083096
1.115583
1.088684
1.088640
1.093657
1.082158
1.081542
1.104466
1.103203
1.096016
1.111682
1.081497
1.086138
1.081178
1.085546
1.089814
1.103674
1.076332
1.086981
1.083349
1.082508
1.089933
1.171727
1.115642
1.105630
1.111425
1.116169
1.117650
1.120517
1.100086
1.104271
1.091612
1.089248
1.116706
1.100760
1.093837
1.087361
1.094362
1.098927
1.100574
1.100752
1.081496
1.086391
1.121412
1.089081
1.091067
1.096169
1.086911
1.084116
1.083886
1.093502
1.087879
1.097074
1.076754
1.115566
1.090272
1.084972
1.093139
1.094427
1.080742
1.086316
1.081210
1.107169
1.096802
1.105084
1.078561
1.084148
1.081038
1.089340
1.092803
1.096149
1.134157
1.133572
1.090287
1.098560
1.094359
1.113347
1.078283
1.086393
1.089966
1.089905
1.104189
1.108334
1.081125
1.084544
1.090534
1.105476
1.104116
1.096174
1.085342
1.083680
1.082462
1.112924
1.110668
1.130450
1.093688
1.078552
1.082921
1.083492
1.096664
1.098255
1.085210
1.087538
1.108327
1.103946
1.107840
1.100998
1.087079
1.102114
1.095261
1.128262
1.124787
1.162535
1.099122
1.110076
1.126176
1.132985
1.121442
1.127003
1.116168
1.144771
1.143534
1.144132
1.149059
1.111803
1.087512
1.112374
1.119286
1.113364
1.109600
1.131664
1.102185
1.115772
1.105738
1.114273
1.128709
1.123907
1.106226
1.105176
1.105417
1.108859
1.126853
1.125036
1.104870
1.093906
1.092043
1.096006
1.114139
1.117857
1.111371
1.101738
1.116902
1.121130
1.144193
1.120404
1.106116
1.104927
1.113696
1.115300
1.114912
1.123987
1.101765
1.111095
1.102150
1.093592
1.098386
1.101114
1.081397
1.080842
1.136815
1.099764
1.092215
1.116174
1.075674
1.080477
1.085127
1.088467
1.122615
1.099087
1.100092
1.112825
1.104289
1.133111
1.104426
1.096353
1.091764
1.091095
1.083430
1.091342
1.094448
1.118546
1.081904
1.082416
1.098917
1.088616
1.095960
1.097349
1.083440
1.090490
1.088599
1.091833
1.097677
1.105138
1.077352
1.086846
1.085466
1.084176
1.093756
1.096189
1.082137
1.129933
1.086780
1.084081
1.096872
1.093641
1.093194
1.082659
1.093611
1.083240
1.093927
1.096384
1.086047
1.093204
1.115277
1.118197
1.120251
1.134079
1.102142
1.108494
1.108808
1.107990
1.098623
1.094302
1.080270
1.078025
1.116080
1.108021
1.107059
1.117895
1.102349
1.124179
1.089470
1.094485
1.088679
1.094985
1.076909
1.092318
1.102550
1.094492
1.089594
1.096855
1.087461
1.077080
1.085850
1.088698
1.088570
1.101731
1.107883
1.081723
1.084739
1.086642
1.094968
1.096826
1.081644
1.086329
1.084896
1.093153
1.086509
1.095933
1.084766
1.088412
1.089924
1.095149
1.092099
1.092548
1.101905
1.077140
1.080403
1.098846
1.096676
1.138837
1.080298
1.080523
1.080653
1.092116
1.090172
1.117100
1.081359
1.102434
1.081169
1.083102
1.098281
1.113182
1.077417
1.088313
1.091833
1.088515
1.098266
1.108505
1.077046
1.077940
1.083992
1.092388
1.090162
1.095757
1.082798
1.083492
1.081765
1.084927
1.096555
1.103002
1.080958
1.076645
1.104780
1.094250
1.095291
1.100571
1.075577
1.079614
1.081333
1.084936
1.100735
1.101879
1.078948
1.076773
1.081948
1.086635
1.114745
1.094244
1.112693
1.101408
1.080950
1.093185
1.092499
1.095162
1.080317
1.091816
1.082006
1.085304
1.090646
1.096928
1.098005
1.077825
1.091476
1.091980
1.094170
1.092916
1.081367
1.080289
1.134413
1.122536
1.087104
1.099489
1.075031
1.081932
1.092005
1.094226
1.121241
1.111539
1.089463
1.089153
1.079987
1.083573
1.106523
1.106319
1.079030
1.086954
1.080858
1.099232
1.093248
1.098194
1.098057
1.085435
1.084706
1.083236
1.101273
1.125044
1.078943
1.077282
1.084080
1.092198
1.086390
1.093604
1.074166
1.076469
1.080743
1.082177
1.095062
1.105170
1.082631
1.080855
1.086792
1.103335
1.116110
1.127872
1.074549
1.080334
1.082572
1.096706
1.120887
1.109412
1.109692
1.117704
1.166280
1.141250
1.132853
1.105102
1.085095
1.095717
1.089338
1.095935
1.095112
1.122538
1.082309
1.091685
1.089204
1.088439
1.094009
1.104689
1.082358
1.094290
1.083258
1.085499
1.098538
1.104535
1.081263
1.099876
1.081467
1.083196
1.100595
1.098993
1.076016
1.077621
1.089939
1.095728
1.094668
1.107966
1.080062
1.089389
1.085920
1.097796
1.091220
1.104478
1.075817
1.136518
1.082280
1.092824
1.094869
1.103778
1.079196
1.079182
1.086392
1.092250
1.088411
1.093422
1.084829
1.089533
1.086565
1.093809
1.089927
1.101338
1.075041
1.083642
1.083024
1.083316
1.091659
1.094126
1.079489
1.085580
1.080593
1.083153
1.097268
1.099880
1.074308
1.076277
1.081258
1.111072
1.088224
1.095405
1.088503
1.079669
1.149027
1.091988
1.132548
1.270752
1.086753
1.087977
1.093856
1.091370
1.094115
1.097988
1.077913
1.087848
1.081107
1.101834
1.088885
1.100458
1.097654
1.076989
1.095160
1.092673
1.095451
1.092410
1.095013
1.084509
1.087922
1.118029
1.095330
1.100055
1.078960
1.082771
1.149155
1.167859
1.097173
1.095994
1.086485
1.118464
1.084110
1.085726
1.104312
1.105193
1.078112
1.092119
1.080989
1.085927
1.094242
1.105799
1.084771
1.079586
1.081922
1.098082
1.093017
1.096400
1.081524
1.086039
1.087723
1.084110
1.091744
1.093313
1.103127
1.238977
1.087521
1.086782
1.085506
1.129650
1.083113
1.094729
1.084058
1.090642
1.097515
1.097581
1.081017
1.079696
1.094493
1.089308
1.100273
1.095780
1.075229
1.085766
1.086901
1.088951
1.099734
1.105252
1.079854
1.087551
1.091287
1.087999
1.096322
1.094223
1.104047
1.081825
1.090257
1.093932
1.095110
1.095689
1.076020
1.082549
1.080466
1.084036
1.090603
1.112699
1.081694
1.086196
1.091108
1.089972
1.092509
1.108569
1.074167
1.080779
1.088041
1.085204
1.096611
1.100011
1.075414
1.100705
1.085009
1.087794
1.096394
1.094537
1.079171
1.082578
1.089337
1.082112
1.091707
1.097361
1.081693
1.077225
1.079671
1.091308
1.100876
1.099268
1.079368
1.081015
1.097157
1.094151
1.150076
1.124639
1.100343
1.090828
1.090876
1.095825
1.100932
1.108889
1.086393
1.092527
1.082014
1.113366
1.152761
1.097643
1.084462
1.085114
1.128686
1.103858
1.098107
1.096105
1.075481
1.079203
1.090718
1.084216
1.093563
1.101942
1.085825
1.077285
1.080596
1.087112
1.093929
1.105320
1.084197
1.077701
1.082187
1.088648
1.086559
1.094439
1.084632
1.084135
1.080847
1.094478
1.091904
1.103253
1.081007
1.078788
1.092124
1.090036
1.102316
1.099158
1.073707
1.080143
1.085696
1.094400
1.108054
1.104101
1.081231
1.077870
1.081953
1.087242
1.092929
1.096263
1.080504
1.118635
1.109290
1.099503
1.090819
1.102728
1.081525
1.081585
1.080627
1.086110
1.084314
1.106589
1.081286
1.083223
1.098090
1.096277
1.094193
1.098083
1.079238
1.084814
1.100015
1.085971
1.115381
1.094013
1.082476
1.079634
1.093394
1.128834
1.122717
1.100204
1.081534
1.089487
1.084690
1.094609
1.106326
1.113957
1.081910
1.090467
1.082000
1.083903
1.114308
1.100722
1.103148
1.109898
1.083150
1.093339
1.094369
1.099300
1.077180
1.078697
1.092146
1.098196
1.095786
1.100174
1.101091
1.083521
1.109519
1.086374
1.153656
1.124044
1.107443
1.079373
1.084608
1.089724
1.090795
1.095835
1.089396
1.087969
1.086424
1.088035
1.114394
1.103565
1.090775
1.099563
1.092706
1.089888
1.092489
1.105551
1.080539
1.080026
1.082900
1.085767
1.096763
1.095682
1.075254
1.081928
1.104871
1.091062
1.092485
1.101268
1.079318
1.083539
1.089533
1.082761
1.093420
1.097944
1.097741
1.083483
1.093677
1.088631
1.090218
1.098895
1.082931
1.097457
1.084383
1.085963
1.089929
1.104253
1.074821
1.091707
1.128044
1.089843
1.108775
1.133997
1.088108
1.104107
1.111596
1.092852
1.108482
1.100364
1.089438
1.117428
1.083693
1.116159
1.132507
1.103239
1.078395
1.090307
1.083357
1.087194
1.099045
1.114644
1.084372
1.083345
1.088991
1.089478
1.102259
1.096664
1.077148
1.081518
1.082333
1.090101
1.093625
1.119597
1.109538
1.086659
1.088778
1.094642
1.091028
1.100220
1.079516
1.082557
1.100772
1.105828
1.102071
1.096538
1.084237
1.078515
1.080994
1.114178
1.091851
1.139828
1.083192
1.103544
1.084999
1.088180
1.091313
1.094563
1.083422
1.084210
1.082969
1.103689
1.111181
1.100728
1.080385
1.077942
1.080826
1.084848
1.103458
1.093782
1.080748
1.082498
1.081679
1.083167
1.098523
1.101889
1.088730
1.094806
1.084817
1.108388
1.112240
1.121913
1.097550
1.096714
1.094518
1.083062
1.086426
1.119667
1.078309
1.091670
1.091655
1.099051
1.091621
1.103185
1.080023
1.085243
1.104233
1.089487
1.139876
1.120938
1.084636
1.096154
1.084401
1.094591
1.089062
1.095479
1.080251
1.090119
1.087034
1.091446
1.107293
1.097391
1.112045
1.086798
1.083805
1.091737
1.102868
1.097485
1.081352
1.085299
1.084977
1.095079
1.123981
1.112322
1.082933
1.105197
1.124690
1.117407
1.119285
1.113240
1.089870
1.082157
1.090123
1.094232
1.123196
1.108674
1.077243
1.080557
1.083469
1.094923
1.099197
1.108324
1.081967
1.080831
1.101163
1.096915
1.100268
1.102034
1.082436
1.085545
1.096373
1.122291
1.113472
1.103779
1.081570
1.085805
1.116454
1.092125
1.130602
1.102346
1.081014
1.080995
1.085564
1.097610
1.101263
1.132473
1.090518
1.101051
1.084804
1.084872
1.112236
1.119755
1.098043
1.101341
1.108106
1.113367
1.093273
1.095190
1.082660
1.086737
1.090396
1.086236
1.093647
1.102695
1.075635
1.082754
1.104063
1.102999
1.096343
1.096233
1.082482
1.079944
1.081973
1.084894
1.093105
1.162888
1.137468
1.102946
1.090205
1.098067
1.105685
1.130751
1.100832
1.115038
1.087349
1.090831
1.107463
1.133071
1.084606
1.084834
1.084739
1.089090
1.099333
1.118554
1.085136
1.084925
1.086933
1.092104
1.100857
1.110151
1.104898
1.110009
1.114221
1.104489
1.104855
1.103915
1.078199
1.128378
1.118726
1.112774
1.124631
1.119585
1.098498
1.112540
1.116850
1.109556
1.090669
1.100197
1.084030
1.095656
1.117200
1.116930
1.133474
1.121329
1.105775
1.102587
1.105466
1.110790
1.118169
1.118176
1.100465
1.106719
1.090822
1.093368
1.128106
1.124275
1.101464
1.113331
1.085835
1.086360
1.102256
1.113380
1.101201
1.100633
1.108129
1.128210
1.139707
1.131751
1.113231
1.137524
1.110522
1.115680
1.120220
1.122360
1.085806
1.091573
1.089172
1.098913
1.100189
1.112018
1.077561
1.078332
1.086031
1.093909
1.092431
1.112562
1.189673
1.082233
1.095292
1.095717
1.100631
1.105102
1.086483
1.080564
1.084128
1.085647
1.095831
1.121535
1.116397
1.124029
1.085129
1.089159
1.097530
1.098856
1.121600
1.092556
1.091283
1.094880
1.108342
1.126157
1.098597
1.088646
1.082959
1.089628
1.092275
1.127661
1.084576
1.084332
1.083378
1.086162
1.122676
1.099685
1.129581
1.116651
1.114147
1.113942
1.120457
1.135022
1.077401
1.084189
1.117537
1.117010
1.120436
1.122568
1.098433
1.100365
1.092188
1.103572
1.097230
1.115217
1.103862
1.102539
1.091094
1.098729
1.133668
1.102199
1.097460
1.082307
1.083384
1.086116
1.119091
1.104163
1.082509
1.090081
1.083806
1.084541
1.104937
1.098178
1.080221
1.088280
1.082955
1.088920
1.097836
1.095560
1.085010
1.082770
1.082583
1.088541
1.087472
1.099041
1.080921
1.078477
1.092673
1.089961
1.090083
1.093536
1.078528
1.077885
1.085142
1.110588
1.090412
1.092543
1.077865
1.075999
1.079704
1.085489
1.103603
1.118605
1.088965
1.108405
1.114520
1.133419
1.111518
1.185213
1.099123
1.090587
1.088774
1.095637
1.095093
1.124075
1.085534
1.089727
1.119773
1.091635
1.100436
1.108938
1.083906
1.085780
1.091465
1.090289
1.131040
1.120046
1.107563
1.117851
1.103251
1.089219
1.094496
1.099767
1.077604
1.080394
1.088497
1.093551
1.098338
1.103248
1.075812
1.096250
1.089215
1.106007
1.123550
1.116375
1.100040
1.079915
1.081442
1.091019
1.094469
1.096028
1.105394
1.123283
1.106521
1.090806
1.095509
1.103659
1.077184
1.082707
1.084944
1.107630
1.113839
1.118786
1.102793
1.103845
1.082995
1.085855
1.100180
1.096519
1.078722
1.081877
1.083592
1.083519
1.121647
1.106025
1.081608
1.081023
1.082597
1.091703
1.093776
1.094263
1.081623
1.086296
1.091478
1.088839
1.099506
1.105190
1.079210
1.078748
1.089920
1.086582
1.093455
1.094856
1.084539
1.092601
1.081038
1.083899
1.097404
1.100164
1.081633
1.083972
1.080198
1.091114
1.086334
1.103180
1.079220
1.077295
1.081152
1.087405
1.100943
1.099660
1.077173
1.077269
1.081779
1.096805
1.103587
1.103554
1.084313
1.090585
1.085897
1.091806
1.120513
1.151157
1.097484
1.084972
1.116244
1.115127
1.115677
1.107301
1.077510
1.089720
1.142334
1.095426
1.099852
1.105688
1.083237
1.094368
1.085550
1.092138
1.100134
1.108946
1.081496
1.079051
1.086377
1.092946
1.092145
1.094900
1.090233
1.089515
1.083460
1.091960
1.096329
1.098654
1.097229
1.097049
1.093075
1.093892
1.117604
1.117067
1.081524
1.086722
1.084705
1.083935
1.096794
1.098984
1.080090
1.078241
1.086986
1.084802
1.110660
1.103686
1.081384
1.079049
1.086443
1.092355
1.095562
1.104589
1.080571
1.090993
1.085870
1.090254
1.092878
1.093398
1.076256
1.082143
1.085114
1.123568
1.089583
1.155532
1.081190
1.084473
1.086327
1.095426
1.104857
1.094845
1.088652
1.078451
1.087514
1.092564
1.086781
1.093361
1.080483
1.090357
1.090212
1.091740
1.093880
1.095493
1.074462
1.110120
1.087459
1.084530
1.112991
1.097570
1.082328
1.080851
1.081864
1.083726
1.130050
1.102587
1.122074
1.163640
1.086125
1.094100
1.099329
1.106837
1.125768
1.087647
1.151442
1.094110
1.123334
1.121183
1.091777
1.089156
1.087207
1.119957
1.099320
1.102870
1.079722
1.085959
1.084405
1.130188
1.091575
1.104992
1.088903
1.085694
1.084214
1.105035
1.099019
1.103032
1.112080
1.090249
1.090962
1.085694
1.094948
1.098286
1.086216
1.114223
1.082469
1.083866
1.103223
1.103777
1.079796
1.081364
1.090121
1.092819
1.091301
1.133871
1.076685
1.081479
1.087831
1.095123
1.090330
1.094787
1.083420
1.079635
1.088141
1.138340
1.093005
1.116212
1.113085
1.102534
1.126762
1.089462
1.092744
1.122122
1.097230
1.082417
1.108978
1.085614
1.099673
1.105279
1.081231
1.076945
1.087700
1.089125
1.106954
1.106142
1.086508
1.079067
1.086722
1.090844
1.095971
1.107849
1.074089
1.091912
1.082404
1.088717
1.091327
1.126916
1.077846
1.077949
1.080792
1.082303
1.090690
1.093948
1.075330
1.082515
1.088337
1.081775
1.088722
1.093452
1.075261
1.078860
1.118088
1.097348
1.096084
1.102720
1.086655
1.082719
1.089843
1.140340
1.111335
1.105613
1.115434
1.090275
1.104455
1.089278
1.108584
1.104044
1.185124
1.150137
1.090984
1.092919
1.102296
1.101796
1.081951
1.090383
1.087117
1.088703
1.090024
1.131674
1.083970
1.087956
1.092598
1.086855
1.107751
1.120045
1.104387
1.081124
1.082042
1.098254
1.117273
1.098646
1.076179
1.080044
1.091391
1.102943
1.104254
1.100579
1.100179
1.104055
1.107692
1.085802
1.093949
1.103514
1.081217
1.085757
1.089931
1.087155
1.094995
1.120159
1.082588
1.087776
1.087826
1.084720
1.096765
1.105986
1.083895
1.081090
1.088693
1.085743
1.092193
1.105536
1.085758
1.084847
1.084647
1.086028
1.094078
1.105824
1.083426
1.083348
1.084601
1.083934
1.098045
1.102894
1.074614
1.081747
1.108851
1.084088
1.096236
1.092708
1.077535
1.080465
1.082878
1.104612
1.153174
1.105020
1.083268
1.087199
1.088533
1.110268
1.098561
1.103579
1.101898
1.080292
1.119072
1.140184
1.094887
1.097622
1.088700
1.091207
1.101132
1.115815
1.111918
1.120433
1.103258
1.111749
1.091235
1.085803
1.094576
1.096821
1.099838
1.105535
1.117872
1.087404
1.098277
1.098286
1.083786
1.085598
1.088677
1.085021
1.103709
1.100807
1.085587
1.085364
1.099866
1.088880
1.091646
1.103985
1.084957
1.104722
1.096679
1.095532
1.097834
1.103160
1.080654
1.098620
1.097453
1.084642
1.117020
1.124997
1.096881
1.103406
1.109136
1.107571
1.124217
1.103775
1.087064
1.105355
1.108130
1.101216
1.098001
1.095441
1.081495
1.089149
1.084452
1.093854
1.110318
1.116260
1.100163
1.084670
1.086649
1.084697
1.099669
1.097937
1.096237
1.098428
1.101985
1.103525
1.123182
1.119396
1.081877
1.097786
1.118415
1.089131
1.100434
1.102371
1.080976
1.110361
1.105038
1.107745
1.112641
1.115303
1.079691
1.084687
1.111653
1.104267
1.110874
1.116347
1.133020
1.104593
1.088614
1.122234
1.101183
1.120129
1.103315
1.088349
1.093137
1.111062
1.112542
1.101679
1.082713
1.083464
1.090107
1.104544
1.097421
1.098523
1.077949
1.091693
1.083038
1.086612
1.121629
1.124876
1.099980
1.098146
1.107407
1.118270
1.125614
1.098881
1.080748
1.103398
1.091550
1.098479
1.127585
1.130552
1.079858
1.087077
1.089803
1.106970
1.113246
1.116782
1.141022
1.107982
1.112952
1.119914
1.109824
1.124383
1.095697
1.098355
1.101430
1.129176
1.141735
1.117786
1.098672
1.098099
1.107724
1.102752
1.141723
1.120403
1.107159
1.106487
1.106903
1.113133
1.117597
1.123285
1.100226
1.155212
1.127407
1.107488
1.114337
1.114992
1.094787
1.098850
1.100828
1.103088
1.113245
1.116513
1.100032
1.107469
1.105971
1.109061
1.115329
1.113984
1.080920
1.096899
1.086505
1.094816
1.093980
1.105975
1.075500
1.082524
1.099523
1.138319
1.120940
1.124176
1.124228
1.104612
1.110950
1.108956
1.114457
1.096401
1.086159
1.079858
1.081765
1.097725
1.103622
1.101136
1.092132
1.083193
1.107996
1.109932
1.134560
1.114787
1.094282
1.080918
1.084586
1.106323
1.113734
1.111222
1.091180
1.086503
1.093345
1.085504
1.112343
1.116504
1.150105
1.079555
1.084449
1.091242
1.106081
1.100867
1.083110
1.078397
1.080880
1.091606
1.107342
1.104517
1.080556
1.081982
1.087107
1.084490
1.093931
1.095694
1.073929
1.083625
1.088963
1.090096
1.140251
1.115745
1.087496
1.084033
1.089638
1.083300
1.098271
1.095124
1.081235
1.077474
1.109062
1.104471
1.090542
1.099675
1.120490
1.077869
1.094535
1.091305
1.100932
1.099917
1.084057
1.100108
1.104362
1.104644
1.121576
1.102755
1.099220
1.080458
1.079918
1.085915
1.092463
1.118110
1.083638
1.082795
1.084751
1.083653
1.091131
1.100173
1.113920
1.078810
1.093437
1.098415
1.111554
1.095073
1.073152
1.080410
1.078715
1.109768
1.111238
1.109605
1.089655
1.078099
1.100722
1.134552
1.112030
1.114596
1.106512
1.092691
1.085274
1.107138
1.092860
1.095996
1.098901
1.088293
1.081496
1.090773
1.094295
1.094371
1.075668
1.090947
1.103392
1.094280
1.110059
1.120725
1.089140
1.089269
1.081555
1.095163
1.091930
1.101852
1.084202
1.100489
1.090228
1.090669
1.104831
1.100564
1.087175
1.097945
1.105350
1.083903
1.093571
1.096399
1.074117
1.081941
1.080122
1.101404
1.113148
1.100261
1.092556
1.086464
1.096083
1.100145
1.097874
1.114584
1.078673
1.086222
1.091416
1.090534
1.184476
1.099798
1.083591
1.079401
1.085758
1.089254
1.100410
1.097721
1.078701
1.097231
1.093091
1.090947
1.102295
1.102658
1.083516
1.083606
1.108050
1.083158
1.091372
1.120927
1.078164
1.085021
1.094488
1.087904
1.114552
1.099827
1.078804
1.084817
1.096540
1.085735
1.093416
1.095055
1.099079
1.085258
1.090736
1.083855
1.091002
1.094577
1.075287
1.076536
1.079484
1.085054
1.093473
1.093044
1.079091
1.080721
1.119236
1.102134
1.160721
1.120314
1.108194
1.106149
1.108332
1.132358
1.118041
1.121067
1.142590
1.103396
1.106187
1.112197
1.134606
1.116799
1.100289
1.099170
1.101179
1.104275
1.114058
1.101802
1.078004
1.091959
1.086763
1.108546
1.118688
1.107508
1.095148
1.084862
1.112303
1.089403
1.099209
1.115514
1.077976
1.083457
1.089964
1.087348
1.094399
1.104607
1.085933
1.079538
1.082223
1.089601
1.098017
1.096454
1.081596
1.077733
1.084577
1.104977
1.115277
1.101325
1.079630
1.125380
1.087877
1.084383
1.087432
1.095286
1.074633
1.081040
1.080847
1.090921
1.120798
1.099943
1.080061
1.115800
1.085268
1.082027
1.140610
1.094529
1.078696
1.085375
1.102086
1.102751
1.100132
1.095293
1.079026
1.083887
1.101447
1.084472
1.100027
1.114091
1.074536
1.104086
1.104270
1.109731
1.102960
1.101102
1.075092
1.081674
1.080012
1.083233
1.104268
1.102839
1.079741
1.090629
1.092161
1.086700
1.108958
1.106468
1.099628
1.086087
1.090215
1.083917
1.089382
1.096701
1.093409
1.083382
1.078478
1.082357
1.101384
1.098748
1.073992
1.106440
1.103208
1.090048
1.094803
1.118832
1.091296
1.103205
1.106842
1.109406
1.112916
1.097651
1.093966
1.102273
1.104615
1.088712
1.098908
1.112018
1.091279
1.078617
1.082814
1.092703
1.093915
1.116309
1.099074
1.097221
1.100776
1.104603
1.124449
1.097142
1.095668
1.085255
1.089809
1.086884
1.092051
1.107649
1.083581
1.103041
1.100227
1.108253
1.120874
1.093405
1.076263
1.082005
1.095270
1.089563
1.126562
1.115811
1.145661
1.110439
1.115776
1.159587
1.140913
1.127125
1.100596
1.102308
1.101717
1.108432
1.123325
1.123382
1.101816
1.108242
1.117377
1.107203
1.123801
1.131346
1.134152
1.108145
1.113221
1.114873
1.122606
1.102125
1.089997
1.159684
1.098525
1.115581
1.125102
1.124938
1.188485
1.103842
1.111085
1.111680
1.124521
1.121122
1.103851
1.108102
1.103780
1.126032
1.123608
1.116883
1.098370
1.106685
1.112803
1.123925
1.120074
1.117699
1.096957
1.106260
1.105683
1.105098
1.122251
1.121093
1.103687
1.090449
1.086660
1.088590
1.100432
1.122483
1.096785
1.100176
1.108088
1.107882
1.120154
1.123236
1.157480
1.131585
1.106263
1.123989
1.115064
1.122263
1.098234
1.100468
1.101056
1.154260
1.128725
1.103325
1.097148
1.084533
1.085733
1.099093
1.099305
1.095728
1.088652
1.114462
1.089264
1.100805
1.105282
1.098408
1.087718
1.081995
1.082795
1.087303
1.139639
1.121144
1.106828
1.100352
1.108067
1.110554
1.128983
1.103858
1.141577
1.090015
1.106177
1.106112
1.113463
1.109987
1.086047
1.078977
1.086938
1.126835
1.154933
1.094396
1.074599
1.085382
1.092364
1.107431
1.111844
1.146155
1.109036
1.087565
1.096292
1.095315
1.115707
1.102258
1.092083
1.081345
1.087709
1.081988
1.096049
1.100584
1.084379
1.079671
1.080459
1.087450
1.099505
1.118811
1.109671
1.077722
1.086278
1.098468
1.099455
1.117909
1.082177
1.087995
1.084589
1.108826
1.115774
1.118385
1.103392
1.101928
1.103691
1.106824
1.116168
1.114418
1.093918
1.097551
1.133018
1.105193
1.111617
1.113913
1.094507
1.096410
1.098784
1.107040
1.119899
1.098669
1.100298
1.087959
1.079303
1.087997
1.105546
1.117744
1.101919
1.098504
1.100634
1.104979
1.111229
1.120113
1.102454
1.086004
1.083268
1.085433
1.093300
1.100060
1.085817
1.085142
1.146007
1.083412
1.098579
1.122180
1.097222
1.079269
1.085758
1.084539
1.096898
1.101910
1.079572
1.114155
1.089424
1.084773
1.097749
1.094428
1.075603
1.099551
1.108463
1.100489
1.101536
1.115429
1.100972
1.077047
1.084350
1.103107
1.117895
1.114672
1.093865
1.115135
1.099926
1.111604
1.121814
1.130205
1.101851
1.100288
1.109788
1.104194
1.111418
1.124320
1.118056
1.080084
1.085218
1.084724
1.091569
1.107583
1.076869
1.102700
1.110120
1.103351
1.151526
1.094988
1.080840
1.084623
1.104137
1.083801
1.091225
1.097828
1.084085
1.078678
1.082304
1.089609
1.105209
1.094192
1.075120
1.082381
1.086099
1.108337
1.106056
1.100951
1.074198
1.076307
1.083988
1.083469
1.114899
1.100818
1.078173
1.083676
1.084639
1.117024
1.111811
1.096617
1.092215
1.084815
1.089735
1.110595
1.104613
1.116749
1.107690
1.083842
1.082110
1.091497
1.098892
1.117946
1.093246
1.080198
1.086440
1.090771
1.113850
1.122145
1.104749
1.088086
1.090461
1.087165
1.093061
1.125608
1.100846
1.081534
1.096725
1.091044
1.098525
1.103190
1.075827
1.100856
1.109252
1.093155
1.093766
1.096923
1.077947
1.080966
1.117961
1.086643
1.097469
1.108448
1.085781
1.083331
1.080549
1.089586
1.102852
1.103321
1.085663
1.080202
1.081428
1.083204
1.109047
1.093719
1.081926
1.078404
1.080017
1.088493
1.098925
1.094612
1.076423
1.118067
1.109064
1.093631
1.108111
1.113516
1.087534
1.079337
1.079771
1.083638
1.092019
1.100334
1.084880
1.078215
1.089115
1.086743
1.108388
1.095270
1.078424
1.085234
1.095160
1.083869
1.092372
1.114517
1.101334
1.082918
1.117603
1.087298
1.106167
1.099922
1.082122
1.084816
1.096063
1.110912
1.114882
1.100120
1.088993
1.079932
1.086237
1.090770
1.104392
1.098706
1.082356
1.081912
1.083434
1.087829
1.105587
1.093230
1.073759
1.075668
1.079668
1.082854
1.106300
1.098836
1.085427
1.096276
1.099710
1.100826
1.102202
1.097905
1.073195
1.079876
1.080169
1.084246
1.091743
1.107563
1.140336
1.093419
1.085947
1.084078
1.098281
1.119555
1.100412
1.077805
1.119103
1.099052
1.095999
1.113611
1.096415
1.097571
1.098703
1.107333
1.142635
1.101795
1.093751
1.092729
1.081177
1.092174
1.090563
1.101374
1.088652
1.108171
1.083138
1.083726
1.094790
1.093525
1.083521
1.086337
1.093111
1.145186
1.098952
1.099394
1.091673
1.084284
1.079728
1.089930
1.090549
1.094548
1.078611
1.076989
1.109224
1.133521
1.111420
1.114673
1.085907
1.088504
1.096554
1.089705
1.123150
1.109318
1.099363
1.107660
1.106877
1.107741
1.090548
1.097697
1.087548
1.081812
1.094586
1.106609
1.117087
1.118607
1.087956
1.088949
1.084812
1.090672
1.097951
1.100722
1.093777
1.092198
1.086270
1.088491
1.091782
1.110051
1.077565
1.078979
1.080992
1.082012
1.108671
1.102154
1.075038
1.085723
1.100085
1.103045
1.095114
1.099423
1.086487
1.091348
1.086835
1.084927
1.156104
1.106558
1.102773
1.110982
1.096707
1.100374
1.099123
1.125385
1.127784
1.104767
1.125925
1.118182
1.124985
1.112951
1.080597
1.081796
1.095252
1.108636
1.108954
1.097928
1.082456
1.105176
1.238227
1.089920
1.103737
1.100949
1.090916
1.084018
1.082834
1.120430
1.097479
1.098873
1.081622
1.085232
1.090857
1.087072
1.109906
1.101759
1.084666
1.086242
1.084818
1.119788
1.102830
1.098546
1.076255
1.079655
1.085165
1.091136
1.101393
1.100720
1.089253
1.083373
1.094813
1.084418
1.093063
1.093672
1.074727
1.232225
1.104420
1.129181
1.120139
1.117138
1.097046
1.099255
1.110005
1.136393
1.103361
1.118504
1.090466
1.080934
1.088283
1.099554
1.110286
1.102208
1.077987
1.080450
1.086319
1.116748
1.100209
1.116261
1.085122
1.088284
1.092457
1.100007
1.121743
1.110130
1.086717
1.093501
1.106217
1.120588
1.117428
1.120746
1.084941
1.101814
1.107028
1.092513
1.116298
1.116433
1.074812
1.089545
1.093385
1.088562
1.097154
1.096240
1.082760
1.080565
1.107921
1.092479
1.105941
1.104390
1.088025
1.090881
1.084561
1.088390
1.099481
1.101366
1.111706
1.091511
1.098867
1.088783
1.099586
1.135706
1.082149
1.095673
1.082020
1.096392
1.119679
1.136536
1.077492
1.079957
1.107829
1.103154
1.101568
1.098533
1.085430
1.089129
1.082391
1.083282
1.115714
1.120317
1.082438
1.108781
1.089273
1.088885
1.111784
1.121265
1.081756
1.090691
1.091567
1.092793
1.098069
1.105012
1.081574
1.086294
1.085467
1.088975
1.090492
1.093168
1.074340
1.077011
1.088350
1.083230
1.089163
1.093878
1.173073
1.102398
1.108243
1.114933
1.120224
1.122875
1.103083
1.103956
1.137808
1.103780
1.119094
1.119513
1.098745
1.104424
1.100953
1.107068
1.139693
1.171004
1.101134
1.109595
1.128826
1.121862
1.119162
1.123215
1.100702
1.100200
1.101342
1.109291
1.105403
1.115354
1.101074
1.100519
1.114696
1.106722
1.117317
1.122704
1.098856
1.104291
1.099440
1.095173
1.087916
1.095467
1.094137
1.096845
1.079933
1.086675
1.098390
1.124550
1.102353
1.076636
1.087546
1.090881
1.099104
1.117064
1.085399
1.081658
1.079580
1.106941
1.114235
1.133092
1.093452
1.131349
1.105665
1.132423
1.127166
1.120526
1.100015
1.100318
1.102629
1.105411
1.115643
1.124835
1.096033
1.098648
1.100980
1.112893
1.097783
1.099451
1.134153
1.121091
1.109241
1.089956
1.094150
1.101096
1.077824
1.077899
1.081619
1.086137
1.111673
1.098120
1.081600
1.098726
1.092087
1.092452
1.102727
1.103777
1.087366
1.090185
1.106555
1.118466
1.112161
1.102352
1.085261
1.081342
1.092729
1.138493
1.117379
1.114665
1.093853
1.097786
1.094266
1.143857
1.102147
1.095517
1.077540
1.078909
1.085667
1.142853
1.118891
1.123264
1.097925
1.100744
1.122827
1.120597
1.118641
1.119542
1.103186
1.104908
1.109246
1.084286
1.092593
1.096661
1.075675
1.076860
1.090609
1.087446
1.110794
1.118710
1.079617
1.086764
1.080987
1.086457
1.140944
1.163548
1.098629
1.079916
1.087462
1.094074
1.094104
1.170592
1.082477
1.085329
1.090556
1.102213
1.095940
1.101517
1.087266
1.083710
1.086272
1.067603
1.078967
1.076636
1.088279
1.090503
1.064552
1.084079
1.094476
1.096971
1.078973
1.066367
1.078545
1.090879
1.074765
1.088844
1.078222
1.072481
1.075566
1.090922
1.079476
1.107465
1.058831
1.066330
1.064526
1.070713
1.097180
1.130883
1.083154
1.085136
1.089915
1.072754
1.089377
1.156346
1.090267
1.081510
1.085070
1.091398
1.098486
1.098614
1.077789
1.070445
1.071940
1.094530
1.096092
1.098296
1.077244
1.088111
1.084583
1.086610
1.100229
1.107432
1.069873
1.075018
1.063166
1.071213
1.076168
1.076783
1.066980
1.072048
1.063741
1.075131
1.086531
1.089540
1.064311
1.078015
1.093338
1.101465
1.114377
1.123959
1.095230
1.102953
1.104144
1.099248
1.099977
1.106653
1.106729
1.080297
1.086900
1.096388
1.087746
1.094574
1.100852
1.104751
1.084120
1.099093
1.097398
1.094759
1.081653
1.084085
1.081278
1.108819
1.113920
1.115055
1.095875
1.078627
1.105231
1.087131
1.096415
1.104021
1.097628
1.097777
1.105112
1.106044
1.111767
1.108181
1.079246
1.124013
1.110531
1.132578
1.107225
1.115655
1.093285
1.116810
1.095173
1.106487
1.110215
1.119065
1.098434
1.138578
1.100176
1.101618
1.095075
1.097690
1.084981
1.082549
1.088455
1.109813
1.118642
1.097525
1.083084
1.094937
1.107612
1.113519
1.099534
1.102526
1.101018
1.086392
1.090205
1.102053
1.108468
1.094684
1.084645
1.077792
1.082961
1.092494
1.102717
1.097691
1.076777
1.123816
1.107787
1.103635
1.092316
1.112944
1.118871
1.088240
1.106804
1.112320
1.115220
1.147022
1.096614
1.098252
1.107117
1.106390
1.118716
1.144310
1.118655
1.120247
1.109584
1.107596
1.119510
1.120627
1.099337
1.078735
1.087024
1.104864
1.113635
1.105174
1.093989
1.092683
1.085277
1.086596
1.093509
1.094454
1.074857
1.086841
1.085571
1.100885
1.090609
1.113341
1.083822
1.083395
1.090537
1.085194
1.114749
1.103145
1.092532
1.100205
1.085881
1.105083
1.127060
1.097966
1.075059
1.089075
1.103891
1.143525
1.100212
1.109425
1.087975
1.095412
1.095800
1.094966
1.115394
1.114987
1.097798
1.080716
1.091845
1.112133
1.109014
1.138666
1.103842
1.088977
1.087865
1.088293
1.097101
1.101356
1.080056
1.076534
1.080421
1.091011
1.095201
1.160220
1.100785
1.104956
1.091186
1.084700
1.119555
1.124674
1.080944
1.087973
1.087996
1.087538
1.099838
1.107460
1.080596
1.079584
1.081789
1.083847
1.088952
1.116401
1.077097
1.079313
1.094280
1.084399
1.092344
1.137741
1.074882
1.081365
1.089204
1.085623
1.108265
1.101345
1.080023
1.081236
1.087748
1.091928
1.101975
1.127838
1.076580
1.082585
1.091053
1.089695
1.123168
1.146379
1.101655
1.082980
1.085879
1.089990
1.108906
1.096540
1.080184
1.087478
1.106628
1.088975
1.124732
1.104401
1.076354
1.086676
1.113722
1.085328
1.098498
1.125431
1.100094
1.105842
1.099775
1.118554
1.105033
1.103363
1.077608
1.080216
1.101618
1.084009
1.093805
1.094930
1.080367
1.094763
1.096911
1.089471
1.100163
1.096612
1.080015
1.082951
1.081148
1.096984
1.092469
1.134030
1.087344
1.111798
1.111000
1.094489
1.110011
1.100420
1.101152
1.087445
1.091293
1.090371
1.097728
1.164433
1.103646
1.087721
1.084388
1.087876
1.098828
1.123034
1.105233
1.112398
1.103721
1.108143
1.095546
1.107861
1.105386
1.113739
1.107546
1.109264
1.119836
1.124469
1.102864
1.102317
1.103434
1.093191
1.093783
1.123177
1.104606
1.100799
1.120386
1.098305
1.105265
1.113492
1.083318
1.082052
1.091601
1.109907
1.110412
1.122703
1.105776
1.088388
1.086248
1.091916
1.094610
1.125494
1.095629
1.106378
1.113576
1.109294
1.114878
1.121113
1.075670
1.136670
1.115975
1.124694
1.133048
1.132853
1.121485
1.115160
1.100369
1.114975
1.167612
1.113001
1.112665
1.095725
1.099810
1.101149
1.104776
1.100800
1.098519
1.098537
1.101716
1.104117
1.115452
1.111439
1.086818
1.096453
1.091025
1.088432
1.093097
1.109734
1.118067
1.089932
1.123653
1.098596
1.086615
1.095746
1.095373
1.097850
1.087446
1.092387
1.116377
1.120574
1.076639
1.079203
1.087207
1.085598
1.089873
1.105976
1.112487
1.109630
1.087617
1.088939
1.101142
1.107671
1.090407
1.102640
1.098638
1.112188
1.116977
1.121841
1.102077
1.093220
1.081213
1.092644
1.100703
1.114295
1.095281
1.123974
1.100904
1.106172
1.141130
1.113302
1.096085
1.127631
1.107293
1.110087
1.110159
1.124061
1.108876
1.110668
1.106122
1.123877
1.133101
1.137295
1.101034
1.105908
1.100606
1.104782
1.159551
1.147132
1.115958
1.121550
1.108012
1.102240
1.113315
1.116000
1.092392
1.100415
1.096556
1.101099
1.113830
1.112957
1.095583
1.111821
1.103959
1.102394
1.114249
1.115096
1.092973
1.112412
1.093602
1.106741
1.117783
1.122859
1.094499
1.116707
1.127889
1.134043
1.150780
1.138539
1.112636
1.111152
1.120571
1.121923
1.124834
1.127858
1.104792
1.106614
1.099030
1.108601
1.125727
1.114062
1.093304
1.093992
1.095827
1.099848
1.115488
1.109786
1.094320
1.092747
1.094219
1.096032
1.103735
1.101900
1.158533
1.123597
1.100275
1.106211
1.116392
1.157370
1.092566
1.105972
1.139370
1.121506
1.109749
1.121578
1.128520
1.131525
1.112628
1.127109
1.127381
1.140592
1.133120
1.117854
1.117628
1.122653
1.133326
1.139980
1.112374
1.118005
1.100052
1.107101
1.113735
1.130399
1.092010
1.087037
1.118417
1.117486
1.133408
1.111804
1.118980
1.134974
1.101496
1.106776
1.107272
1.120120
1.095510
1.101890
1.096617
1.098680
1.101528
1.106775
1.094864
1.096275
1.122912
1.157908
1.115735
1.154662
1.098143
1.095674
1.099494
1.103435
1.111888
1.115476
1.090806
1.101575
1.107966
1.092866
1.122501
1.113502
1.093005
1.102659
1.103441
1.101896
1.129814
1.131527
1.096378
1.097107
1.095785
1.101835
1.107559
1.114588
1.098408
1.096572
1.101989
1.120818
1.126865
1.133848
1.118929
1.130842
1.113302
1.118299
1.125386
1.133059
1.087832
1.132858
1.140623
1.105153
1.118565
1.110350
1.114491
1.097772
1.108249
1.104852
1.136896
1.123179
1.120337
1.113322
1.125489
1.129677
1.108995
1.119101
1.098741
1.118511
1.122437
1.138419
1.158979
1.131444
1.129376
1.095198
1.125890
1.123742
1.114959
1.113860
1.095344
1.099810
1.114468
1.109428
1.134194
1.131466
1.085384
1.093728
1.113476
1.099127
1.104766
1.114604
1.092724
1.104476
1.104623
1.106115
1.111374
1.120847
1.097607
1.097066
1.109022
1.102663
1.129128
1.129078
1.112183
1.089160
1.089173
1.094052
1.102293
1.100905
1.106169
1.111760
1.091793
1.089027
1.098422
1.100922
1.124764
1.100746
1.085591
1.089654
1.107233
1.102257
1.103286
1.099256
1.099484
1.132622
1.110891
1.107813
1.104224
1.103796
1.096801
1.109959
1.123051
1.145104
1.094944
1.105349
1.093756
1.094405
1.121302
1.124077
1.094644
1.086993
1.084825
1.088235
1.099444
1.115619
1.081162
1.097710
1.110173
1.131205
1.089908
1.095247
1.083326
1.086141
1.136264
1.114638
1.117562
1.138316
1.102745
1.111055
1.111733
1.136661
1.116360
1.120935
1.102258
1.104117
1.101408
1.103857
1.105466
1.100241
1.088978
1.102920
1.114792
1.109028
1.115216
1.099341
1.106136
1.107155
1.088080
1.105389
1.102824
1.107587
1.087934
1.112497
1.090841
1.117169
1.124650
1.126201
1.115015
1.110615
1.113626
1.101285
1.119573
1.144789
1.091713
1.100990
1.092180
1.089884
1.110325
1.136967
1.094635
1.103962
1.108014
1.119860
1.122116
1.128442
1.105132
1.103998
1.107753
1.117328
1.127314
1.120729
1.101797
1.104711
1.105599
1.114494
1.124129
1.126640
1.082002
1.088147
1.106252
1.104987
1.100438
1.170182
1.108363
1.135770
1.117759
1.115029
1.122705
1.125426
1.098080
1.101915
1.122637
1.112995
1.121660
1.125474
1.104846
1.112267
1.128354
1.117891
1.121546
1.121521
1.103985
1.108671
1.112222
1.112083
1.114045
1.111827
1.097219
1.123510
1.133456
1.115800
1.120999
1.124791
1.136928
1.104697
1.111639
1.109559
1.123738
1.124068
1.135393
1.094229
1.087901
1.083256
1.097820
1.098516
1.082867
1.082578
1.098797
1.089008
1.100282
1.103560
1.085667
1.087000
1.134312
1.108906
1.118839
1.102282
1.090320
1.110632
1.093798
1.097550
1.116110
1.128163
1.131802
1.105123
1.106168
1.110293
1.115433
1.120566
1.098907
1.102480
1.111379
1.111503
1.111770
1.136370
1.102569
1.102895
1.113443
1.114548
1.135585
1.125112
1.104653
1.106321
1.114327
1.110416
1.117905
1.126104
1.104177
1.106418
1.107688
1.105129
1.152252
1.120372
1.099270
1.128583
1.119010
1.112371
1.119343
1.120872
1.110230
1.102762
1.108201
1.108804
1.116973
1.118450
1.094800
1.096734
1.107847
1.089074
1.117702
1.104894
1.087622
1.080825
1.083569
1.107169
1.115245
1.103259
1.086996
1.083807
1.093173
1.108417
1.111918
1.094707
1.089830
1.084460
1.101970
1.097307
1.103927
1.105263
1.079981
1.088568
1.093198
1.089999
1.095605
1.108690
1.090026
1.090947
1.118183
1.086631
1.101102
1.119779
1.084533
1.088830
1.097978
1.087085
1.098842
1.123677
1.104339
1.087075
1.090238
1.112390
1.119442
1.097992
1.077276
1.076884
1.086704
1.087797
1.105933
1.135785
1.084950
1.092221
1.092892
1.111825
1.099962
1.111295
1.081072
1.121838
1.091104
1.090894
1.143580
1.118861
1.084865
1.084036
1.086538
1.094246
1.101591
1.104717
1.088981
1.092773
1.093533
1.088717
1.098447
1.106506
1.085120
1.084912
1.114488
1.086613
1.100294
1.105875
1.088604
1.108807
1.095610
1.107715
1.096356
1.107731
1.084102
1.083086
1.104140
1.098755
1.100481
1.104100
1.079711
1.089392
1.094307
1.099902
1.115227
1.119758
1.081685
1.081712
1.091206
1.096747
1.111169
1.110268
1.084632
1.090212
1.090273
1.115915
1.090058
1.093714
1.082435
1.100502
1.089099
1.095010
1.129653
1.109125
1.081374
1.082085
1.086792
1.088694
1.095883
1.098474
1.084867
1.102629
1.099351
1.083771
1.136123
1.101761
1.082281
1.109199
1.104612
1.089410
1.104479
1.121628
1.089857
1.087710
1.091195
1.092553
1.099468
1.100857
1.081788
1.079221
1.089186
1.092329
1.103235
1.105641
1.088456
1.082498
1.084568
1.088238
1.095892
1.100106
1.089246
1.116693
1.104773
1.086913
1.095299
1.098414
1.107745
1.085429
1.095393
1.100884
1.102679
1.111055
1.088553
1.100467
1.094990
1.092452
1.104274
1.105468
1.083238
1.091335
1.087049
1.089992
1.099056
1.116111
1.099508
1.088997
1.099535
1.088865
1.096259
1.100350
1.086257
1.091843
1.094638
1.090628
1.098069
1.147778
1.079342
1.104536
1.098714
1.148041
1.102619
1.119469
1.089574
1.089140
1.094309
1.111315
1.118256
1.100120
1.093576
1.103641
1.110020
1.111491
1.114796
1.106501
1.091224
1.088388
1.091720
1.107585
1.119775
1.103672
1.084985
1.082762
1.099664
1.088290
1.096945
1.099957
1.081151
1.096708
1.081165
1.083434
1.107039
1.105051
1.083099
1.090010
1.095030
1.092854
1.097056
1.133268
1.107242
1.121375
1.094770
1.095806
1.106482
1.106818
1.088372
1.085729
1.090830
1.089293
1.107837
1.120855
1.108641
1.106569
1.099616
1.090130
1.102682
1.106505
1.081152
1.084631
1.093503
1.109453
1.111966
1.092726
1.081387
1.102333
1.104695
1.098866
1.093399
1.099605
1.116894
1.109373
1.133563
1.087434
1.090263
1.102427
1.083224
1.102454
1.085530
1.097229
1.143366
1.111894
1.108794
1.114886
1.107799
1.099682
1.102748
1.116242
1.082604
1.106716
1.092162
1.088734
1.097409
1.114097
1.085886
1.088859
1.091474
1.091088
1.108090
1.104615
1.186634
1.083671
1.096091
1.096088
1.106037
1.105127
1.088360
1.092717
1.100952
1.094716
1.102617
1.099260
1.088965
1.084807
1.107312
1.095812
1.109205
1.108080
1.082448
1.087422
1.102753
1.088898
1.095760
1.103951
1.086948
1.096029
1.103440
1.084016
1.100184
1.101268
1.079925
1.100329
1.085487
1.102004
1.111281
1.100686
1.087566
1.087711
1.088830
1.095818
1.102949
1.105307
1.103229
1.077466
1.100052
1.099249
1.106594
1.147328
1.143029
1.174147
1.126631
1.130543
1.131032
1.131366
1.110230
1.111063
1.114532
1.118542
1.123624
1.119802
1.115027
1.108316
1.110262
1.114568
1.122205
1.128538
1.108073
1.110903
1.119662
1.115970
1.128362
1.130055
1.109430
1.108956
1.108088
1.109470
1.130476
1.136800
1.104441
1.104683
1.105952
1.110381
1.111147
1.101715
1.097884
1.090760
1.105998
1.093299
1.116043
1.125495
1.098359
1.129609
1.107450
1.106396
1.099401
1.101042
1.089860
1.090326
1.093168
1.098937
1.117321
1.101877
1.094292
1.092071
1.112020
1.115431
1.095618
1.110356
1.088484
1.090255
1.126611
1.099973
1.108077
1.129043
1.105324
1.085199
1.095889
1.091367
1.097018
1.105368
1.085064
1.109527
1.105149
1.108670
1.126283
1.127353
1.103972
1.105672
1.115918
1.096609
1.102567
1.128492
1.104943
1.111943
1.102308
1.104737
1.119406
1.115855
1.084489
1.085724
1.100046
1.087251
1.104961
1.104108
1.083955
1.102112
1.110785
1.114734
1.115669
1.102283
1.098173
1.101619
1.099909
1.130552
1.129569
1.120261
1.106779
1.099814
1.115111
1.109946
1.097995
1.102146
1.089542
1.102071
1.088129
1.099380
1.122492
1.100079
1.081248
1.087624
1.096734
1.105453
1.116723
1.099625
1.084239
1.102161
1.107595
1.113139
1.121114
1.102896
1.085346
1.081468
1.104607
1.106844
1.103627
1.115831
1.086577
1.102199
1.121497
1.111402
1.131400
1.129989
1.115246
1.103669
1.102446
1.100307
1.102060
1.103253
1.095780
1.104891
1.090241
1.089265
1.095186
1.105539
1.112510
1.089989
1.155425
1.112694
1.139396
1.123720
1.080670
1.114357
1.088717
1.102909
1.091389
1.116136
1.087304
1.109333
1.081344
1.105335
1.131354
1.120130
1.101467
1.103117
1.105978
1.109171
1.121469
1.103086
1.080086
1.082979
1.090873
1.097261
1.114092
1.123553
1.087098
1.094591
1.107640
1.102584
1.129440
1.100443
1.086411
1.098103
1.168557
1.155971
1.124568
1.141435
1.107830
1.109614
1.118475
1.121727
1.118611
1.128420
1.119304
1.147478
1.118215
1.154136
1.124883
1.134837
1.104197
1.107385
1.112458
1.120512
1.109855
1.111296
1.088496
1.106161
1.093816
1.104148
1.115295
1.108575
1.112220
1.140216
1.137248
1.121825
1.118924
1.122551
1.086321
1.088717
1.102020
1.114281
1.108883
1.104114
1.086812
1.082286
1.108114
1.160075
1.150932
1.174032
1.152477
1.117210
1.142594
1.150167
1.141087
1.162595
1.164582
1.138253
1.120208
1.143645
1.122367
1.140732
1.117569
1.108012
1.115363
1.128324
1.111975
1.103483
1.096700
1.112562
1.092658
1.093283
1.108764
1.148732
1.094865
1.098924
1.099017
1.111844
1.138719
1.221180
1.110125
1.114579
1.121560
1.123249
1.140122
1.129238
1.103445
1.101498
1.089960
1.115189
1.128989
1.124083
1.162733
1.122074
1.123746
1.117361
1.114481
1.124860
1.107783
1.118246
1.113022
1.129047
1.127940
1.125987
1.101301
1.111770
1.116732
1.122714
1.116632
1.130843
1.118420
1.111164
1.144063
1.119227
1.115539
1.128206
1.107243
1.117123
1.119870
1.117568
1.118028
1.111741
1.089382
1.105623
1.106007
1.099552
1.114827
1.127971
1.086799
1.089998
1.095191
1.103130
1.126050
1.133827
1.104978
1.107032
1.111123
1.135552
1.106131
1.130270
1.087905
1.096917
1.117085
1.103349
1.103979
1.154256
1.102175
1.119438
1.107129
1.121697
1.119258
1.134690
1.104889
1.085187
1.133786
1.129795
1.087285
1.100160
1.083226
1.093602
1.091977
1.088578
1.094309
1.100371
1.120785
1.117934
1.114226
1.135527
1.118677
1.133511
1.115903
1.109125
1.109106
1.128307
1.122091
1.123896
1.106789
1.130376
1.109583
1.118980
1.123586
1.127199
1.104924
1.104247
1.107546
1.112084
1.116815
1.121658
1.101153
1.098143
1.108622
1.090411
1.118954
1.128585
1.106619
1.103943
1.115418
1.104222
1.105516
1.142749
1.083416
1.139785
1.191179
1.114297
1.117034
1.097088
1.096543
1.108491
1.113326
1.091318
1.120874
1.101603
1.088424
1.101319
1.112361
1.112810
1.121590
1.135974
1.123151
1.093568
1.108690
1.106378
1.153857
1.140644
1.106132
1.115890
1.130370
1.137744
1.122938
1.142447
1.105034
1.109119
1.109611
1.111322
1.126029
1.102695
1.107535
1.202868
1.117297
1.109525
1.104487
1.108116
1.122054
1.091298
1.118537
1.118239
1.126406
1.128674
1.113712
1.088459
1.117077
1.098775
1.113256
1.117568
1.094738
1.095686
1.091318
1.100278
1.106320
1.105459
1.087099
1.094608
1.106696
1.110539
1.123096
1.125203
1.106637
1.084343
1.087824
1.102028
1.109888
1.103472
1.082173
1.116559
1.086475
1.088754
1.089901
1.107124
1.124155
1.112043
1.118750
1.091783
1.105155
1.109493
1.078364
1.079201
1.125538
1.119439
1.118996
1.122615
1.101192
1.084627
1.092727
1.089057
1.101301
1.104286
1.101609
1.103370
1.087578
1.116076
1.103067
1.145708
1.097747
1.098172
1.096042
1.099321
1.116869
1.127612
1.118878
1.112459
1.113914
1.113789
1.123491
1.136563
1.097814
1.097731
1.093332
1.086640
1.105142
1.109966
1.087220
1.104797
1.114376
1.118545
1.131261
1.106518
1.095031
1.091423
1.092421
1.096901
1.111079
1.105518
1.084552
1.081588
1.093403
1.091900
1.099488
1.110456
1.084094
1.092854
1.099449
1.110712
1.142002
1.104873
1.092740
1.093407
1.095931
1.093409
1.098428
1.111389
1.098960
1.099914
1.105219
1.102972
1.109349
1.103522
1.081202
1.089910
1.094808
1.114823
1.122686
1.127291
1.113055
1.093870
1.093794
1.090521
1.108539
1.102573
1.090673
1.095337
1.093017
1.100187
1.110901
1.108017
1.092850
1.110929
1.116476
1.093580
1.100084
1.106621
1.080208
1.080203
1.097691
1.094862
1.099859
1.109209
1.115718
1.098293
1.090884
1.108638
1.120813
1.120308
1.099955
1.084056
1.087223
1.089802
1.093352
1.094416
1.082438
1.083297
1.085870
1.089472
1.099560
1.099188
1.083506
1.082079
1.115452
1.127402
1.128685
1.122583
1.100290
1.111702
1.081240
1.085560
1.108332
1.121833
1.093122
1.104240
1.092384
1.115331
1.122158
1.120434
1.082828
1.082998
1.090046
1.097492
1.091530
1.103040
1.106526
1.088090
1.090337
1.110860
1.092730
1.105316
1.082664
1.087578
1.085618
1.091400
1.096684
1.102912
1.087707
1.110892
1.091425
1.093351
1.100475
1.114837
1.107414
1.117795
1.090067
1.096106
1.115351
1.100439
1.089352
1.091230
1.097018
1.089882
1.093229
1.106566
1.103199
1.097421
1.084291
1.084583
1.125028
1.121034
1.082764
1.094039
1.090134
1.093875
1.108781
1.125372
1.083133
1.084424
1.114569
1.104558
1.091986
1.100321
1.082610
1.084305
1.091834
1.114320
1.131835
1.100058
1.089679
1.082655
1.090145
1.095425
1.103916
1.101060
1.081205
1.084851
1.094454
1.095158
1.108288
1.123518
1.094564
1.094552
1.088516
1.109803
1.112549
1.105473
1.083155
1.120675
1.091047
1.110714
1.105765
1.113804
1.085662
1.090654
1.102738
1.087275
1.102161
1.130599
1.089178
1.085077
1.120074
1.096998
1.112009
1.113764
1.082744
1.082061
1.091031
1.092990
1.096931
1.104601
1.098877
1.079472
1.092281
1.096934
1.101576
1.175038
1.105683
1.105812
1.130942
1.134048
1.119048
1.121603
1.086250
1.097203
1.091444
1.094997
1.100311
1.099468
1.087831
1.084322
1.143366
1.096157
1.119335
1.108503
1.087184
1.088643
1.109548
1.104715
1.156806
1.130631
1.102651
1.104647
1.107417
1.109806
1.124883
1.105997
1.090336
1.108161
1.107482
1.112324
1.108645
1.106054
1.090947
1.092680
1.096652
1.094568
1.104976
1.102973
1.077629
1.084126
1.094059
1.098240
1.116225
1.129855
1.087095
1.111456
1.092919
1.122578
1.103020
1.115635
1.094112
1.091040
1.116114
1.098237
1.099709
1.099643
1.097834
1.102460
1.095827
1.117291
1.147167
1.145294
1.107243
1.109379
1.117145
1.093833
1.118120
1.109017
1.101944
1.103913
1.085165
1.127290
1.099484
1.106287
1.105037
1.103188
1.113165
1.117641
1.108398
1.104342
1.089287
1.088508
1.103247
1.098222
1.103036
1.108342
1.081792
1.083709
1.105754
1.093842
1.122056
1.101480
1.087197
1.093035
1.094825
1.098839
1.108145
1.102140
1.096722
1.146185
1.088010
1.089491
1.105488
1.116641
1.084131
1.088995
1.095497
1.128899
1.110029
1.116510
1.119836
1.093238
1.098367
1.094248
1.096470
1.107772
1.104186
1.108101
1.102166
1.119978
1.126950
1.104421
1.082218
1.084980
1.102402
1.090403
1.091488
1.113378
1.082066
1.096353
1.092340
1.138811
1.098787
1.107323
1.081572
1.087022
1.091291
1.090047
1.134816
1.110197
1.083127
1.085311
1.091174
1.093994
1.103776
1.110831
1.083279
1.087508
1.095146
1.095323
1.105311
1.105995
1.090436
1.091757
1.092877
1.134818
1.108305
1.110371
1.105985
1.109221
1.095317
1.099754
1.098486
1.105916
1.104982
1.084772
1.083811
1.104764
1.133155
1.109389
1.082314
1.101044
1.087553
1.123237
1.138370
1.127139
1.083078
1.114150
1.115100
1.109645
1.128791
1.121273
1.096610
1.102992
1.146974
1.124229
1.100529
1.110412
1.091310
1.093673
1.108001
1.110459
1.142048
1.125555
1.104118
1.094814
1.102800
1.095706
1.102280
1.097016
1.094966
1.085185
1.111149
1.119160
1.109946
1.106691
1.097083
1.110441
1.110115
1.104904
1.092723
1.104932
1.104296
1.089645
1.090097
1.084254
1.108227
1.125211
1.081581
1.107914
1.115617
1.089560
1.098105
1.102921
1.080764
1.098376
1.085807
1.093124
1.092417
1.100805
1.085845
1.092370
1.096121
1.123242
1.102944
1.143874
1.099085
1.108131
1.108907
1.116267
1.124002
1.128336
1.125293
1.114447
1.119386
1.123381
1.115366
1.120834
1.111742
1.108656
1.110721
1.117815
1.125253
1.124376
1.111215
1.112328
1.111930
1.113304
1.131925
1.133304
1.111468
1.113555
1.114321
1.111645
1.132474
1.140274
1.103840
1.115630
1.145202
1.145224
1.135561
1.129467
1.112038
1.110876
1.088009
1.116584
1.121952
1.121603
1.133981
1.106843
1.123656
1.116310
1.115392
1.130299
1.087828
1.084727
1.088065
1.105023
1.127097
1.126075
1.107003
1.087374
1.092072
1.097930
1.114964
1.098617
1.090901
1.089424
1.094849
1.128757
1.118313
1.128081
1.091470
1.087825
1.094680
1.115774
1.101175
1.127252
1.085286
1.088791
1.086761
1.107883
1.112190
1.110146
1.094797
1.086286
1.093957
1.091060
1.107052
1.111499
1.083986
1.100668
1.096475
1.094255
1.128077
1.135725
1.077599
1.106537
1.117262
1.113910
1.124577
1.124457
1.115589
1.123234
1.119343
1.108225
1.126063
1.156121
1.166876
1.112218
1.136481
1.117615
1.127270
1.157693
1.123817
1.108849
1.116071
1.119008
1.120633
1.124110
1.104212
1.112373
1.121696
1.095402
1.101651
1.103063
1.083705
1.090492
1.084082
1.091733
1.098140
1.103310
1.092713
1.133795
1.093209
1.108954
1.106235
1.111493
1.092619
1.090055
1.097124
1.098405
1.092373
1.115054
1.088397
1.147082
1.149862
1.127320
1.166205
1.185452
1.153423
1.109747
1.155763
1.163484
1.151683
1.151645
1.109996
1.149242
1.157414
1.107920
1.134570
1.126719
1.093243
1.093627
1.091356
1.107823
1.111445
1.109241
1.091488
1.113969
1.096102
1.094494
1.103466
1.126648
1.119915
1.113282
1.090825
1.110363
1.129275
1.129846
1.113064
1.106879
1.089360
1.114539
1.106546
1.109403
1.110786
1.109949
1.118060
1.122377
1.124038
1.132420
1.088174
1.088622
1.117565
1.123244
1.161255
1.143067
1.113111
1.115823
1.138693
1.114139
1.129653
1.124521
1.093876
1.089347
1.097512
1.103243
1.107428
1.098443
1.098419
1.086163
1.094500
1.097707
1.105446
1.101766
1.086747
1.100313
1.123374
1.136890
1.136209
1.128169
1.108603
1.117107
1.146292
1.144274
1.167698
1.121435
1.150262
1.113231
1.144973
1.119055
1.122782
1.142668
1.133323
1.136691
1.163763
1.150446
1.156324
1.138983
1.143768
1.118378
1.123142
1.128578
1.174771
1.173595
1.113774
1.108266
1.119940
1.117154
1.121866
1.130537
1.111179
1.108291
1.114122
1.124965
1.120307
1.142376
1.118627
1.117536
1.089580
1.097841
1.105802
1.121830
1.103968
1.106548
1.104189
1.135323
1.124564
1.106103
1.101986
1.111521
1.084303
1.115513
1.111608
1.104034
1.091986
1.091363
1.087607
1.093318
1.101897
1.114061
1.122566
1.086925
1.089260
1.109839
1.109559
1.111206
1.105148
1.087713
1.155447
1.104174
1.146878
1.141886
1.102472
1.143231
1.100034
1.149485
1.229378
1.169742
1.127991
1.113129
1.112518
1.118478
1.121471
1.122237
1.115387
1.109015
1.108360
1.116217
1.124984
1.126871
1.118225
1.150378
1.156917
1.138379
1.130442
1.168867
1.132128
1.117422
1.126119
1.116826
1.158509
1.137203
1.118502
1.112126
1.115408
1.100663
1.160194
1.137377
1.121873
1.125985
1.153770
1.126203
1.130508
1.127041
1.104774
1.104333
1.120707
1.122018
1.125304
1.147394
1.098675
1.104984
1.127117
1.113597
1.144245
1.133766
1.131400
1.088348
1.115225
1.097202
1.093166
1.164005
1.094785
1.130599
1.118572
1.119001
1.133683
1.130212
1.112569
1.117730
1.118925
1.122847
1.124388
1.132531
1.103329
1.109336
1.113084
1.116744
1.124189
1.131151
1.150205
1.111096
1.118477
1.124896
1.107438
1.151291
1.086132
1.092480
1.119055
1.097933
1.147469
1.159284
1.130102
1.110568
1.116317
1.142308
1.149274
1.132172
1.112548
1.111323
1.116716
1.121804
1.139613
1.126359
1.109803
1.126947
1.116872
1.120460
1.120249
1.128634
1.118724
1.114148
1.120007
1.120637
1.127664
1.134384
1.110833
1.111050
1.114742
1.118559
1.132605
1.128795
1.102674
1.104871
1.103229
1.111739
1.109033
1.103636
1.091368
1.130418
1.088517
1.100839
1.108465
1.104065
1.087781
1.089371
1.093642
1.092127
1.099005
1.106654
1.081817
1.083191
1.102829
1.091057
1.160713
1.121935
1.087652
1.094517
1.092593
1.096558
1.109005
1.102396
1.084987
1.111143
1.118731
1.110470
1.092935
1.094760
1.118697
1.099173
1.092743
1.100952
1.142190
1.126514
1.096261
1.085216
1.093078
1.099932
1.093251
1.100849
1.087589
1.101660
1.095190
1.116303
1.108874
1.094701
1.077785
1.080155
1.090954
1.089880
1.097961
1.117490
1.103129
1.084147
1.086544
1.090561
1.111351
1.099740
1.077017
1.080402
1.082140
1.089971
1.123608
1.101540
1.082836
1.095966
1.097472
1.093733
1.098629
1.095807
1.079118
1.079137
1.082686
1.094084
1.089982
1.102457
1.076435
1.091892
1.085648
1.095530
1.098965
1.120811
1.078349
1.081394
1.088278
1.092769
1.101295
1.102243
1.083298
1.090871
1.094658
1.090564
1.094600
1.104669
1.084013
1.089888
1.089889
1.089950
1.088956
1.103117
1.077061
1.084932
1.091087
1.090878
1.094675
1.110621
1.088940
1.085409
1.081358
1.122397
1.120557
1.127447
1.132341
1.106584
1.160904
1.136618
1.123459
1.182257
1.110574
1.147266
1.115619
1.120311
1.126445
1.124469
1.128579
1.097020
1.106894
1.097232
1.094001
1.147923
1.086231
1.088386
1.132508
1.093952
1.102984
1.104295
1.087696
1.093499
1.095078
1.086134
1.094555
1.124688
1.082709
1.090052
1.087265
1.090320
1.096922
1.100796
1.085389
1.087747
1.094238
1.093200
1.098904
1.106786
1.087417
1.079559
1.108151
1.111033
1.122247
1.116105
1.095126
1.080953
1.100498
1.100837
1.101625
1.153343
1.083269
1.086391
1.092365
1.094864
1.103990
1.105299
1.080562
1.085067
1.084236
1.097109
1.127372
1.101011
1.085501
1.089290
1.086646
1.095279
1.100214
1.100393
1.089811
1.091886
1.113917
1.093125
1.099765
1.115829
1.090516
1.101032
1.097900
1.099384
1.119324
1.115910
1.088561
1.086357
1.101662
1.105054
1.098081
1.105574
1.123375
1.117951
1.133450
1.133354
1.141595
1.126945
1.094002
1.098600
1.103004
1.110159
1.135980
1.131739
1.111933
1.092335
1.093427
1.099914
1.109779
1.137826
1.136861
1.108855
1.103355
1.108337
1.107347
1.119226
1.104690
1.106726
1.110270
1.109486
1.109990
1.108533
1.089097
1.122206
1.106489
1.127218
1.116545
1.117949
1.092451
1.089850
1.093670
1.104656
1.101553
1.133124
1.114277
1.118744
1.122317
1.119410
1.111776
1.124269
1.096565
1.090562
1.099978
1.108461
1.136634
1.134235
1.093649
1.093816
1.099478
1.114540
1.110773
1.131758
1.115768
1.111270
1.127515
1.117336
1.127017
1.139605
1.114308
1.118341
1.140414
1.127212
1.126197
1.117483
1.096260
1.105096
1.113251
1.126478
1.155373
1.118678
1.098167
1.096322
1.112367
1.111941
1.111140
1.113660
1.084108
1.093585
1.087257
1.087138
1.113624
1.101915
1.085404
1.089385
1.095249
1.129399
1.093391
1.110911
1.104156
1.096343
1.088115
1.137108
1.163585
1.121571
1.096413
1.113592
1.095938
1.094589
1.101486
1.099060
1.096710
1.107440
1.089404
1.090077
1.098535
1.102755
1.082900
1.087588
1.090523
1.092509
1.101643
1.152410
1.080451
1.087817
1.087144
1.085509
1.100527
1.097286
1.076510
1.084727
1.085760
1.089847
1.102519
1.113637
1.088867
1.083346
1.086671
1.083617
1.091565
1.098180
1.088719
1.091066
1.083751
1.090152
1.095633
1.099664
1.076423
1.082930
1.086866
1.091674
1.099784
1.103997
1.078835
1.083541
1.087222
1.083533
1.091229
1.098611
1.089311
1.081987
1.080376
1.094107
1.117153
1.100577
1.079475
1.092408
1.089563
1.085223
1.092706
1.098284
1.081950
1.086501
1.088126
1.084843
1.103735
1.102468
1.076213
1.080417
1.085910
1.100796
1.095781
1.103405
1.076677
1.082041
1.085175
1.085168
1.091415
1.102513
1.082967
1.080772
1.085903
1.088694
1.090045
1.103896
1.079128
1.083389
1.082515
1.098479
1.110859
1.114563
1.076179
1.089376
1.080999
1.083505
1.091632
1.095208
1.077743
1.104682
1.111725
1.106744
1.116229
1.131936
1.109036
1.090050
1.091885
1.094868
1.094200
1.101131
1.086401
1.083699
1.082525
1.085885
1.097426
1.096105
1.101835
1.078293
1.087465
1.113040
1.092766
1.106623
1.082042
1.113076
1.111738
1.094303
1.087957
1.097197
1.078761
1.079202
1.081905
1.084143
1.098475
1.096007
1.086834
1.081020
1.086363
1.096150
1.092434
1.125302
1.087890
1.079690
1.087625
1.087369
1.098671
1.102876
1.075285
1.083828
1.083097
1.085210
1.094586
1.095573
1.076666
1.118807
1.086755
1.088778
1.090277
1.108867
1.074770
1.077962
1.089490
1.088915
1.097151
1.095786
1.088208
