5.643532
5.677095
4.012934
3.321469
2.450749
2.783867
2.779873
3.765560
3.146204
3.889030
4.384428
2.489738
3.426958
2.848271
2.890658
2.786086
3.894709
3.083584
3.067241
2.527677
3.422238
3.194302
3.250365
3.247464
3.099519
2.816461
3.130778
2.513441
1.875004
2.189050
4.173032
4.610077
4.209010
4.030603
4.693462
2.809302
4.429920
3.137054
2.723855
2.530532
3.155916
3.896208
3.858349
3.607872
2.909219
3.848036
2.735304
3.137295
2.766302
3.170522
3.138172
3.473175
3.410268
3.437657
3.233743
3.491640
3.258267
3.125326
3.221819
3.068965
3.072797
3.801765
3.347271
3.187440
3.616708
2.892462
3.835413
2.881571
3.619494
2.950307
3.495988
2.891110
3.065279
2.853077
3.420251
2.886194
3.125681
3.550270
3.430166
3.205343
3.383939
2.465943
3.418087
3.548913
2.754635
3.665941
4.026070
2.763221
3.683111
2.758184
3.762266
2.790279
3.704039
2.779662
3.097708
2.766852
3.923143
3.672552
2.469691
3.759310
2.319091
3.768725
1.864571
3.739731
3.598678
3.541590
3.701888
4.389317
2.792890
4.463941
2.774910
3.670439
2.465144
3.856758
3.283761
3.614716
2.839476
4.476354
3.957825
3.034163
3.932829
2.466775
3.690807
1.867781
3.720436
3.620260
3.196411
3.743693
3.229220
3.710071
2.765337
3.703254
2.787662
3.668520
3.151968
3.819149
2.778799
3.086551
3.293751
3.990370
3.972088
3.067402
3.974570
2.783670
3.968397
2.757635
4.146927
3.117614
3.089492
4.057097
4.167290
3.582333
4.460642
3.189899
4.467592
3.009162
3.688498
3.078879
4.125144
4.051071
3.511778
3.084360
3.717130
3.285210
3.695682
3.326920
3.722620
3.414182
3.748015
3.078520
3.689677
3.096973
3.992125
4.241316
4.471248
4.731235
4.457232
4.074880
4.437300
3.694817
4.026083
3.711716
3.786285
4.017953
4.243648
4.210792
3.102859
3.765926
2.785030
3.751445
2.767133
3.708600
3.850434
3.103272
3.859504
5.288021
4.544489
3.796072
4.278573
3.553429
4.283399
4.399118
4.466142
4.156870
4.709796
3.831526
2.901748
3.141312
3.806988
3.853686
3.761923
3.361770
3.849885
3.604858
3.595718
3.397963
3.476061
4.420530
3.180583
4.439468
4.427201
3.196542
4.419230
3.195833
4.386555
3.695216
3.592199
3.695317
3.985305
3.266290
4.045305
3.138964
3.756018
3.103500
3.694574
3.101968
4.045148
4.008430
4.037000
3.106594
4.053972
3.087996
3.976169
2.963317
4.024653
3.745870
3.648137
4.104523
4.563090
3.285199
2.935409
2.779605
2.175106
1.861475
1.881010
1.847079
2.811500
1.839193
2.468030
3.056989
3.344114
3.503856
2.765867
2.444569
2.455190
2.758256
2.470682
2.981659
2.170114
3.499511
3.923499
4.037205
3.229110
4.202045
3.177802
3.364509
3.180021
3.829824
3.171201
3.079770
3.216177
5.341232
4.164604
4.182888
4.121521
3.587753
3.535018
3.613893
3.190061
3.624789
4.138813
3.082270
3.501440
3.073867
2.962663
3.875745
2.715697
3.387397
2.824702
3.436210
2.785369
4.106157
3.404109
3.562348
4.155174
3.181452
3.879606
3.259540
3.700853
3.198724
3.731410
3.072419
3.848479
3.425977
2.815361
4.748971
3.850960
5.156399
3.673551
4.181411
3.466640
3.787070
3.568455
4.164090
4.149077
4.166447
4.816463
4.675755
4.180172
4.601274
3.221512
4.489083
3.206108
4.229122
4.359174
3.203903
4.104392
4.417612
3.189616
4.676911
2.792424
3.713841
3.212747
4.148339
2.801208
3.304849
3.168521
4.621900
3.199001
4.120804
3.194804
4.123547
3.216369
4.157834
2.827456
4.108832
2.501229
3.815635
3.502397
4.225600
4.249398
3.488085
4.928238
2.146670
3.679412
1.852111
4.111309
4.175452
3.202928
4.253419
4.665576
3.500368
4.062823
2.141866
3.895248
2.460492
4.162727
1.863392
3.140532
3.759487
4.117563
3.421331
3.516048
3.970971
4.168996
3.758887
3.751072
3.063090
3.729431
3.756306
3.578134
3.702936
3.734044
4.482373
3.571248
3.993428
3.360768
3.963900
3.113104
4.018497
3.068042
3.095591
3.734060
3.966668
3.062296
4.014563
3.491884
4.018236
3.457506
3.998049
2.799705
4.013548
3.792121
3.654613
3.721282
3.301522
3.719252
3.271142
3.685577
3.098255
3.694227
3.406819
3.705564
3.061568
3.085605
4.067141
4.307931
3.463637
4.207393
3.189066
4.007448
3.190009
4.447887
2.774866
3.947607
4.132564
3.252426
4.677330
3.658995
5.403751
3.077705
3.686447
2.777963
3.693933
2.861473
4.182809
4.240546
3.239102
3.762197
4.208589
3.276707
4.194382
3.255249
3.692041
2.755498
3.723795
2.811134
3.739405
2.782144
3.522201
3.907203
5.616256
5.858415
5.065289
5.430145
4.947233
4.829374
4.708871
3.570046
3.920966
5.073204
3.893826
4.073259
4.645278
4.141446
3.767937
4.088249
2.872732
4.415492
2.869323
4.089283
4.301756
3.168753
3.235284
3.696615
2.833785
3.761425
2.833844
3.653165
2.790537
3.715583
2.771747
3.771443
2.813093
3.102695
3.592389
4.372781
3.093102
4.507652
3.069098
4.412478
3.086576
4.422831
3.155958
4.451654
2.152813
3.809897
3.589296
3.996385
2.756484
4.404045
3.504035
4.440163
3.133991
3.945499
2.776356
3.666400
4.133077
3.103394
3.615277
3.508791
3.747321
2.868397
4.727546
2.772399
4.616034
2.879855
4.433331
4.557343
3.859563
3.813927
4.117726
2.813072
3.665185
3.908693
2.764021
4.384779
3.550457
3.716018
2.989833
3.096897
3.528565
4.817047
3.900564
4.438084
3.543251
4.475728
3.227913
4.516610
4.510602
3.619302
3.449092
3.332147
3.746641
3.343245
3.476630
3.053725
3.492686
3.358892
3.379884
3.402283
3.085129
4.063577
3.980890
3.724322
4.062682
4.278397
3.704513
4.079896
4.016744
3.749325
3.773033
3.212370
4.703059
4.353502
5.225164
4.131140
4.649699
3.207485
3.901749
2.738297
3.970136
2.495822
3.822932
3.169051
3.302929
3.952210
3.634506
3.216189
4.302117
2.866356
3.786286
2.813614
3.790762
3.325864
3.337877
3.422631
4.504029
4.137217
3.592728
3.785503
3.508611
4.735356
3.148872
3.737464
2.766311
3.361263
3.484561
3.747732
4.725699
3.059922
4.403113
3.090759
3.905231
3.505629
3.681747
2.749535
3.404124
3.509249
3.718446
3.698613
2.836995
3.847384
3.279462
4.430643
3.512652
4.453449
3.699408
3.805570
4.685946
3.544489
4.713854
2.951749
4.397384
3.209624
3.711909
2.803069
3.945826
4.113329
2.958269
3.899267
4.177042
4.052517
4.323525
5.237571
3.220292
4.493384
3.269392
4.733210
3.734377
3.534020
4.723216
4.629551
2.483027
4.999072
3.239077
4.172039
2.495045
4.440146
3.632634
3.216232
4.761941
4.122446
3.174074
4.018032
4.957326
2.955487
4.927054
4.363210
3.833037
4.427533
4.108372
3.240630
4.179566
2.713136
4.138979
2.692511
4.228206
2.263407
4.210070
4.683244
2.900147
4.793498
2.713964
4.569061
2.719349
4.384436
2.497382
3.938668
2.512142
4.467615
3.551389
4.190084
2.809915
3.145741
4.112549
3.451739
3.651340
3.427216
3.442588
3.458764
3.318227
3.419309
3.461419
4.144794
4.053595
4.069836
3.442373
4.038816
3.450773
4.068910
3.180914
4.074517
3.549577
3.429490
3.834914
4.706029
4.226421
5.019117
4.601702
5.270479
4.410923
4.885411
3.826451
4.630546
3.558017
4.006425
4.058480
4.919171
4.914765
3.185415
4.429456
3.192358
3.950440
3.182961
4.105335
4.123076
3.153395
4.458146
3.529464
3.960325
3.470863
3.361218
3.425642
3.313992
3.755367
3.370063
3.729770
4.006749
3.390874
3.999099
3.732931
3.755240
4.061844
3.402570
3.998194
3.395830
4.008432
3.398919
4.024886
3.072601
4.014947
4.086538
3.119019
3.966168
4.379635
3.994866
3.498767
4.008985
3.486699
4.392715
4.084357
3.846437
3.196407
4.950871
4.963642
3.852530
5.294740
3.819917
4.615935
3.460523
4.958404
3.424464
3.832864
3.508631
4.019832
3.938213
3.137385
3.843854
2.247549
3.824571
2.213013
3.728543
4.243834
3.140671
4.401126
3.879349
4.141261
4.009457
3.185514
4.161937
3.535392
4.147800
3.214861
3.449029
3.328733
3.100495
3.755591
4.311877
5.357905
3.530792
4.332679
3.493224
4.433727
2.877067
4.682204
2.745861
3.814377
3.173588
4.169060
2.776130
3.693617
3.713494
2.766733
3.670242
2.860076
4.403254
4.124650
3.295500
4.399686
3.055462
4.503014
4.277008
3.169500
4.491065
3.050392
4.391796
3.720829
3.629867
4.197676
3.449337
4.295059
4.178943
4.487285
2.888649
4.473059
3.051561
4.569606
2.808334
3.513802
4.060363
4.404180
5.369837
3.249621
4.849731
2.836222
4.473460
2.869923
3.984763
4.185970
4.112810
4.267809
3.770472
3.155728
4.044512
2.790512
3.767612
2.852056
4.475476
3.571614
3.659835
3.772565
4.164718
4.233022
5.083723
3.798121
4.647058
3.799364
4.463839
3.821530
2.470963
4.007563
3.203175
3.678347
3.100177
3.427255
2.782190
4.092055
2.765586
4.142184
3.589653
3.830832
4.981617
3.527724
3.973230
2.679781
4.222734
2.687351
4.245189
2.911625
3.903613
4.300562
4.330457
3.729944
4.133025
4.767387
4.030617
3.677464
3.494098
3.720896
3.302372
4.478134
3.082697
3.827945
3.810378
3.984490
4.319090
3.536585
4.497172
2.824821
3.714744
2.871426
4.007599
3.787112
3.285152
3.705161
4.042479
2.738483
4.126493
2.762236
4.149925
2.781037
4.076641
2.798734
4.101229
3.180008
3.762232
3.516681
3.835679
3.057505
3.967059
3.825031
3.091817
3.736995
3.090296
3.699135
3.778494
3.306737
3.794923
4.005432
4.420051
3.530693
3.992786
3.548628
4.446455
3.484215
3.732777
2.793479
3.089021
3.996500
4.224322
4.242522
3.499047
4.742850
2.823932
5.358126
3.594487
4.518041
3.255815
3.546428
2.808489
4.035327
3.485025
3.896940
3.173593
4.795885
2.770894
4.103931
2.982492
4.120892
3.404138
3.277945
3.515490
3.729183
3.706316
3.723290
2.746707
3.683066
2.798381
4.419715
3.196127
4.558879
3.891488
3.580690
4.394916
4.731340
3.802735
4.449440
3.111521
3.710314
3.493118
3.905612
3.509103
3.768032
3.042326
3.667180
3.715061
3.410727
3.743706
3.418016
4.460716
3.310367
4.019574
4.095419
3.781813
4.083179
4.017964
4.156666
3.661604
4.100759
3.682291
2.662986
4.136971
2.447819
4.089047
3.676999
3.867707
3.632630
3.712841
3.489007
3.757588
3.531709
3.724179
3.129325
3.886198
2.752894
3.933368
3.506925
3.514612
3.087802
4.770422
5.277726
4.549956
4.633156
4.378943
4.955160
3.184534
4.423952
3.219254
3.793588
3.205596
3.583140
3.222459
3.687285
2.791686
4.180589
2.842537
4.124519
2.839656
4.121968
4.120843
3.711030
4.512307
5.046493
3.607618
4.406438
2.731100
4.497505
2.755082
3.978208
2.747265
4.073585
3.458105
3.456699
2.849671
3.689612
2.807556
3.794033
2.822012
3.699914
2.763209
3.695245
2.782635
3.537070
2.807680
4.471280
4.756854
3.107324
4.084031
3.073712
4.420715
4.011452
3.793449
3.907749
3.897470
3.735710
3.336251
3.769902
3.334538
3.759029
3.349457
3.750440
3.664358
3.736799
3.442217
4.025836
4.043769
3.425206
4.039933
3.857765
4.003709
3.494828
4.521063
3.590410
3.929229
4.329707
3.722143
3.808018
5.017847
4.088665
3.761805
4.066614
4.529864
3.544144
3.785042
2.829602
4.525932
4.080015
3.126448
3.585218
4.035564
5.325415
2.964983
4.737951
2.827366
4.476363
3.482488
4.685441
3.482791
3.102678
3.074146
4.387819
4.390835
3.079550
3.728485
3.080546
3.664908
2.766406
3.680778
2.804466
3.853931
3.912262
3.751836
3.184080
3.752418
3.080110
3.689023
3.052602
4.384381
3.111562
3.998557
3.792974
3.345484
4.354770
4.002220
5.250852
4.309502
4.326121
3.698737
3.691316
3.696554
4.635564
4.091883
3.696090
4.100213
4.446408
3.488792
3.778658
3.117690
3.772019
3.134265
3.762639
3.094856
3.070512
3.985934
4.483524
4.395086
4.854276
4.115419
4.949608
3.874796
4.438754
3.845522
3.677337
3.318931
3.092436
3.484921
4.517318
4.937563
2.455742
4.492346
2.483782
3.501945
2.515101
3.997960
3.429008
3.212600
3.384843
3.711316
4.144129
3.044595
3.743217
3.038682
3.702907
3.487709
3.683454
4.129390
3.318693
3.738150
4.435781
3.401694
4.445088
3.081388
4.399565
3.058603
4.437948
3.107180
3.416228
4.322161
4.020704
3.884163
3.496893
3.988688
4.949770
3.495859
4.415003
2.492156
3.848021
3.846061
4.639491
3.600118
3.518359
4.428459
3.524465
3.674941
2.784678
4.222004
4.124933
3.216014
5.223880
4.412006
3.820949
3.903049
3.808231
4.013890
2.663251
3.709340
2.700954
4.009044
3.185149
5.304839
4.413361
3.511581
5.016032
3.217300
4.749027
5.300166
3.939715
3.879316
3.131385
3.151785
4.119587
3.793828
3.384663
3.726877
3.072366
4.393485
4.114265
3.594170
4.451672
4.757054
4.374296
3.432995
4.049956
3.149646
3.706392
3.807899
3.849885
3.793930
5.263759
4.389456
3.762178
4.411557
3.509249
3.687738
3.489018
4.095565
2.504441
4.025212
3.170645
4.414346
4.919957
3.512423
4.939651
3.495966
3.889453
3.529551
4.659773
3.999409
3.295011
3.209947
3.065442
3.994217
3.712008
3.065833
3.697921
3.088739
4.457143
4.045093
3.391239
4.266477
4.223396
3.109343
4.022486
3.117231
4.028842
3.107378
4.004562
2.771006
3.378087
3.984889
4.168067
4.239705
3.044176
4.427525
2.825933
3.731220
3.189585
3.708701
4.116117
4.025485
3.703583
3.692926
3.780035
2.736483
3.676178
2.992873
3.754440
3.498589
3.901692
2.753951
3.052062
3.118343
3.711700
2.822275
3.708848
2.756404
3.734795
3.514361
3.686770
3.129260
3.743067
3.910889
3.006469
4.700419
4.489266
4.431986
3.382405
4.222119
3.177089
4.176679
3.150585
4.196713
3.714708
3.575993
4.019209
3.859381
4.577112
2.871015
4.462717
3.514179
4.393147
3.606912
4.514876
3.549500
3.456984
3.989342
4.896684
3.028646
4.511202
3.542296
3.757417
3.785332
4.528969
2.836579
4.454754
2.820997
3.875471
3.690756
3.973154
3.710282
3.717321
3.511605
3.713184
4.428220
3.713935
3.307611
4.412136
3.369326
4.415787
3.058572
4.388741
3.044325
4.416756
3.111266
4.461467
3.772977
3.821824
5.060354
3.917531
3.482311
4.570560
3.524270
3.888665
2.976865
3.864647
4.084196
2.820808
4.458600
3.517546
4.419414
4.601390
3.318160
3.973493
3.110867
4.027449
2.803060
3.374225
3.156130
4.062848
3.111829
3.750946
2.817428
3.715110
2.808168
3.660473
2.782707
4.411828
3.184520
3.458717
4.325527
4.034835
5.240210
2.681736
5.289781
2.710097
4.415161
2.677309
3.914874
4.221737
3.238967
4.164529
5.005780
3.717258
4.664737
3.482542
4.125861
2.816865
4.123170
3.436373
3.674288
3.838968
3.540081
4.398169
3.201551
4.097111
3.177524
4.098865
3.181122
4.123874
2.166048
3.456493
3.201348
4.054909
3.090085
3.998188
2.798285
4.215629
2.777703
4.126668
2.485888
4.146086
4.135465
3.716877
4.406132
4.504419
3.789709
4.737331
3.112835
4.125788
2.809967
4.107388
3.717130
3.128472
3.545768
5.012998
3.748150
3.695742
3.094843
3.715682
2.792136
4.010463
4.426865
3.693764
3.377688
3.059440
4.018943
4.362658
3.509265
3.957573
3.074332
4.370328
3.078585
3.747482
3.792806
3.098989
2.687729
4.411184
4.345890
3.984243
4.108517
3.894245
3.814327
4.120401
4.350893
4.115221
3.365828
3.196762
5.285498
5.233042
3.187065
4.445859
2.156115
3.893941
2.476061
4.454668
3.659291
3.195636
4.089957
4.295706
3.534493
4.120215
2.773076
4.156036
2.818350
4.000998
3.555369
3.816599
3.441470
3.802997
4.488636
3.186103
3.768865
3.105457
3.645286
3.629374
3.104557
3.820019
4.734191
5.332819
3.522516
4.418237
3.489694
3.732306
2.780450
3.724354
4.136991
3.144863
3.819958
4.477228
4.057880
3.103808
4.436485
3.092089
3.730110
3.771363
4.095747
3.795158
4.102179
3.787447
2.838183
4.443339
2.818683
4.463382
3.551921
4.501417
3.819249
3.622191
3.685051
3.323074
3.719624
3.317206
3.738790
3.309848
3.725288
4.108128
3.727452
3.089393
3.115801
4.046318
3.696023
4.015713
3.690189
3.705557
3.142987
3.747221
3.992755
3.429961
3.379118
4.011943
3.702747
3.698980
3.697689
3.994799
3.699980
4.016550
3.701994
4.243855
3.097999
4.043638
3.405108
4.197386
4.027915
3.357862
4.035442
3.855894
4.037981
3.125463
3.378966
3.593596
4.017836
4.094689
3.315276
3.714554
3.096153
3.716372
3.951381
3.758762
3.365429
4.075904
4.048459
4.087444
3.102220
4.079724
3.478633
4.044020
3.464105
4.066722
3.740299
3.280996
3.684182
3.983348
4.007119
3.674631
3.949742
3.797754
3.106110
3.706793
3.069119
3.057333
4.014114
3.995907
3.702789
4.002481
4.154713
4.028716
2.774581
4.042621
4.141849
3.949750
4.309610
3.458220
5.011820
3.676224
4.951419
4.391399
5.524272
4.104896
5.310627
3.864668
4.496440
3.721601
3.881999
3.258709
4.137716
4.198504
3.855994
3.334534
3.761570
3.884494
3.776714
3.533765
3.749616
3.738264
3.641623
4.080308
3.154402
3.771142
3.390226
4.169264
3.101768
4.051434
2.908087
4.148534
2.842849
3.464965
3.671316
4.058685
4.045347
3.422349
4.052335
3.177587
4.015948
3.102838
3.986977
3.706834
4.028764
4.333199
3.905943
3.792050
4.923640
3.517129
4.438047
3.493355
3.736452
4.769347
3.803345
4.561643
3.805360
3.783725
3.958216
3.534455
4.179649
3.551293
4.193475
2.819879
3.780454
3.680735
3.592107
3.358193
4.573988
3.529779
4.528909
4.190455
3.099748
3.992589
3.041422
3.996632
3.047939
3.350816
4.094102
4.080757
3.335173
4.468041
3.556553
3.788193
3.073960
3.806171
2.856784
4.173586
2.770437
3.805475
2.992982
4.760786
3.522877
3.771502
2.797063
3.866187
2.741352
3.691652
3.206737
3.961897
3.002962
3.100911
3.686177
3.960702
4.381539
3.697806
3.774843
3.529236
3.668900
3.476619
4.390268
2.770702
3.378926
3.298062
4.432793
4.028690
3.075749
4.400134
3.055589
4.386972
3.124781
4.455662
4.063434
3.613692
3.710049
4.418604
3.932501
3.048414
3.870114
2.770143
4.404031
3.475538
4.471676
3.647851
3.560924
3.943160
3.659813
4.428794
3.122874
3.721911
3.096914
4.435615
3.298858
4.404797
3.723322
3.615976
4.388398
4.349169
3.408799
4.429576
3.123463
4.434176
4.304498
3.719651
3.597791
4.441814
4.270049
3.085896
4.470984
3.151117
4.462731
3.115990
4.198623
2.745461
3.405569
3.923826
4.755931
4.236286
4.395417
4.365554
4.600146
4.097445
3.231199
3.759164
4.216579
4.267616
3.630950
3.531413
4.130983
3.521715
4.117862
2.803462
3.715126
2.770454
3.720126
4.083464
3.378274
3.693058
3.724852
4.412380
3.271784
3.676568
2.971952
3.683725
2.664388
3.671114
3.398386
4.053966
3.988393
3.993146
4.034478
3.419802
4.003938
3.081025
3.967911
3.097480
3.380585
3.601580
3.988526
4.000667
3.079460
3.952235
3.085366
4.007243
3.069370
4.067323
3.776575
3.270471
3.991724
3.997139
3.853055
3.984208
3.066693
3.976922
3.091232
4.023242
3.717712
3.633749
4.008893
3.068178
3.386296
3.591475
4.061249
3.493380
4.075151
3.565523
3.151013
3.652714
4.084523
4.084696
3.122772
4.033701
3.128083
4.077216
3.137975
4.106913
3.795952
4.205219
3.987898
3.968951
3.379011
4.029579
3.098101
4.019448
2.774015
4.001560
3.047795
3.368070
3.605805
3.979392
3.991762
3.375872
3.983529
3.093638
3.998721
3.042739
3.995667
2.768682
3.386443
3.491445
3.987864
4.296650
4.620119
2.792247
4.437955
3.500022
3.905014
3.078379
3.794514
3.237472
4.493331
4.664305
3.117827
3.892052
2.782189
3.706492
3.000791
3.917667
2.970668
3.082199
3.267215
4.233965
3.811410
3.483468
4.426797
3.536148
3.872974
2.797506
3.974508
4.175182
2.757068
4.375097
4.268645
3.604541
3.075015
4.422437
3.075836
3.691581
4.425455
3.473604
3.358417
3.181783
4.432714
3.664571
4.010977
3.069939
3.982984
3.381597
3.420421
3.670811
3.096042
3.763812
3.164520
4.050703
3.066528
3.986922
3.059429
3.997355
3.411643
4.362751
4.017407
4.014519
4.214670
3.682091
3.079586
3.678846
3.083708
3.751291
3.375890
3.991115
3.703790
3.160014
3.370423
3.400580
3.731533
3.085273
3.694580
3.084477
3.681330
3.417117
3.122712
4.277252
4.067309
3.996468
3.379984
4.037594
3.540553
4.055897
3.532599
3.965589
3.672548
3.571820
3.993931
4.029891
3.396872
4.000926
3.943841
3.060018
4.061982
3.151248
3.132754
3.263651
4.044662
3.991429
3.301380
3.684473
2.789771
3.662379
3.577848
3.737126
4.002430
3.058190
3.957005
5.844129
5.782941
5.162383
5.760136
5.341621
4.118110
5.895347
5.406155
4.739842
5.454448
5.700501
4.943529
4.669900
4.410425
4.418005
4.349523
5.247966
4.857769
3.387647
3.538436
3.354023
3.581943
4.606273
4.308394
3.966244
3.992217
4.010730
3.716238
4.016466
3.657816
4.128522
3.700680
3.679719
3.665764
3.608808
3.765974
3.645800
3.671989
3.082870
3.724577
4.019613
3.483822
4.011935
3.964866
3.578268
3.969631
3.110325
4.010979
3.091138
3.993953
3.365063
3.129177
4.615818
4.054129
3.357829
3.977950
3.688295
4.016868
3.113967
3.989585
3.040289
3.979321
2.745520
3.367008
4.018098
4.007549
3.983818
3.979299
4.734338
3.480999
4.403604
3.167722
3.706910
3.091830
3.431187
3.544099
3.668743
4.311363
3.080829
4.091557
3.107105
3.933223
2.985852
3.892947
4.039433
3.426333
3.201642
5.453501
3.697564
4.702139
3.479089
3.717517
4.130996
3.785883
3.252067
4.202960
3.090228
3.273406
3.495954
3.682306
4.179129
3.477294
3.677696
3.193963
4.482641
3.094609
4.165230
4.376607
3.892324
4.255238
5.250003
5.203755
6.021374
3.880716
4.639693
3.882635
3.867043
4.181512
3.113606
4.787576
4.492860
5.342442
2.815198
3.972256
3.031942
3.757250
2.990612
3.884102
2.757294
3.386715
2.794424
4.029303
4.280458
3.489703
3.740214
2.760051
3.716849
2.449991
3.863971
2.955440
3.403490
3.085606
4.427687
4.734272
2.782804
4.403151
3.065563
4.393849
3.995581
3.064922
3.391720
3.299001
4.113296
3.279701
3.719589
3.339603
3.688162
3.088294
3.714234
3.713300
3.094479
3.095246
3.989347
3.965776
3.053386
3.960209
3.480524
4.062378
3.495649
3.976614
2.753933
3.949646
2.785326
3.432649
3.684772
3.439557
3.315748
3.379463
3.651690
3.988786
3.386048
3.395808
3.378319
3.152835
3.064928
3.772000
3.364448
3.700763
3.795931
3.098606
3.234565
3.125152
3.269424
2.811218
3.165452
2.794087
3.452113
3.754799
3.724759
2.835104
4.478091
4.215163
5.059280
4.750904
4.991557
1.618385
2.827026
1.938813
1.627720
1.637304
1.342242
1.339666
1.027910
1.032428
1.075731
1.365224
1.338431
1.628458
1.918592
1.633826
1.603913
1.622048
1.318408
1.638122
1.922083
1.906264
1.609967
1.951621
1.942830
1.627093
1.636697
1.337687
1.631898
1.946473
1.621265
1.313964
1.319688
1.628287
1.007621
1.321599
1.007276
1.332736
1.658085
1.312787
1.339167
1.330221
1.316459
1.337374
1.317842
1.335094
1.329806
1.310106
1.006197
1.608712
1.320390
1.632270
1.309090
1.637108
1.321868
1.637547
1.310431
1.639697
1.329158
3.217981
4.090708
3.517777
2.259917
1.698771
1.631790
1.332041
1.634387
1.609025
1.927925
1.647917
2.850266
2.824489
3.466253
2.814486
1.900003
1.926877
1.634306
1.627620
1.627427
1.635225
1.333068
2.282109
1.927558
2.205199
2.499112
2.274766
2.220805
1.929238
1.911634
1.323836
2.316248
1.968042
2.220422
2.253888
1.933241
1.929618
1.317886
1.330172
1.321220
0.999118
1.307251
1.321962
1.330917
1.026670
1.337072
1.342686
1.028447
1.370318
1.023380
1.307959
1.002291
1.330056
1.307941
1.311874
1.020483
1.023631
1.357391
1.037202
1.029713
1.024380
1.016451
1.018432
1.021324
1.333620
1.337007
1.324200
1.319071
1.309474
1.311559
1.297295
1.315120
1.311215
1.362092
1.353590
1.349720
1.007720
1.649156
1.327634
1.021069
1.021110
1.032831
1.005299
0.995226
1.022197
1.007472
1.015092
1.003563
1.012305
1.317979
1.011901
1.006445
1.009976
0.999112
0.996398
1.010979
1.015244
1.004164
1.006308
1.012890
1.027558
1.339745
1.021562
1.030658
1.034743
1.010944
1.017565
1.027712
1.026796
1.042472
1.027836
1.038348
1.341148
1.037558
1.033578
1.033629
1.030580
1.039495
1.036577
1.030097
1.024890
1.017136
1.357604
1.335274
1.328274
1.330176
1.333949
1.317675
1.297814
1.299829
1.295860
1.618690
1.649136
1.956156
2.256172
2.555834
2.211150
1.931429
1.986883
1.669560
1.607412
1.595106
1.632195
1.323687
1.330231
1.334206
1.338046
1.335761
1.013504
1.008168
1.008297
1.024960
1.022697
1.012197
1.023808
1.007971
1.013857
1.013371
1.307785
1.028255
1.011158
1.009236
1.002930
1.005750
1.005567
1.019811
1.019052
1.016400
1.038506
1.327898
1.027614
1.009114
1.326378
1.034226
1.404670
1.022711
1.027000
1.016384
1.008241
1.609525
1.293757
0.992674
1.321403
1.014055
1.003660
1.018924
1.035181
1.024685
1.015703
1.627674
1.304960
1.006154
1.316827
1.008161
1.008100
1.009933
1.024854
1.041304
1.037218
1.024212
0.989808
1.292844
1.298316
1.014725
1.035604
1.357540
1.027048
1.347284
1.035931
1.347031
1.045572
1.026296
1.330552
1.013493
1.013404
1.007063
1.008427
1.020755
1.011476
1.004068
1.011538
1.018783
1.031253
1.349263
1.358921
1.006772
1.016828
1.338901
1.038145
1.331067
1.034815
1.326633
1.027182
1.352848
1.356973
1.309963
1.322519
1.002356
1.350178
1.028750
1.348245
1.031367
1.343565
1.035638
1.345107
1.350185
1.366756
1.031934
1.021316
1.325195
1.018766
1.310548
1.021383
1.329706
1.042420
1.351689
1.351077
1.348002
1.020857
1.328271
1.027527
1.331260
1.023425
1.030550
1.036040
1.010157
1.019093
1.007895
1.324016
1.318427
1.020349
1.031193
1.018256
1.048729
1.026223
1.024436
1.031808
1.023832
1.030360
1.028250
1.321705
1.013298
1.022701
1.354478
1.010189
1.333249
1.017601
1.312930
0.997976
1.318332
0.992217
1.309358
1.315479
1.315842
1.007512
1.331470
1.034189
1.325199
1.002202
1.016206
1.030594
1.029911
1.006428
1.351635
1.315782
1.328356
1.008807
1.348054
1.024199
1.359682
1.026940
1.335908
1.018587
1.361482
1.022750
1.316829
1.313796
1.300750
1.009735
1.330537
1.033555
1.365837
1.029201
1.339646
0.995695
1.313035
1.010205
1.313819
1.660791
1.343620
1.003396
1.334842
1.012083
1.318783
1.018427
1.368148
1.012285
1.329256
1.039231
1.349411
1.325649
1.327201
1.017846
1.313941
1.023175
1.321827
1.071320
1.376880
1.024884
1.335149
1.013917
1.339117
1.651768
0.998296
0.997946
1.024898
0.999314
0.992825
1.005955
0.994448
1.011731
1.028697
1.018712
1.323045
1.004023
1.002803
1.302779
1.020739
1.331083
1.019634
1.322384
1.027899
1.336043
1.010667
1.337580
1.336248
1.331094
1.012099
1.340174
1.313778
1.005302
1.348469
1.033674
1.344602
1.020212
1.316703
1.333523
1.329756
1.023579
1.358757
1.335853
1.020792
1.343979
1.032584
1.376775
1.054074
1.355466
1.660814
1.327383
1.331768
1.310836
1.029846
1.335856
1.019102
1.329271
1.022046
1.351690
1.030763
1.354318
1.641789
1.304459
1.310123
1.307397
1.006336
1.294054
0.998007
1.315376
1.023048
1.324037
1.322419
1.333644
1.023014
1.331670
1.017793
1.314714
1.027183
1.340587
1.056194
1.411166
1.070895
1.343606
1.350638
1.316945
1.310911
1.010121
1.333693
1.013222
1.347028
1.061355
1.345296
1.014197
1.046798
1.350527
1.319445
1.004631
1.030342
0.996523
0.998701
1.001665
1.000750
0.998676
1.000271
1.020141
1.038160
1.370736
1.037999
1.034927
1.342025
1.034193
1.406755
1.028113
1.327689
1.019899
1.346766
1.030991
1.347500
1.346519
1.345475
1.036449
1.350380
1.020371
1.333508
1.022145
1.358002
1.045576
1.352651
1.023840
1.333490
1.663170
1.364154
1.030496
1.325879
1.013654
1.354316
1.027883
1.368919
1.053332
1.361314
1.038554
1.046999
1.332488
1.027445
1.019007
1.039257
1.030748
1.042553
1.043823
1.019555
1.025041
1.025478
1.032655
1.034771
1.346834
1.040057
1.039750
1.052517
1.044848
1.061412
1.043226
1.027633
1.018651
1.024790
1.017046
1.324526
1.032722
1.032111
0.999422
1.012161
1.010549
1.021341
1.000829
1.014405
1.000358
1.000038
1.017399
1.330630
1.330684
1.361496
1.028294
1.320428
1.020703
1.329079
1.016381
1.330895
0.995685
1.307121
1.322367
1.329678
1.031180
1.020910
1.031256
1.011474
1.021667
1.015472
1.006744
1.005528
1.022908
1.035650
1.313999
1.021837
1.018105
1.021523
1.022946
1.011131
1.010647
1.001489
1.014040
1.017756
1.027068
1.014204
1.308376
1.025519
1.033522
1.026689
1.054240
1.025850
1.043317
1.040064
1.061689
1.060029
1.050993
1.035034
1.374165
1.057917
1.361388
1.034212
1.035827
1.055571
1.041350
1.039315
1.037421
1.036777
1.021047
1.330006
1.021067
1.029061
1.025711
1.046709
1.055551
1.056124
1.027826
1.020949
1.059322
1.010483
1.319899
1.021875
1.015307
1.334695
1.013157
1.007437
1.019829
1.018510
1.017826
1.025176
1.035162
1.025671
1.336360
1.031851
1.018967
1.020780
1.004930
1.014971
1.029046
1.022640
1.026427
1.004042
1.004882
1.008409
1.333974
1.045214
1.023333
1.028454
1.018915
1.022182
1.005320
1.014188
1.025185
1.003586
1.005923
1.324256
1.016284
1.302134
1.007854
1.015203
1.331260
1.016403
1.335538
1.017776
1.023209
1.326251
1.019571
1.005350
1.045796
1.007180
1.028495
1.007987
1.017153
1.031466
1.017912
1.007799
1.330478
1.015486
1.014078
1.013907
1.019352
1.012996
1.028698
1.026304
1.034189
1.039152
1.043507
1.362906
1.044443
1.040422
1.011682
1.019112
1.021461
1.020905
1.011999
1.028340
1.019299
1.339346
1.026840
1.029716
1.031306
1.025119
1.027067
1.028650
1.026888
1.005703
1.010078
1.027651
1.012416
0.998969
1.003847
1.012748
1.010941
0.991676
0.991910
0.990584
1.312750
1.309732
1.306992
1.309247
1.310412
1.320900
1.335800
1.011130
1.007537
1.006192
1.302033
1.306139
1.059072
1.034613
1.354639
1.352775
1.032247
1.356948
1.356866
1.348027
1.331828
1.337523
1.339839
1.351366
1.038026
1.362312
1.000972
1.321471
1.329526
1.612920
3.153265
4.063133
4.062837
3.080909
2.744243
2.477013
2.394178
4.237279
2.811519
2.843267
2.807633
2.467715
2.164293
0.703227
0.699651
1.668583
1.022782
1.359875
3.531949
3.773786
3.789264
3.147949
3.140382
2.507313
2.370540
2.148813
1.857910
4.049873
2.996450
2.689791
3.803610
1.530822
2.583199
2.685550
2.366940
2.673958
2.364510
4.204829
2.073693
2.370278
1.223816
1.547193
2.426871
1.247199
2.375989
3.972770
2.592962
2.582222
2.066862
2.635149
2.421327
2.617243
2.088173
5.118942
3.913052
1.766175
3.819396
4.829115
3.005607
2.984695
1.767159
3.514510
5.091445
3.095781
3.309925
5.120936
4.428311
2.875873
1.029997
3.778197
2.683821
1.022946
2.372438
3.213943
2.497174
1.544372
2.226194
1.858654
2.144424
1.319630
4.667662
4.362888
4.702482
5.650380
5.040756
4.882467
2.988016
3.015061
2.888741
2.689695
4.046392
2.994499
4.200684
3.385038
5.643656
5.506940
5.423944
5.596937
2.044761
3.268213
2.369040
2.370088
2.044346
3.618703
4.124670
2.050831
2.049167
2.272078
2.289720
1.765806
1.545740
2.483953
3.629215
1.887575
2.811563
1.869569
1.881804
1.362583
0.730150
0.729183
0.721776
1.032233
2.891002
3.978092
3.329399
2.997496
2.676528
2.695940
2.687750
2.681311
2.350421
2.651067
2.334435
2.378267
2.176263
1.764535
2.378010
2.057092
2.072813
2.360376
2.072747
2.086272
2.096444
2.375882
2.083490
2.384678
2.066237
2.062872
2.347956
2.045215
3.866447
3.072913
2.816193
4.806669
3.145873
2.995557
1.747760
3.178048
1.846924
2.181320
1.036012
1.331455
1.019302
1.322937
1.326555
1.332329
1.011633
1.299165
0.996253
1.305351
1.323712
1.351185
1.358655
1.359102
1.306092
1.321355
1.326943
1.332809
1.335225
1.323080
1.323857
1.323580
1.333495
1.025628
1.051618
1.072707
1.366073
1.309365
1.293350
1.317885
1.311001
1.314105
1.003656
1.006951
1.010382
1.333721
1.321683
1.013638
1.039175
1.050544
1.063616
1.041041
1.032997
1.042245
1.006222
1.308563
1.349717
1.335616
1.016115
1.337988
1.016956
1.313973
1.010754
1.314546
0.994458
1.611816
1.603006
1.301991
1.304444
1.619918
1.313680
1.320047
1.013318
1.358351
1.344952
1.658846
1.651607
1.347694
1.359402
1.695445
1.338962
1.625150
1.326424
1.618442
1.318085
1.639466
1.948278
1.327273
1.320551
1.009475
1.338280
1.329117
1.012311
1.321511
1.319324
1.644892
1.655302
1.025255
1.331403
1.039362
1.330876
1.019564
1.342299
0.998501
1.653248
1.675537
1.370012
1.361609
1.042955
1.362761
1.032774
1.325507
1.056765
1.685307
1.323734
1.021324
1.323921
1.003636
1.304729
0.997052
1.336481
1.015490
1.335098
1.028788
1.311007
1.615004
1.317350
1.011630
1.338058
1.315606
1.356397
1.026675
1.336396
1.342262
1.338080
1.329935
1.626423
1.625162
1.023076
1.336218
1.324408
1.330725
1.312251
1.650852
1.335953
1.335696
1.328714
1.319092
1.663292
1.637476
1.013694
1.648951
1.348728
1.351078
1.372100
1.646137
1.327974
1.335408
1.650779
1.989087
1.648705
1.028565
1.636796
1.319318
1.626252
1.011438
1.925837
1.336589
1.965504
1.334019
2.303293
2.594459
2.873612
2.548241
2.860547
2.588592
3.246911
2.811284
3.912854
3.216742
4.162614
3.542905
4.476426
4.879244
5.509638
5.375348
5.401116
5.671254
6.032325
4.959824
6.012107
5.430743
5.395251
5.372901
5.732920
4.804082
5.927673
5.430045
4.680351
4.368912
3.763028
4.365766
3.446090
4.139447
3.208865
3.817234
4.122297
4.424829
3.783270
3.806871
4.822128
4.840440
3.518199
4.482136
3.834157
4.451070
3.478320
4.394522
3.728332
3.393533
3.693598
3.070513
3.715474
2.491853
3.780966
4.049963
4.486240
5.305743
3.500203
1.642008
1.962299
1.327548
1.339254
1.646907
1.335797
1.973805
1.308814
1.957685
1.314601
1.939211
2.542562
2.239970
1.631747
2.267722
2.291020
1.991511
1.338471
1.647349
1.338562
1.652074
1.968487
1.608028
1.314624
1.613899
1.324484
1.642102
1.333152
1.950489
1.336294
1.929592
1.320208
1.941112
2.214288
2.223076
1.327232
1.621949
1.915249
1.325079
1.940047
1.341761
1.641687
1.332397
1.651543
1.981086
1.664521
1.316689
1.297876
1.600933
1.311963
1.632338
1.320300
1.634369
1.311716
1.626237
1.941522
1.671205
1.334813
1.637157
1.336510
1.633848
1.312923
1.633494
1.627386
1.310617
1.629809
1.935649
1.620845
1.308541
1.313609
1.609058
1.311727
2.237771
1.626661
2.876645
2.231106
3.790085
5.030528
4.800720
5.884933
3.501029
4.444727
4.906566
5.244547
3.487093
5.613683
5.367650
4.415731
4.390707
4.706021
4.417869
3.176653
3.181380
1.956342
2.858533
1.639804
2.265190
1.313334
1.945950
1.628332
1.630575
1.925048
1.619932
1.317409
1.601673
1.657912
1.627971
1.621448
1.603738
1.614973
1.613324
1.610789
1.605952
2.219304
1.936479
1.312569
1.909462
1.601099
1.982245
1.355202
1.976378
1.631140
1.937168
1.633399
1.934102
2.225304
1.918364
1.322017
1.626817
1.617488
1.643732
1.633251
1.613499
1.620029
1.622332
1.632156
1.625924
1.956785
1.634595
1.343412
1.652657
1.642514
1.641982
1.637204
1.630902
1.605439
1.648603
1.665347
1.664188
1.977158
1.669950
1.301838
1.598502
1.593989
1.604760
1.621435
1.630694
1.645912
1.636223
1.625560
1.655605
2.253828
1.937646
1.337321
1.965412
1.618484
1.918154
1.609217
2.219348
1.618259
1.939556
1.644380
1.633217
1.927454
1.619775
1.327499
1.620995
1.638496
1.679051
1.617542
1.626148
1.619323
2.266165
1.613979
2.552896
2.859584
2.827766
2.240002
3.151530
1.976390
3.137670
2.253723
3.232974
1.982120
2.592673
1.664864
2.563702
2.552726
2.297203
1.659509
1.984148
1.691959
1.979205
1.671049
1.671248
1.666363
1.661683
1.656230
1.631651
2.029168
1.678958
1.676613
1.345725
1.649673
1.626159
1.632210
1.653127
1.618213
1.665745
1.649398
1.963965
1.635972
1.328336
1.655235
1.631132
1.661326
1.678976
1.679361
1.642099
1.626046
1.628793
1.603193
1.917041
1.630835
1.654699
1.652730
1.650465
1.649594
1.636298
1.624610
1.629813
1.620923
1.642989
1.639123
1.947272
1.613783
1.325540
1.630427
1.626382
1.646732
1.627634
1.646063
1.635391
1.621796
1.628260
1.631791
1.939259
1.620511
1.645839
1.623629
1.608888
1.611351
1.637814
1.614879
1.644659
1.675648
1.690664
1.664678
1.965161
1.606718
1.323594
1.642424
1.605585
1.291326
1.625536
1.344120
1.698896
1.397926
1.705267
1.661453
1.903576
1.615645
1.595630
1.638586
1.629185
1.607808
1.624095
1.668656
1.672622
1.609596
1.619496
1.633115
1.951990
1.658526
1.605381
1.606739
1.610387
1.298718
1.619846
1.663505
1.708623
1.657452
1.651344
1.969031
1.652781
1.378154
1.641640
1.621200
1.625559
1.622590
1.657922
1.672252
1.640109
1.651199
1.620074
1.934486
1.611272
1.673927
1.625203
1.637708
1.641132
1.629435
1.644468
1.695341
1.689612
1.624344
1.604418
1.920981
1.628195
1.628050
1.661995
1.675331
1.638203
1.628168
1.622140
1.606351
1.629049
1.926148
1.597321
1.310271
1.636949
1.615968
1.636884
1.637861
1.703064
1.620471
1.633981
1.624806
1.359217
1.986409
1.663757
1.387083
1.359530
1.678325
1.339327
1.645348
1.318584
2.531546
1.907879
1.954586
1.640367
1.331512
1.627942
1.315592
1.324792
1.618794
1.330104
1.643142
1.945141
1.623155
1.303322
1.639491
1.627543
1.642392
1.625129
1.616528
1.633876
1.337557
1.613369
1.628768
1.967271
1.329560
1.627684
1.311382
1.985166
1.659308
1.973909
1.634494
1.962948
1.634036
4.321722
3.692859
5.190703
5.970973
4.343533
5.794658
4.795486
5.679550
3.373852
5.035290
4.664824
5.342778
5.028016
4.520253
3.058801
3.970168
2.826181
3.060609
3.122618
3.336145
3.180246
1.332816
1.641077
1.676357
1.650826
1.658723
1.333769
1.669091
1.334792
1.638689
1.696723
1.971046
1.982458
2.016136
2.313918
2.298730
1.648524
2.294953
1.666960
2.593711
1.642327
3.258770
3.291163
1.680409
3.556624
3.883527
2.589447
3.836362
1.658574
4.467630
1.661186
5.049561
4.342241
1.960710
4.720150
5.026882
4.809989
1.002939
4.373970
1.716174
1.312657
1.430912
3.509870
3.492316
2.857017
3.146192
2.573026
3.458734
3.233615
2.595708
3.826262
2.604199
3.280209
2.889979
3.835974
3.541186
3.468423
3.779272
3.801618
3.784116
3.187236
3.188717
2.845082
3.474184
3.517877
3.227113
2.895557
3.610005
1.597669
3.188734
1.322882
1.667405
1.304644
1.323698
1.343008
1.318680
1.341846
1.327643
1.944496
1.332333
1.636677
1.623925
1.335272
1.635518
1.657075
1.295915
1.594563
1.289098
1.938286
1.668005
1.333645
1.602546
1.641505
1.326370
1.625987
1.629183
1.622256
1.646714
1.968123
1.650678
1.663651
1.630975
1.636883
1.631464
1.655658
1.644950
1.640329
1.943597
1.636176
1.331717
1.676335
1.678370
1.321600
1.607204
1.615563
1.651247
1.658223
1.942373
1.639486
2.009896
1.625083
1.931322
2.238106
1.629060
2.201011
1.595383
2.249814
1.646975
2.263609
1.638358
2.302958
1.965736
1.293896
1.343400
1.333137
1.307109
1.309240
1.300261
1.358707
1.352587
1.665241
1.318122
1.599855
1.333402
1.303101
1.319082
1.319980
1.288588
1.297033
1.308313
1.625923
1.344726
1.332421
1.317937
1.617890
1.341039
1.630435
1.327605
1.625413
1.323171
1.620099
1.306064
1.621050
1.341845
1.344347
1.350911
1.609300
1.314879
1.304611
1.352435
1.651597
1.352236
1.603078
1.308793
1.308760
1.301709
1.304318
1.333301
1.330744
1.327265
1.341137
1.352506
1.663024
1.644789
1.317754
1.637538
1.303283
1.632938
1.322843
1.610156
1.317601
1.327734
1.318303
1.613893
1.343741
1.645915
1.333105
1.301568
1.318268
1.637697
1.337711
1.659694
1.334945
1.616769
1.350401
1.651739
1.332371
1.633355
1.320920
1.326099
1.339402
1.616440
1.311481
1.612751
1.292237
1.593501
1.329237
1.630312
1.337996
1.636012
1.341680
1.341540
1.324900
1.623540
1.327449
1.627861
1.342363
1.620617
1.302781
1.311112
1.931591
1.308331
1.323331
1.300623
1.640303
1.333607
1.638399
1.319884
1.640506
1.305714
1.642668
1.987991
1.662586
1.972467
1.675750
1.650412
1.642090
1.628924
1.608094
1.639613
1.614029
1.633617
1.621855
1.935207
1.640074
1.622621
1.630387
1.683236
1.679435
1.645660
1.643710
1.633399
1.606882
1.617280
1.627962
1.956419
1.647833
1.658654
1.681433
1.652102
1.621488
1.650532
1.613467
1.645625
1.641256
1.642510
1.911448
1.608839
1.624924
1.308428
1.611048
1.331837
1.654739
1.351052
1.633370
1.326311
2.564370
1.902812
2.228334
1.627091
1.642224
1.329614
1.626457
1.362614
1.683491
1.350290
1.340833
1.628977
1.338596
1.340608
1.648224
1.635272
1.622481
1.614665
1.610586
1.637574
1.344868
1.640996
1.317714
1.921755
1.622167
1.614765
1.317643
1.645076
1.329213
1.708564
1.368958
1.671256
1.334409
1.664011
1.345763
1.978520
1.616133
1.660809
1.326654
1.659027
1.315203
1.626518
1.311648
1.601487
1.312517
1.637895
1.325644
1.950513
1.637072
1.628448
1.332869
1.634238
1.343776
1.619055
1.313162
1.606182
1.320071
1.636339
1.316611
1.929889
1.312912
1.667737
1.358781
1.648885
1.338203
1.628195
1.630593
1.640742
1.340978
1.640681
1.620531
1.961950
1.649243
1.665190
1.662223
1.665393
1.626844
1.623768
1.618676
1.612610
1.638557
1.630291
1.612003
1.934137
1.643068
1.635034
1.380544
1.665187
1.349828
1.635171
1.332131
1.639642
1.342677
1.309471
1.910335
1.607854
1.624505
1.617686
1.628956
1.646133
1.661748
1.621605
1.603770
1.591665
1.609296
1.608203
1.948763
1.631924
1.633629
1.311766
1.639742
1.312483
1.621236
1.302677
1.632319
1.327353
1.643178
1.340723
1.971090
1.648753
1.631608
1.326883
1.600328
1.326842
1.668951
1.347890
1.652596
1.328006
2.583058
1.947614
1.979969
1.684006
1.645557
1.674113
1.617490
1.642080
1.626767
1.632702
1.624222
1.612957
1.956903
1.617853
1.613792
1.672177
1.640243
1.659952
1.658420
1.670492
1.647537
1.669606
1.641446
1.650954
2.020297
1.659480
1.691323
1.334939
1.644493
1.373560
1.691630
1.367708
1.668963
1.358206
1.664827
1.329006
1.963904
1.664511
1.712515
1.658630
1.657381
1.649527
1.681269
1.677328
1.651803
1.660272
1.658362
1.647421
1.984764
1.659929
1.684555
1.330135
1.642392
1.340432
1.645727
1.364454
1.672876
1.350003
1.664154
1.328258
1.945122
1.623997
1.640616
1.632894
1.688602
1.671397
1.660182
1.659904
1.657983
1.598884
1.630659
1.643097
1.918235
1.623363
1.619705
1.650940
1.693409
1.652421
1.636237
1.616617
1.622066
1.622908
1.609588
1.594406
1.908747
1.641162
1.713930
1.361084
1.634136
1.320225
1.642968
1.337252
1.656972
4.067984
2.566565
2.273530
1.322234
1.634921
1.330519
1.646379
1.336344
1.647147
1.313121
1.629990
1.354313
1.933183
1.661596
1.655042
1.663671
1.651677
1.631993
1.651530
1.673028
1.637968
1.609041
1.640854
1.625938
1.911949
1.615253
1.611444
1.649617
1.610694
1.607570
2.000197
1.662853
1.975454
1.661793
1.626906
1.615181
2.239853
1.601294
1.596893
1.323188
1.653186
1.328282
1.335807
1.667688
1.327895
1.644791
1.325421
1.936979
1.623174
1.612040
1.603666
1.638910
1.705295
1.643600
1.650382
1.622344
1.633788
1.636412
1.638679
1.934826
1.608228
1.681256
1.654494
1.972274
1.963214
1.969433
1.952460
1.979368
1.981953
1.994123
1.972369
2.265394
1.967360
1.987147
1.979788
1.975681
1.956203
1.964267
1.976330
1.954112
1.946786
1.954553
1.964266
2.307048
2.000769
1.674328
1.685242
1.695008
1.648079
1.650223
1.658371
1.640895
1.667273
1.651122
1.642533
1.977629
1.670765
1.657702
1.351546
1.671367
1.355126
1.684928
1.370527
1.683748
1.353492
1.655341
1.323139
1.986121
1.639692
1.627607
1.667037
1.671351
1.659964
1.676027
1.670577
1.710140
1.721632
1.708438
1.718361
1.999246
1.700674
1.685974
1.954152
1.984324
1.998666
1.999584
2.290234
1.978637
1.989571
2.000068
2.004783
2.619127
1.964724
1.656901
1.660066
1.654558
1.700678
1.703161
1.338659
1.624165
1.340645
1.647920
1.343579
1.968587
1.643075
1.635369
2.031130
2.005896
1.994029
1.989375
2.273355
1.967544
1.956783
1.995356
2.257650
2.593584
2.340619
1.701915
1.710277
1.687510
1.660174
1.672459
1.656961
1.655448
1.642610
1.654198
1.992306
1.647325
1.647539
1.675037
1.671463
1.668118
1.684890
1.669812
1.642594
1.333823
1.689111
1.697759
1.978551
1.646941
1.655815
1.670170
1.662932
1.651447
1.937201
1.632749
1.954488
1.637827
1.961860
1.675028
2.310253
1.683933
2.317193
1.693738
1.993113
1.648937
1.658573
1.660984
1.648456
1.966862
1.668515
1.661825
1.671329
1.665559
1.652727
1.662413
1.647199
1.662703
1.656015
1.660956
1.965518
1.641996
1.963532
1.645686
1.656102
1.654508
1.639287
1.650950
1.656248
1.665004
1.975496
1.627742
1.633619
1.663317
1.992765
1.689473
1.985379
1.643551
1.967348
1.622690
1.950704
1.973998
1.986101
1.659266
1.673752
1.639885
1.630525
1.973753
1.651283
1.668463
1.657921
1.703532
1.643420
1.940143
1.653414
1.662930
1.367393
1.706929
1.372897
1.654787
1.342328
1.628383
1.343651
1.691120
1.345100
1.939782
1.640266
1.636067
1.657756
1.673201
1.645041
1.651146
1.637917
1.630786
1.652188
1.647610
1.354636
2.024545
1.705981
1.649518
1.644833
1.651460
1.680332
1.655520
1.673720
1.686254
1.658325
1.661606
1.955790
1.637638
1.668165
1.699040
1.379751
1.659053
1.649063
1.654272
1.677434
1.365670
2.002239
1.682504
1.689608
1.677669
1.673487
1.689787
1.669208
1.682057
1.333436
1.636719
1.350933
1.979019
1.644004
1.649704
1.647346
1.634033
1.635551
1.304296
1.654570
1.362382
1.660317
1.337763
1.995192
1.626996
1.649107
1.662724
1.644802
1.657796
1.647913
1.658773
1.635634
1.313092
1.626858
1.307875
1.931704
1.325872
1.623021
1.957616
1.654427
1.642682
1.616513
1.621050
1.336646
1.651017
1.332516
1.954763
1.672463
1.638589
1.327685
1.659791
1.334631
1.654294
1.313094
1.611270
1.333308
1.622240
1.304909
1.925773
1.606942
1.628494
1.643908
1.613937
1.616304
1.610943
1.626862
1.633170
1.315455
1.608812
1.316659
1.939795
1.666278
1.622034
1.634708
1.640366
1.627051
1.618680
1.624766
1.636809
1.655086
1.649559
1.610498
1.912339
1.641626
1.662420
1.348732
1.629951
1.329044
1.651272
1.350859
1.678909
1.307526
1.607253
1.319920
1.973171
1.642838
1.923535
1.314485
1.637608
1.330825
1.640826
1.337038
1.668698
1.349857
1.629107
1.324060
1.925885
1.589968
1.612419
1.328833
1.625818
1.314195
1.648470
1.314137
1.639191
1.309608
1.671062
1.344623
2.001297
1.686897
1.693725
1.361193
1.676222
1.351687
1.671489
1.354800
1.666904
1.327738
1.633497
1.312875
1.945033
1.622930
1.971262
1.661644
1.958560
1.650707
1.625617
1.618881
1.624811
1.315667
1.630836
1.330880
1.905409
1.622550
1.937354
1.605168
1.610745
1.303178
1.652347
1.340074
1.662567
1.360950
1.663149
1.389565
1.992360
1.385807
1.701806
1.367221
1.688833
1.340501
1.617147
1.324483
1.641208
1.326070
1.617557
1.306797
1.947605
1.341854
1.660868
1.327805
1.603634
1.309220
1.619169
1.318265
1.616026
1.345381
1.627991
1.321981
1.896663
1.626373
1.652983
1.642261
1.630417
1.630060
1.623779
1.596434
1.601925
1.623120
1.621738
1.646302
1.914747
1.601868
1.608759
1.348527
1.625103
1.309669
1.622860
1.304031
1.636324
1.326450
1.664482
1.362163
1.963195
1.317914
1.628235
1.334783
1.648494
1.344407
1.619132
1.327975
1.623257
1.320252
1.343763
1.334661
1.950822
1.646675
1.624607
1.332459
1.632826
1.320527
1.623641
1.301862
1.610310
1.312174
1.650608
1.334075
1.970384
1.331374
1.671969
1.322414
1.626584
1.322611
1.621721
1.301384
1.613139
1.325972
1.640174
1.326835
1.955158
1.342937
1.658875
1.341857
1.673661
1.355821
1.677241
1.331721
1.646098
1.349932
1.656404
1.321623
1.949561
1.354845
1.675867
1.360147
1.673989
1.347871
1.678666
1.354126
1.700855
1.361194
1.703342
1.343826
1.652741
1.329060
1.635391
1.346181
1.317158
1.319661
1.321806
1.291629
1.634164
1.316377
1.607286
1.325243
1.619761
1.305149
1.631462
1.339721
1.616234
1.356182
1.670964
1.348735
1.686919
1.387739
1.676075
1.346900
1.664311
1.354850
1.648013
1.337176
1.343810
1.341808
1.347582
1.337158
1.654916
1.341090
1.690463
1.348734
1.970954
1.339497
1.637376
1.352315
1.651616
1.331027
1.642550
1.355081
1.634683
1.334188
1.663989
1.314220
1.940500
1.353225
1.691440
1.352186
1.639249
1.313612
1.617900
1.303794
1.605207
1.308298
1.661774
1.357581
1.644612
1.324195
1.637402
1.689033
1.375722
1.336241
1.312016
1.308077
1.335874
1.640395
1.344717
1.643080
1.304289
1.646388
1.320516
1.628692
1.328501
1.612509
1.304386
1.616908
1.319557
1.611790
1.322273
1.644694
1.348161
1.652879
1.337613
1.320324
1.309195
1.315322
1.309987
1.326305
1.319755
1.612196
1.298412
1.616488
1.326957
1.640411
1.316001
1.620437
1.306544
1.627020
1.328276
1.635505
1.316396
1.327215
1.317448
1.639152
1.323632
1.629131
1.304178
1.614218
1.318346
1.618131
1.320460
1.323829
1.325977
1.328059
1.615812
1.348127
1.324082
1.342453
1.322903
1.363090
1.356310
1.360568
1.671215
1.309185
1.309891
1.313528
1.602100
1.307023
1.660830
1.352104
1.662537
1.350648
1.665782
1.380248
1.344191
1.324649
1.650458
1.329824
1.674607
1.342029
1.660382
1.328795
1.351317
1.338341
1.672589
1.317358
1.669938
1.335334
1.344771
1.332865
1.626271
1.316798
1.647583
1.360649
1.346023
1.356937
1.333706
1.341426
1.353151
1.335023
1.346335
1.339915
1.638055
1.319339
1.327216
1.355190
1.326661
1.334655
1.308845
1.330078
1.331366
1.327412
1.365775
1.331267
1.614470
1.300641
1.317715
1.324934
1.333363
1.321460
1.335013
1.336756
1.322499
1.304588
1.311360
1.329567
1.636264
1.325838
1.661005
1.346957
1.635159
1.318230
1.321961
1.344204
1.325485
1.331593
1.351934
1.310378
1.624421
1.335040
1.622343
1.346315
1.638218
1.335908
1.634150
1.332345
1.642664
1.324218
1.327810
1.336175
1.644885
1.329824
1.311360
1.329594
1.329799
1.311835
1.320250
1.304461
1.299407
1.325548
1.348319
1.313621
1.624997
1.365290
1.333993
1.344068
1.648090
1.333169
1.652134
1.357046
1.642983
1.336228
1.647411
1.328505
1.629654
1.321082
1.307902
1.336185
1.344649
1.329318
1.338134
1.328199
1.316943
1.307368
1.309366
1.329486
1.625198
1.337265
1.340362
1.334785
1.344612
1.329240
1.326417
1.318052
1.310595
1.339857
1.305380
0.996990
1.612302
1.298884
1.314633
1.313204
1.324922
1.336749
1.331316
1.307662
1.321472
1.324000
1.324998
1.301774
1.645597
1.308714
1.311963
1.301944
1.324984
1.314027
1.306386
1.306088
1.305014
0.995436
1.300703
1.297526
1.601208
1.308989
1.327583
1.315986
1.315403
1.315880
1.306038
0.997279
1.294472
0.984719
1.302923
1.039088
1.687129
1.386094
1.346579
1.343939
1.360459
1.023535
1.322475
1.003453
1.330442
1.010068
1.304041
0.995580
1.622194
1.319871
1.313016
1.301211
1.331113
1.012294
1.311637
1.003451
1.317649
1.000732
1.296922
0.991554
1.618033
1.319074
1.326675
1.338396
1.349856
1.348031
1.305660
0.991949
1.290774
1.006418
1.337373
1.026194
1.671238
1.338213
1.343118
1.359330
1.361919
1.012061
1.327041
1.005032
1.328133
1.013009
1.310966
1.001135
1.640698
1.333392
1.324248
1.332880
1.329134
1.301622
1.332778
0.992860
1.344459
1.025373
1.335784
1.031813
1.659873
1.347054
1.368435
1.342178
1.348022
1.025501
1.350428
1.028825
1.343626
1.016340
1.313314
1.019999
1.621492
1.337408
1.327939
1.305838
1.313496
1.012077
1.324902
0.998153
1.339515
1.036860
1.383421
1.068626
1.668540
1.352384
1.354785
1.021218
1.341037
1.014670
1.314394
0.998641
1.320831
0.992391
1.381016
1.050202
1.659136
1.326767
1.335694
1.347682
1.350532
1.341109
1.327632
1.032585
1.421896
1.049354
1.324605
1.024009
1.619462
1.311431
1.328426
1.307204
1.339359
1.332181
1.344020
1.033119
1.322654
1.000910
1.314767
1.352399
1.650131
1.316658
1.308623
1.319105
1.321287
1.331929
1.337203
1.022536
1.323477
1.319858
1.329621
1.009235
1.648551
1.342193
1.344868
1.341937
1.329673
0.992045
1.305146
1.025194
1.307449
1.004963
1.301092
1.007307
1.658466
1.331459
1.305376
1.314294
1.308090
1.027222
1.331299
1.017422
1.328376
1.000090
1.289245
0.992262
1.603705
1.302982
1.619265
1.344129
1.349620
1.021077
1.321006
1.034612
1.330366
1.025271
1.628083
1.324950
1.321793
1.367275
1.368786
1.375712
1.050856
1.354877
1.041414
1.336877
1.031978
1.642569
1.612602
1.304486
1.295947
0.996690
1.320877
1.020885
1.305643
1.006791
1.332210
1.018824
1.647709
1.343332
1.324455
1.306790
1.316419
1.313998
1.000251
1.337586
1.025661
1.323714
1.020436
1.649506
1.313372
1.321924
1.317461
1.327503
1.325749
1.338894
1.001143
1.322136
1.347106
1.331567
1.629554
1.342450
1.340325
1.027709
1.334837
0.998699
1.336990
1.019098
1.344661
1.017098
1.321893
1.026068
1.634055
1.335078
1.320854
1.334648
1.339832
1.324089
1.296124
1.015912
1.324206
1.312262
1.297308
1.604923
1.299150
1.310669
1.314781
1.354843
1.004511
1.342959
1.005670
1.314155
1.327605
1.306170
0.991732
1.627803
1.342230
1.348939
1.300275
1.336167
1.329434
1.321126
1.010266
1.324827
1.324511
1.311794
0.987116
1.636673
1.643331
1.311300
1.338272
1.008683
1.326248
0.994027
1.310324
1.330668
1.678795
1.649155
1.311910
1.316441
1.321121
1.322087
1.018448
1.329312
1.343990
1.349113
1.631413
1.620571
1.321044
1.352490
1.036928
1.329738
1.010036
1.611447
1.309287
1.620250
1.637542
1.328970
1.312411
1.320704
1.316677
1.318518
1.316516
1.316068
4.683793
4.406037
3.381867
3.103176
2.517849
2.482890
2.512090
2.180199
2.151588
2.152446
2.157694
3.607954
2.986425
1.849317
1.841471
2.161169
0.717380
2.198164
2.160825
0.998030
1.000593
1.018038
1.319602
1.312241
1.014201
1.308221
1.330508
1.313605
1.334468
1.320908
1.320887
1.313148
1.641798
1.320653
1.335414
1.331939
1.315818
1.319657
1.307560
1.319145
1.322485
1.320236
1.611833
1.639003
1.322151
1.371241
1.359168
1.370595
1.340982
1.354150
1.347048
1.640104
1.331034
1.351131
1.639431
1.651618
1.628645
1.306585
1.625860
1.639562
1.641615
1.924838
1.628839
1.605178
1.609455
1.627707
1.330423
1.669207
1.357936
1.640329
1.675334
1.639326
1.666905
1.345070
1.897469
3.135288
5.143104
3.060391
2.793167
2.761480
2.815873
2.471825
2.156478
2.152427
2.768822
2.478929
2.165873
2.180514
2.508278
1.564052
2.759051
2.477239
3.204905
2.676845
2.965385
1.528445
2.191954
1.536758
2.785068
2.430385
2.998462
0.397279
2.482431
1.844146
2.138408
2.133960
2.521792
2.177395
3.521717
2.993158
4.297586
4.502932
4.865856
5.665242
5.429796
5.763162
4.241481
2.711483
3.603420
2.685115
2.705406
1.765696
2.657558
4.103387
3.040256
2.390954
3.797825
4.047802
4.579441
2.992796
2.350371
2.580854
2.410044
2.584533
2.691064
2.455905
2.922318
3.748808
2.606429
4.602031
2.626373
2.581992
2.739593
2.606412
4.409206
2.056110
4.115365
4.021549
3.526900
3.786229
2.281670
3.519937
1.754584
2.974835
2.050973
3.616434
3.405219
2.076714
2.684231
2.059758
1.018064
3.608517
3.310361
2.502171
1.850726
2.477346
1.887179
3.104264
3.092889
2.460147
2.849353
3.926431
4.025274
2.768705
2.517492
2.469331
2.507616
3.403494
3.095590
2.065263
2.071890
3.082437
3.395145
2.456089
2.653329
2.457435
2.168173
2.135375
0.384536
2.180205
1.542658
2.789395
2.482820
2.438597
2.471573
4.541882
2.998491
3.592693
2.968306
2.671513
4.527562
4.085370
2.960922
2.699538
2.373460
3.194155
4.187903
3.072131
2.067625
2.363351
2.888499
1.563301
3.570540
3.824520
2.788595
2.047815
2.792161
2.581375
1.554159
0.390595
2.567484
2.156552
2.994092
2.176976
2.146829
2.145112
2.455556
1.828724
1.532498
1.542660
1.861737
0.698774
0.696738
3.477852
2.237115
3.467987
2.762577
1.842580
2.154221
2.144333
1.840038
2.153146
1.564610
2.182070
2.166718
2.181260
2.165615
2.154914
1.540976
2.150245
1.544625
1.863584
3.068794
2.480997
2.167564
1.859974
1.568487
2.178646
1.545427
2.157138
1.545671
2.154344
1.545716
2.988223
1.541583
2.588005
1.571105
2.582053
1.537279
0.390528
1.850706
1.531885
0.607222
4.381146
2.471826
2.483409
2.145991
1.836193
2.477212
2.169521
1.839960
1.888765
1.343635
1.647665
1.314064
1.012468
1.037802
2.631694
5.799666
5.430798
5.930096
4.324165
2.184262
3.698407
1.690247
3.843217
2.878247
2.881525
2.016766
1.994828
1.384718
2.612438
0.702395
0.697312
1.007358
1.017354
1.011982
1.015557
1.005751
1.025490
1.013740
1.027245
1.023186
1.003826
0.686090
0.990096
0.998166
1.002850
1.012500
1.018238
1.023061
1.017412
1.002156
0.988994
0.999191
1.003114
0.705599
1.017505
1.067474
1.041985
1.017061
1.002297
1.000682
1.023579
1.024525
1.026101
1.009423
0.990767
1.296804
1.302392
1.008002
1.327248
1.036229
1.020407
1.007625
1.036406
1.337376
1.027997
1.333213
1.338428
1.004984
1.315508
1.015813
1.004903
1.015854
1.006674
1.018729
1.019711
1.002345
1.011733
1.315053
1.011281
1.024061
1.335886
1.329699
1.014627
1.308698
1.006392
1.348137
1.624437
1.929958
1.348634
1.315326
1.009699
1.318801
1.003600
1.015035
0.999236
1.011200
1.011505
1.339618
1.343109
1.011316
1.021795
1.021753
1.023886
1.002308
1.316383
1.033988
1.005424
1.311420
1.312426
1.327972
1.328599
1.014546
1.043866
1.011492
1.299894
1.000320
1.305467
0.993115
1.299209
1.619548
1.332327
1.319908
1.326007
1.339170
1.336307
1.326016
1.593680
1.309273
1.615289
1.303635
1.626347
1.945058
1.970669
1.631674
1.970683
1.645310
1.938932
1.319914
1.629154
1.322128
1.631970
1.319401
1.651207
1.645657
1.680608
1.026510
1.655487
1.013708
1.615732
1.311498
1.925531
1.611105
2.253683
1.628281
2.248002
2.604744
2.281871
2.604893
2.234015
2.551954
1.941776
2.222858
2.273458
1.971183
2.242127
2.265382
2.571112
1.971107
2.306448
1.612198
2.246179
1.653221
1.628579
1.934204
1.318899
2.240969
1.941121
1.649422
1.931811
1.322329
1.937410
1.623052
2.245129
1.343568
1.964479
1.298463
1.926156
2.250514
2.269493
1.610851
1.932712
1.327126
1.937521
1.313023
2.219625
1.338205
1.963858
1.342977
2.000306
2.313082
2.259469
1.349467
1.970461
1.336472
1.935097
1.331488
1.930732
1.308640
1.919593
1.302966
1.914122
2.560256
2.231123
1.638226
2.249913
1.634240
2.249369
1.325305
1.906152
1.318610
1.627919
1.321236
1.616275
1.942502
1.636641
1.365952
1.668706
1.334146
1.604192
1.294181
1.626037
1.309413
1.644626
1.337421
1.665680
1.944322
1.636302
1.340084
1.655008
1.332308
1.633416
1.318667
1.649330
1.323274
1.637123
1.322212
1.664440
2.289846
1.934243
1.335688
1.949288
1.365594
1.970284
1.317074
2.222800
1.348629
1.981873
1.345503
2.242039
2.250363
1.628289
1.934828
1.321302
1.958961
1.342106
1.940665
1.332989
1.959814
1.322203
1.952110
2.253154
1.951794
1.328594
1.935801
1.309664
1.923637
1.315778
2.262697
1.300855
1.902285
1.315500
1.930747
2.525590
2.270804
1.306710
1.909379
1.303654
1.925636
1.596749
1.612658
1.620765
1.636220
1.618766
1.621160
1.948779
1.639002
1.312218
1.607013
1.638156
1.665232
1.365200
1.648854
1.634721
1.620585
1.688639
1.995331
1.929303
1.303986
1.642394
1.357322
1.649784
1.356210
2.013827
1.677745
1.978796
1.652221
1.952450
2.575541
2.242040
1.333180
2.283146
1.343020
2.255860
1.320598
2.293534
1.354654
1.994780
1.662586
2.264597
1.962325
1.321732
1.613838
1.661079
1.982481
1.646654
1.349005
2.274595
1.327193
2.238324
2.901302
2.962594
1.968096
2.868203
1.901463
2.850969
1.619729
2.938435
1.646535
2.833507
1.626450
3.188386
3.812947
3.851659
2.521980
3.468325
2.541045
4.042302
3.830898
5.042966
3.477389
5.049413
3.810337
5.034256
6.307263
5.624655
4.738121
4.652841
3.521507
4.451069
3.645388
4.365015
2.550200
3.485559
2.260097
3.133266
3.712849
3.455177
2.239939
2.893226
1.928036
2.544330
1.320265
2.254421
1.670008
1.936556
1.663646
1.989385
2.307433
1.981477
1.599628
1.934925
1.608374
1.968797
1.596609
2.257400
1.619803
2.265583
1.350920
2.620704
3.254304
2.903207
1.964749
2.891036
1.648022
2.903689
1.635945
2.265891
1.677036
1.974732
1.670379
1.966215
2.276631
1.945335
1.664232
1.678814
1.733900
2.022184
1.643606
2.297654
1.330962
2.569664
1.333184
2.901295
3.522139
3.596632
2.639851
3.179775
2.226023
3.252718
1.642372
2.566164
1.648764
1.940967
1.619472
1.974774
2.240459
1.935179
1.602805
1.584155
1.598687
1.601224
1.621413
1.628273
1.658999
1.641719
1.664097
1.648961
1.922878
1.623011
1.642755
1.627099
1.616608
1.602918
1.609599
1.630725
1.649400
1.636968
1.619507
1.638259
2.252166
1.947921
1.335107
1.947437
1.646971
1.636536
1.670441
2.298291
1.681425
2.309122
1.651608
2.279575
2.614648
2.309216
1.360217
2.316551
1.353757
2.026674
1.676654
1.663591
1.653116
1.663156
1.622094
1.297420
1.926135
1.620123
1.620748
1.646860
1.609905
1.661741
1.636156
1.641064
1.636818
1.623565
1.604814
1.629127
2.241443
1.932016
1.623937
1.628035
1.622711
1.636293
1.635063
1.635571
1.663728
1.650551
1.655964
1.655073
1.923324
1.628767
1.631411
1.601894
1.622848
1.609141
1.633850
1.650255
1.644285
1.636948
1.639706
1.669618
1.980169
1.637157
1.632573
1.626798
1.636124
1.640842
1.649852
1.709072
1.688423
1.366266
1.635435
1.337601
1.932577
1.628020
1.354911
1.368375
1.699391
1.348281
1.627673
1.640300
1.609351
1.624274
1.636272
1.949798
1.613299
1.307955
1.630487
1.637308
1.340850
1.681861
1.351942
1.328506
1.344796
1.344762
1.965093
1.654446
1.347485
1.345402
1.286982
1.288807
1.294740
1.283468
1.318750
1.305317
1.642182
1.311543
1.300110
1.320672
1.638458
1.330692
1.338711
1.330679
1.316444
1.616614
1.601592
1.352054
1.351040
1.360530
1.350737
1.644945
1.335113
1.308146
1.617132
1.953368
1.324553
1.664528
1.966701
1.355348
1.666439
1.349454
1.673848
1.951474
1.660924
2.006968
1.657732
1.352668
1.345289
1.341732
1.299171
1.310686
1.330410
1.641214
1.336370
1.654553
1.620875
1.321653
1.705746
1.308414
1.307442
1.917227
1.631912
1.337061
1.339421
1.369587
1.351177
1.343485
1.336908
1.317448
1.312597
1.317845
1.924114
1.594773
1.297996
1.379265
1.322996
1.316395
1.600049
1.309760
1.642372
1.342643
1.338272
1.629483
1.627980
1.950880
1.622764
1.640171
1.651969
1.616828
1.319478
1.313071
1.635997
1.614816
1.331408
1.323115
1.317048
1.309758
1.350527
1.366173
1.342369
1.360381
1.341594
1.336879
1.977696
1.657439
1.357278
1.342027
1.333088
1.323569
1.653196
1.345998
1.646155
1.291909
1.597210
1.331203
1.963726
1.346757
1.340041
1.346940
1.365785
1.343726
1.645477
1.329708
1.603166
1.302985
1.643612
1.944279
1.644583
1.312911
1.335941
1.649442
1.322908
1.651580
1.319123
1.616665
1.311895
1.642735
1.359863
1.649935
1.329978
1.308139
1.315412
1.317490
1.307625
1.335393
1.330826
1.334263
1.320019
1.945722
1.660618
1.320820
1.307699
1.320202
1.324450
1.644515
1.312037
1.318139
1.615287
1.313497
1.630542
1.317081
1.337609
1.337680
1.331536
1.359336
1.360632
1.351580
1.328251
1.322238
1.335415
1.990589
1.693867
1.629018
1.632727
1.653289
1.640055
1.327145
1.321779
1.639263
1.353872
1.368185
1.368190
1.353622
1.380496
1.376707
1.362374
1.352384
1.314250
1.606324
1.326788
1.338023
1.327246
1.331450
1.335100
1.327187
1.645065
1.336080
1.657996
1.984557
1.653170
1.320891
1.631908
1.598984
1.315491
1.320376
1.324011
1.364575
1.334580
1.352166
1.641323
1.354129
1.357053
1.366966
1.338010
1.315651
1.335450
1.338922
1.313618
1.307630
1.635713
1.316544
1.319806
1.311808
1.310308
1.647827
1.331296
1.336893
1.353138
1.677573
1.343317
1.327420
1.301594
1.304762
1.304553
1.307809
1.293332
1.312997
1.334538
1.326871
1.623539
1.312340
1.320977
1.331969
1.343283
1.345899
1.347659
1.356153
1.337056
1.362054
1.647902
1.323533
1.336123
1.332475
1.333539
1.360220
1.344904
1.360620
1.337546
1.316826
1.648104
1.375218
1.357148
1.371771
1.321933
1.359112
1.326143
1.305616
1.326800
1.333658
1.324026
1.318648
1.637768
1.345546
1.338664
1.330797
1.321742
1.308103
1.326290
1.310155
1.304025
1.313308
1.329973
1.333666
1.639912
1.299064
1.313687
1.321366
1.316606
1.313893
1.331098
1.315045
1.316530
1.332546
1.317097
1.323442
1.621822
1.304330
1.331464
1.309913
1.349860
1.351832
1.311025
1.310420
1.319795
1.301926
1.315443
1.626155
1.359915
1.354735
1.343696
1.357141
1.346404
1.358240
1.327211
1.364977
1.371581
1.351072
1.341665
1.632691
1.318382
1.327436
1.335560
1.370482
1.364257
1.342360
1.317830
1.327307
1.339348
1.328688
1.330919
1.617553
1.294744
1.302078
1.333158
1.319420
1.338235
1.615465
1.301362
1.313221
1.619977
1.967466
1.646396
1.314611
1.315638
1.319728
1.314517
1.627966
1.364025
1.699257
1.364845
1.648045
1.662788
1.949157
1.610863
1.634497
1.628202
1.643857
1.625380
1.615360
1.691542
1.669621
1.670445
1.644636
1.628919
1.964044
1.625789
1.626540
1.622050
1.655575
1.676627
1.620896
1.360932
1.669874
1.355898
1.304531
1.341531
1.666362
1.318526
1.335030
1.327803
1.304327
1.331569
1.338889
1.309531
1.325978
1.348039
1.337363
1.321314
1.641930
1.314059
1.328459
1.358914
1.318122
1.310804
1.321205
1.302933
1.301726
1.309214
1.612565
1.310017
1.600297
1.301968
1.299695
1.331215
1.308269
1.308330
1.322009
1.326698
1.319486
1.312809
1.330780
1.326921
1.650138
1.343116
1.333041
1.330627
1.327934
1.323891
1.340246
1.352248
1.402224
1.344227
1.306873
1.619286
1.314228
1.319627
1.308759
1.336635
1.324546
1.367370
1.338253
1.352283
1.317923
1.312040
1.590832
1.332333
1.328398
1.322177
1.335326
1.326376
1.331848
1.345685
1.296936
1.320269
1.357869
1.322269
1.669920
1.345586
1.331680
1.337621
1.353663
1.349429
1.328957
1.017169
1.318436
1.356566
1.382220
1.343049
1.661893
1.321565
1.327276
1.335412
1.349173
1.341769
1.342986
1.346373
1.331873
1.332166
1.304003
1.297200
1.625599
1.322556
1.324187
1.329591
1.301030
1.307104
1.312678
0.999877
1.353551
1.323235
1.339545
1.327706
1.645186
1.323681
1.328827
1.322437
1.326154
1.330816
1.312701
0.995847
1.304933
1.321335
1.314917
1.309376
1.629506
1.329725
1.334215
1.385859
1.306452
1.328270
1.335490
1.317221
1.328842
1.352017
1.625318
1.320349
1.641444
1.320146
1.362168
1.325626
1.337978
1.353690
1.395848
1.354822
1.367440
1.034085
1.348167
1.361003
1.651068
1.328244
1.338714
1.360698
1.369155
1.364507
1.384133
1.378955
1.377129
1.041165
1.348509
1.038865
1.673132
1.342711
1.358895
1.352048
1.356940
1.035719
1.394979
1.048752
1.378728
1.042543
1.342462
1.346133
1.673681
1.349604
1.352978
1.385205
1.371235
1.376825
1.373722
1.064766
1.365812
1.063329
1.368041
1.045894
1.662752
1.321928
1.315266
1.328909
1.336000
1.016472
1.334289
1.034051
1.321041
1.025296
1.330927
1.009344
1.614653
1.312121
1.326339
1.319879
1.294214
1.003414
1.305651
1.010177
1.314943
1.025504
1.324237
1.003505
1.635379
1.305288
1.298549
1.326734
1.337608
1.010082
1.338942
1.028621
1.338006
1.046417
1.375647
1.009049
1.600804
1.298001
1.309957
1.015217
1.327290
1.004846
1.321240
1.008550
1.306768
1.632203
1.331888
1.330641
1.637450
1.327722
1.332171
1.312335
1.318588
1.035325
1.348590
1.027962
1.341120
1.039342
1.353070
1.047670
1.700631
1.319645
1.327705
1.315446
1.308923
1.338064
1.338066
1.352297
1.360182
1.372045
1.353580
1.361520
1.652243
1.321806
1.328076
1.340675
1.350641
1.349513
1.333784
1.342448
1.335167
1.318002
1.309290
1.314001
1.629193
1.323363
1.312204
1.309860
1.321638
1.362131
1.347141
1.358637
1.325855
1.329045
1.336927
1.015887
1.629440
1.330566
1.316272
1.300831
1.316156
1.312248
1.362387
1.335282
1.306289
1.315623
1.306717
1.326813
1.640748
1.333449
1.351397
1.340477
1.349489
1.327216
1.318202
1.387775
1.347680
1.032817
1.323072
1.030840
1.653513
1.386614
1.346517
1.341551
1.336190
1.024515
1.365220
1.049196
1.346797
1.047092
1.360583
1.032717
1.659086
1.339299
1.334473
1.331626
1.352630
1.036069
1.337712
1.331511
1.329426
1.031500
1.352453
1.043377
1.680170
1.355595
1.364004
1.363469
1.347231
1.016956
1.322108
1.006999
1.306947
1.019101
1.339885
1.323224
1.632240
1.350713
1.333004
1.323720
1.304399
1.316092
1.303937
1.325309
1.305794
1.335472
1.366941
1.013733
1.623370
1.285312
1.290709
1.317145
1.313551
1.011584
1.326626
1.014475
1.321843
1.322494
1.350682
1.368652
1.685671
1.312583
1.317250
1.320433
1.337219
1.327430
1.318139
1.316963
1.334848
1.042693
1.328164
1.010243
1.626463
1.299037
1.329977
1.319409
1.308930
1.021901
1.343181
1.322280
1.319512
1.340642
1.305834
1.315672
1.664758
1.346211
1.363633
1.344509
1.308713
1.323503
1.334192
1.342921
1.338604
1.023150
1.348696
1.024002
1.677224
1.388515
1.358676
1.361257
1.354735
1.353542
1.335280
1.289481
1.306007
1.340682
1.348633
1.351410
1.684551
1.360135
1.324143
1.317948
1.324165
1.329160
1.306244
1.291294
1.292892
1.302215
1.297467
1.318262
1.636266
1.321025
1.342868
1.334182
1.333287
1.314739
1.319387
1.314325
1.314197
1.336447
1.313147
1.337001
1.641361
1.345672
1.332560
1.324086
1.319348
1.331797
1.319135
1.314247
1.322797
1.321690
1.315396
1.311783
1.639435
1.308286
1.329238
1.392278
1.373745
1.382489
1.296127
1.309209
1.332270
1.290781
1.322947
1.305588
1.628608
1.341446
1.321674
1.330876
1.331714
1.336062
1.354457
1.342398
1.352658
1.361627
1.343540
1.033942
1.636312
1.339738
1.338710
1.356401
1.323885
1.331648
1.357459
1.356060
1.348056
1.329483
1.323498
1.317527
1.621349
1.293192
1.308085
1.303911
1.315520
1.331315
1.347678
1.347554
1.312924
1.325215
1.340217
1.322087
1.613258
1.307004
1.330403
1.332110
1.319061
1.343423
1.356673
1.360614
1.361711
1.360474
1.380106
1.363894
1.668367
1.332154
1.307842
1.311933
1.309565
1.316809
1.334760
1.332445
1.324228
1.316154
1.328045
1.343322
1.651733
1.339929
1.320614
1.306882
1.317293
1.289184
1.308501
1.302828
1.308252
1.313540
1.673636
1.325573
1.668546
1.345489
1.338908
1.355278
1.320126
1.347380
1.344264
1.348140
1.370505
1.347052
1.355741
1.348900
1.671104
1.325553
1.301461
1.309430
1.326299
1.324140
1.345387
1.333789
1.334929
1.328216
1.323967
1.375099
1.624545
1.324624
1.316913
1.328398
1.324170
1.349485
1.324296
1.305180
1.636763
1.346381
1.699339
1.360373
1.623542
1.310462
1.327644
1.310588
1.332483
1.345484
1.333680
1.348093
1.345937
1.337537
1.336001
1.380928
2.007856
1.369826
1.339046
1.337930
1.673708
1.357758
1.670834
1.343549
1.330755
1.322386
1.651029
1.349143
1.977047
1.648842
1.356104
1.339121
1.637150
1.321243
1.641443
1.353091
1.669245
1.321274
1.604911
1.324430
1.956446
1.335879
1.321781
1.323189
1.652759
1.342272
1.636877
1.342827
1.624029
1.301405
1.306022
1.326895
1.651027
1.326332
1.296939
1.312651
1.375435
1.366165
1.361235
1.312604
1.325063
1.326890
1.311980
1.313931
1.619039
1.295070
1.299549
1.319005
1.341417
1.336043
1.331691
1.294213
1.303131
1.331124
1.343243
1.329305
1.645532
1.304441
1.316057
1.326693
1.333119
1.325538
1.317776
1.319252
1.338477
1.341579
1.311478
1.311729
1.927953
1.306610
1.313744
1.321583
1.328434
1.308394
1.337032
1.314416
1.317302
1.329502
1.316878
1.326158
1.961661
1.664916
1.329813
1.339633
1.362915
1.339396
1.323033
1.325171
1.316082
1.316876
1.696332
1.314927
1.963283
1.656313
1.335694
1.332522
1.660599
1.355297
1.661555
1.320328
1.634794
1.342786
1.333517
1.369117
1.657314
1.310516
1.317878
1.309456
1.297612
1.334120
1.303912
1.311997
1.305090
1.298425
1.312526
1.304639
1.611827
1.311927
1.329703
1.307958
1.311454
1.303746
1.310710
1.325750
1.316937
1.338059
1.346293
1.360389
1.642931
1.360998
1.379511
1.356033
1.359747
1.362297
1.354365
1.363336
1.358090
1.327763
1.347837
1.931469
1.297351
1.294942
1.327770
1.330810
1.325055
1.325575
1.327584
1.305506
1.338238
1.321450
1.321963
1.643542
1.338554
1.319142
1.336246
1.322282
1.326298
1.343787
1.315112
1.377622
1.325759
1.337428
1.324506
1.991221
1.685635
1.361775
1.668293
1.686985
1.313266
1.635171
1.326389
1.621803
1.325917
1.617936
1.311353
1.928321
1.614685
1.317079
1.331684
1.619977
1.302678
1.648220
1.360941
1.653305
1.315132
1.624096
1.359009
2.000553
1.694892
1.325674
1.342809
1.634997
1.335768
1.640607
1.318288
1.643972
1.316910
1.645115
1.343177
2.035511
1.637226
1.627284
1.625035
1.622414
1.328817
1.635982
1.328803
1.615954
1.334062
1.334544
1.314589
1.928318
1.346811
1.359058
1.361837
1.322751
1.319299
1.316539
1.323112
1.302183
1.321443
1.635429
1.944182
1.617194
1.327587
1.312796
1.314019
1.306187
1.312217
1.337873
1.342030
1.348322
1.346523
1.332766
1.969454
1.332977
1.375580
1.332686
1.334124
1.375978
1.351219
1.307009
1.328235
1.323449
1.338110
1.313793
1.935690
1.327964
1.309296
1.345076
1.322223
1.347836
1.322731
1.307702
1.310150
1.318623
1.324294
1.334976
1.643607
1.326737
1.325686
1.312247
1.307673
1.310705
1.334208
1.336877
1.330569
1.338043
1.347301
1.324977
1.934010
1.631378
1.343699
1.363955
1.325689
1.329949
1.324353
1.330556
1.361061
1.634429
2.887842
4.467374
3.881762
3.175190
3.499451
2.872428
3.164317
2.512023
2.807667
2.219318
2.203605
1.858294
2.489020
1.872677
2.205248
1.889512
1.897179
2.242262
2.216900
1.886682
1.878296
1.883537
2.187413
2.194725
0.718898
2.205423
1.148473
1.888406
1.670013
3.126661
2.632646
1.024768
1.042495
1.033546
1.022790
1.013932
1.040265
1.663503
1.326102
1.331640
1.344492
1.337789
1.328362
1.347486
1.347521
1.345365
1.368315
1.352979
1.341032
1.660652
1.344255
1.351154
1.334759
1.349953
1.361205
1.324567
1.351108
1.330142
1.375547
1.355365
1.357620
1.651789
1.339207
1.350500
1.355524
1.363214
1.343964
1.316147
1.340605
1.328913
1.342591
1.348305
1.025175
1.639134
1.334542
1.341584
1.312206
1.309102
1.335552
1.316847
1.355938
1.347248
1.352354
1.342253
1.348033
1.984340
1.661826
1.330889
1.312176
1.315618
1.317485
1.314525
1.328453
1.336827
1.334111
1.319415
1.322959
1.919565
1.609843
1.309689
1.317736
1.317536
1.318467
1.304741
1.328696
1.319306
1.334064
1.315412
1.317158
1.644278
1.349949
1.359978
1.354314
1.311574
1.327557
1.319822
1.333928
1.334384
1.330571
1.303927
1.310145
1.627166
1.311394
1.315096
1.337097
1.364107
1.349004
1.344134
1.328670
1.315490
1.321938
1.309535
1.322511
1.608099
1.291440
1.305567
1.313614
1.312597
1.298011
1.326416
1.324551
1.322964
1.316631
1.311902
1.302501
1.634045
1.328194
1.328928
1.340925
1.325582
1.312825
1.318333
1.302177
1.322222
1.334168
1.332985
1.639389
1.324715
1.316211
1.307729
1.324138
1.321580
1.314077
1.331218
1.316839
1.306175
1.618198
1.307690
1.308019
1.298042
1.017926
1.337912
1.301453
1.302739
1.321035
1.631503
1.342787
1.333628
1.326221
1.319156
1.339885
1.338936
1.325405
1.645342
1.344527
1.331018
1.324987
1.327893
1.329711
1.342926
1.346243
1.337938
1.331811
1.618147
1.010863
1.351945
1.347743
1.335114
1.338724
1.311251
1.325272
1.317562
1.636945
1.005680
1.319767
1.308687
1.642908
1.320734
1.642120
1.341303
1.620348
1.313354
1.648333
4.379371
3.851697
3.892879
3.798086
3.816417
4.147326
4.125794
4.115383
3.798388
1.615070
4.430376
3.855605
1.640807
1.319529
1.024783
1.337816
1.960467
1.328656
1.632214
1.317740
1.004742
1.009620
1.435239
1.760333
3.844722
1.299790
1.005746
1.005864
1.003969
1.312955
1.339879
1.351844
5.946168
4.200765
3.107913
3.083311
2.669396
3.285356
3.185785
3.196062
2.391200
3.608907
3.661822
3.025893
1.875063
2.400177
1.552113
2.379068
2.077047
2.384407
2.373106
3.517432
2.689498
2.676518
2.393686
2.376869
1.540841
2.362178
2.982889
2.994278
2.080524
2.748486
2.404203
1.874043
2.409861
2.734984
2.743097
2.709442
2.101414
2.425844
2.406485
1.776630
2.426543
2.416826
2.102719
2.429269
2.739045
2.406858
1.564386
2.703008
2.428343
2.424153
1.537220
2.924214
2.743319
2.428137
2.465675
1.563760
2.108853
2.417038
2.397429
2.965150
2.683822
2.971327
2.677263
2.875958
2.871513
2.377566
3.304415
2.660509
2.387880
2.384351
2.577596
4.196155
2.265879
2.355638
2.270469
2.091071
3.274206
3.162905
2.550261
1.536820
1.013633
4.715785
3.190622
3.003354
1.531162
2.590719
2.367309
2.958180
2.567165
4.294756
3.536505
3.220410
2.964596
4.308174
2.680852
2.984059
0.390667
3.046872
2.674584
2.369630
2.680507
1.872847
2.177797
1.867000
0.705632
1.024316
1.045852
5.764615
3.892202
3.072726
2.987934
3.111977
3.888307
2.372269
1.861095
2.098054
1.877224
2.797790
3.191025
2.365762
3.215141
2.789262
2.479941
2.056003
2.138361
2.049255
1.848349
3.198628
2.058546
2.164062
2.806477
2.490077
2.067921
2.213079
2.078000
3.122054
1.546081
5.393496
2.473210
2.504621
2.185597
2.486907
1.860819
2.693184
2.448834
3.050070
1.338157
0.711865
1.015328
4.160060
1.986922
1.352625
1.368381
2.013579
2.015886
1.689562
2.222707
1.918618
1.646696
1.654854
2.874731
2.235797
1.607655
1.626156
1.628684
1.318212
1.016518
1.042871
1.396193
1.028551
1.305840
0.998760
1.315843
1.644494
1.309684
1.310956
1.023400
1.332376
1.010233
1.345483
1.002937
1.340090
1.338904
1.324993
1.320984
1.003485
1.323206
1.334875
1.329484
1.306390
1.306745
1.300494
1.308647
1.001260
1.630037
1.328232
1.326387
1.016902
1.334261
1.306981
1.036401
1.304793
1.352301
1.003300
1.614957
1.299418
1.292981
1.001317
1.314262
1.313950
1.316306
1.628740
1.625028
1.332492
1.345011
1.031514
1.329647
1.311559
1.337019
1.338200
1.364839
1.345372
1.661810
1.350059
1.340680
1.027018
1.346010
1.314261
1.314005
1.335725
1.337440
1.637279
1.337144
1.341140
1.029212
1.328796
1.312513
1.305891
1.351139
1.360852
1.395505
1.657476
1.330394
1.341712
1.313379
1.319149
1.307130
1.289812
1.286592
1.334632
1.346824
1.996422
1.637154
1.319957
1.365311
1.684704
1.355230
1.351725
1.347601
1.335721
1.644181
1.964942
1.673718
1.375468
1.369635
1.955450
1.315328
1.947532
1.343163
1.636204
1.936500
1.921233
1.928329
1.938883
2.225164
1.620286
1.921877
1.325211
1.621701
2.265390
1.962129
2.601035
1.668483
2.245986
2.568078
1.933420
2.521603
1.318485
2.232275
3.112989
3.164436
3.801530
3.830069
4.246892
3.845606
4.466887
3.539967
5.132497
5.150990
2.304065
4.601562
2.276569
4.612591
4.922060
4.527874
4.194404
1.465146
3.875534
1.653544
4.101241
4.087212
3.800369
4.735937
3.566172
4.089843
4.128096
3.760692
4.392379
3.772677
4.079720
4.089941
3.798503
4.106486
3.789828
4.124491
4.138547
3.779817
4.437692
3.809960
0.999363
3.737918
3.380088
3.078472
3.051746
3.427306
4.646839
3.385094
3.688023
3.684869
3.382016
3.401248
3.083027
3.095217
3.421584
3.953256
3.716285
3.408111
3.402378
3.402508
3.720178
3.449653
3.751814
3.052360
3.144278
4.095155
4.592083
3.799072
3.074417
3.485554
3.802443
3.356428
2.779697
3.369288
2.759576
3.040342
3.675692
3.663501
3.815692
3.108103
3.400738
3.662784
3.060435
3.386653
3.098054
3.081176
2.504620
3.406704
3.095579
2.796509
2.465060
2.179973
1.963852
0.996486
1.306135
0.992788
1.319205
1.311567
1.331789
1.679764
1.337638
1.323198
1.323305
1.335473
1.325268
1.329909
1.340933
1.332026
1.366614
1.334982
1.347764
1.927781
1.615719
1.330791
1.323353
1.334863
1.313651
1.308376
1.307612
1.327947
1.308724
1.321896
1.923068
1.631472
1.317212
1.304121
1.608199
1.308885
1.599971
1.627912
1.637019
1.633336
1.625411
1.909656
1.633987
1.593037
1.610780
1.618794
1.303197
1.650311
1.301239
1.624347
1.328750
1.329073
1.324715
1.956320
1.631188
1.630779
1.935355
1.631778
1.978668
1.639648
1.646350
1.638218
1.640337
1.317500
1.923305
1.673191
1.650606
1.647198
1.625486
1.336723
1.313385
1.340126
1.355023
1.366932
1.367661
1.383268
1.699265
1.352883
1.360957
1.333175
1.354191
1.343256
1.615979
1.655294
1.321976
1.323132
1.322124
1.939280
1.632762
1.640469
1.314956
1.375168
1.336682
1.326119
1.328806
1.353887
1.333320
1.335745
1.326004
1.958088
1.349945
1.637441
1.643399
1.307474
1.600494
1.622731
1.641880
1.315240
1.626545
1.333083
1.944838
1.643272
1.635735
1.625659
1.651063
1.321764
1.639094
1.338349
1.634838
1.325752
1.651806
1.323717
1.945480
1.645505
1.631140
1.938727
1.616993
1.926843
1.645622
1.641936
1.325266
1.623661
1.311998
1.899015
1.614070
1.622754
1.309476
1.322250
1.366399
1.650949
1.330722
1.339459
1.359307
1.361921
1.324723
1.632165
1.334971
1.634956
1.311666
1.321388
1.333369
1.645819
1.317885
1.613992
1.296911
1.613289
1.300971
1.923163
1.661407
1.676752
1.329336
1.621451
1.349708
1.655463
1.337795
1.373148
1.321264
1.323788
1.319979
1.606223
1.328047
1.647061
1.327200
1.315147
1.327096
1.620661
1.324962
1.614528
1.315126
1.619857
1.327776
1.923529
1.649073
1.636088
1.350583
1.646356
1.310178
1.631733
1.333607
1.635330
1.328333
1.669871
1.340845
1.940437
1.632087
1.968122
1.638082
1.952622
1.320835
1.644692
1.323961
1.653959
1.331769
1.312241
1.928535
1.641093
1.936024
1.632372
1.935387
1.928962
1.346682
1.637905
1.311373
1.307306
1.310653
1.653788
1.343501
1.329496
1.349199
1.360099
1.340163
1.308776
1.303870
1.327689
1.325809
1.326624
1.309654
1.622114
1.315301
1.296396
1.313642
1.338144
1.316718
1.325222
1.360844
1.346565
1.025145
1.339264
1.639352
1.332528
1.328903
1.330579
1.324535
1.012780
1.326466
1.005414
1.648963
1.924110
1.602945
1.610101
1.336768
1.321049
1.025620
1.343734
1.333203
1.639543
1.930353
1.638391
1.640301
1.637731
1.319660
1.320322
1.311817
1.608582
1.314442
1.652606
1.360754
1.337549
1.353691
1.373317
1.337652
1.338850
1.605196
1.923348
1.989530
1.652709
1.633098
1.313750
1.324177
1.302642
1.632726
1.328846
1.635394
1.341383
1.343509
1.322058
1.326336
1.306942
1.332736
1.348611
1.338526
1.325159
1.658127
1.313399
3.443411
6.439374
1.535766
2.780901
2.779520
2.686455
2.507604
3.214662
2.201222
2.829579
2.192104
3.466904
2.450557
2.555091
2.150144
1.886502
3.082502
3.137476
1.019453
1.335657
1.344948
1.323693
1.041042
1.366824
1.062519
1.310075
1.321873
1.330016
1.310613
1.630060
1.305869
1.303821
1.317248
1.644435
1.337596
1.323340
1.335144
1.660092
1.356829
1.333769
1.355886
1.336798
1.320019
1.307136
1.007870
1.335943
1.655828
1.349442
1.325765
1.337562
1.340697
1.335177
1.332397
1.021728
1.325305
1.628892
1.325964
1.331890
1.314888
1.342639
1.323087
1.352053
1.332641
1.305303
1.632700
1.617609
1.310295
1.323714
1.009813
1.003431
1.312373
1.712243
1.352694
1.027134
1.050272
1.326632
1.333945
1.654952
1.308414
1.626065
1.320925
0.980824
1.020291
1.327163
1.319792
1.624690
1.337904
1.665109
1.357609
1.020651
1.317615
0.996104
1.366831
1.354381
1.356235
1.062638
1.345741
1.679581
1.419452
1.383617
1.031912
1.363724
1.361329
1.351964
1.425728
1.367787
1.351173
1.666923
1.340407
1.351151
1.362822
1.340836
1.375139
1.371956
1.665060
1.362463
1.675502
1.363140
1.358308
1.350300
1.356435
1.376331
1.351060
1.344487
1.361904
1.012208
1.323796
1.022302
1.685284
1.378137
1.362220
1.359028
1.367652
1.347745
1.336084
1.030166
1.353490
1.044113
1.346151
1.357114
1.618661
1.321474
1.335884
1.331448
1.014371
1.354701
1.339881
1.337922
1.344255
1.307658
1.331763
1.376688
1.684920
1.298763
1.314006
1.347894
1.369189
1.332993
1.326566
1.321698
1.331667
1.334971
1.639927
1.690771
2.019784
1.654152
1.642709
1.355386
1.329304
1.336913
1.330430
1.386456
1.362137
1.671387
1.643033
1.680208
1.655825
1.333073
1.356028
1.336982
1.338661
1.339905
1.352533
1.347219
1.352396
1.346999
1.357353
1.334358
1.674323
1.354966
1.337062
1.336193
1.336860
1.325982
1.326028
1.017362
1.326225
1.024538
1.363780
1.359366
1.654450
1.363985
1.041154
1.325982
1.031258
1.346168
1.372744
1.363867
1.372416
1.348073
1.363592
1.369273
1.635958
1.325035
1.335566
1.345322
1.361887
1.349672
1.355082
1.034218
1.351890
1.017817
1.327575
1.019486
1.336782
1.325917
1.038902
1.340672
1.032382
1.349611
1.034919
1.019899
1.358916
1.035865
1.337997
1.023412
1.331828
1.316690
1.317604
1.008464
1.019933
1.012578
1.005269
1.051444
1.038524
1.307220
1.010446
1.312710
1.665815
1.323661
1.017227
1.347515
1.008716
1.337670
1.013866
0.992276
0.987426
1.014888
1.023598
1.000518
1.321788
1.006792
1.015668
1.025209
1.016092
1.030359
1.030419
1.004505
0.999413
1.002260
0.997465
1.334728
1.339610
1.328641
1.016695
1.330331
1.329862
1.327259
1.314124
1.316101
1.321419
1.355054
1.382805
1.316314
1.326231
1.017813
1.293167
1.019519
1.020392
1.000965
1.003966
1.019309
1.008648
0.998046
0.989434
1.325528
1.008310
1.010393
1.011796
1.039380
1.032406
1.023704
1.012878
1.004884
1.021318
1.016247
1.010162
1.336593
1.013996
1.003962
1.010304
1.025839
1.012966
1.024133
1.017446
1.008584
1.002261
1.033291
1.005985
1.358933
1.345974
1.030671
1.046392
1.154881
1.076906
1.012810
1.046520
1.017197
1.015329
1.030553
1.033381
1.332820
1.018148
1.023118
1.010687
1.026969
1.005081
1.019926
1.029303
1.020777
1.014043
1.024811
0.994697
1.310386
1.305314
1.040922
1.037753
1.053795
1.030600
1.005007
1.033162
1.042670
1.036865
1.031737
1.365850
1.051828
1.342402
1.008193
1.011856
1.055396
1.021514
1.031454
1.037309
1.036975
1.351854
1.030426
1.047359
1.040637
1.024442
1.042322
1.031188
1.045810
1.035154
1.070481
1.042567
1.004881
1.332143
1.006470
1.024615
1.034894
1.021263
1.032567
1.029843
1.006544
1.005597
1.032898
1.005693
0.992891
1.293344
1.003138
0.994778
1.004754
1.029650
1.024096
1.042579
1.037763
1.026413
1.043829
1.034720
1.037285
1.374440
1.049403
1.040441
1.070181
1.050214
1.023474
1.023927
1.031177
1.030496
1.004057
1.022521
1.029306
1.339184
1.035121
1.018682
1.018897
1.006596
1.044661
1.012232
1.017870
1.016432
1.010319
1.032155
1.027795
1.348352
1.049016
1.035563
1.013491
1.004343
1.008208
1.032315
1.016509
1.022747
1.026584
1.057202
1.034688
1.335654
1.016258
1.029281
1.018638
1.028387
1.037695
1.038198
1.033787
1.040365
1.049044
1.018668
1.011263
1.332488
1.022283
1.038147
1.032645
1.037015
1.041110
1.006677
1.016676
1.001488
1.009924
1.006731
0.997887
1.310514
1.008333
1.013188
1.020764
1.015580
1.014683
1.008966
1.012601
1.005253
1.006235
1.029652
1.021340
1.336747
1.037447
1.030716
1.020103
1.076457
1.020229
1.000666
0.995198
1.012096
1.023229
1.025881
1.335225
1.027039
1.000474
0.999200
1.011414
1.003966
1.013179
1.007615
0.999376
1.010204
1.004271
1.035793
1.311759
1.024852
1.011919
1.018522
1.016724
1.014811
1.016584
1.028764
1.031578
1.015091
1.010836
1.313487
1.317084
0.999826
1.001042
1.036328
1.028807
1.020991
1.024353
1.013717
0.996814
1.020933
1.017786
1.335341
1.009775
0.990878
1.010607
1.016582
1.017628
1.004755
1.025913
1.026119
1.020504
1.036146
1.043478
1.321822
1.043582
1.046163
1.012016
1.005235
1.014011
1.025630
1.016141
1.005670
1.016462
0.994762
1.003741
1.317266
0.992684
1.006481
1.037821
1.033599
1.033917
1.034514
1.027298
1.014872
1.029094
1.019774
1.014663
1.318280
1.016932
1.029374
1.018127
1.015973
1.014826
1.025255
1.022257
1.029766
1.024095
1.055304
1.045095
1.345808
1.023206
1.033512
1.057897
1.112316
1.030954
1.011787
1.009034
1.017907
1.011158
1.008013
1.015090
1.313884
1.030377
1.022918
1.036628
1.076290
1.007361
1.020350
1.057098
1.017822
1.011559
1.024031
0.999711
1.324019
1.007721
1.038293
1.041296
1.034910
1.036892
1.037651
1.029997
1.035836
1.042392
1.040098
1.028897
1.325334
1.014879
1.015153
1.021005
1.023753
1.048105
1.027013
1.005739
0.999859
0.999811
1.022388
1.335845
1.010708
1.037309
1.021003
1.012819
1.017109
1.010466
1.014353
1.014489
1.020839
1.024837
1.019223
1.337631
1.010400
1.028180
1.012795
1.002105
1.017019
1.060519
1.000558
1.020090
1.026070
1.033694
1.367216
1.048622
1.046983
1.011489
0.991426
1.006403
0.998549
1.004214
1.013639
1.011386
1.006856
1.309259
1.010107
1.017981
1.309474
1.309450
1.599743
1.614248
1.635737
1.630743
1.316287
1.336468
1.341752
1.306084
1.324459
1.319496
1.340805
1.346577
1.352419
1.013475
1.014648
1.040830
1.018034
1.022467
1.312217
1.020942
1.016673
1.012172
1.318943
1.015320
1.014310
1.004046
1.015829
1.018565
1.332530
1.023544
1.035614
1.037633
1.028225
1.031987
1.016334
1.006424
1.023855
1.012482
1.028698
1.042552
1.353054
1.042017
1.017537
1.023936
1.021406
1.008834
1.005308
1.315125
1.313671
1.332132
1.319909
1.321893
1.339672
1.328799
1.323637
1.344225
1.310842
1.607359
1.653456
1.639445
1.326948
0.992794
0.995473
0.996131
1.012940
1.049479
1.049287
1.041221
1.039622
1.015392
1.338971
1.054309
1.029126
1.008335
1.021993
1.039521
1.029541
1.025526
1.022045
1.345327
1.018661
1.030118
1.011475
1.003209
0.998911
1.026197
1.343637
1.017677
1.001187
1.004189
1.003761
1.026443
1.000197
0.991043
1.028054
1.029488
1.034283
1.029475
1.011708
1.002061
1.013553
1.002552
1.014667
1.008860
0.999778
1.000683
1.003029
0.993871
0.998487
1.021956
0.994461
1.006853
1.049768
1.026204
1.012251
1.007959
0.997438
1.001169
1.016740
1.029689
1.030824
1.023553
1.020429
1.026287
1.029766
1.340733
1.021041
1.016591
1.007320
1.009919
1.008237
1.004805
1.015790
1.013776
1.017700
1.017166
1.336421
1.010917
1.016771
1.018039
1.023808
1.016760
1.005865
0.993850
0.990465
0.991567
0.990828
1.006895
1.004048
1.005066
1.010502
1.027925
1.032266
1.029386
1.010214
1.006025
1.006654
1.017028
1.010920
1.003355
1.030682
1.027284
1.357172
1.038331
1.017485
1.318539
0.999341
1.347596
1.005659
1.017320
1.018045
1.007737
1.038282
1.335121
1.024727
1.017682
1.020384
1.018318
1.333717
1.317958
1.026876
1.359702
1.029200
1.362249
1.021389
1.334906
1.012343
1.326169
1.325130
1.308101
1.300559
1.307923
1.324527
1.014924
1.014844
1.008692
1.014821
1.013812
1.013858
1.009173
1.007458
1.003697
0.996338
1.027030
1.030930
1.057470
1.059702
1.077461
1.067049
1.042881
1.035054
1.015458
1.022281
1.027582
1.024385
1.015088
1.021349
1.027150
1.358484
1.031238
0.999155
1.000723
6.016662
3.087989
3.078552
1.870770
1.536306
2.174031
1.554013
1.917874
1.591331
1.582052
1.227188
2.975540
2.751558
2.159710
3.248455
2.207743
2.734545
0.826825
2.190896
1.881111
1.573991
1.886078
0.709386
0.704192
0.712341
0.989900
1.006025
1.035246
1.010853
0.998796
1.000764
1.005548
1.018431
1.032520
1.021222
1.041501
1.026602
1.007456
0.703881
1.039638
1.015180
1.000294
1.011243
1.011282
1.022401
1.028283
1.028546
1.029666
1.008450
1.010699
1.013125
1.313814
1.319556
1.322428
1.322039
1.315998
1.377982
1.328011
1.343279
1.335507
1.319645
1.368758
1.366286
1.362889
1.638788
1.664039
1.652628
1.658743
1.631046
1.616218
1.634500
1.628313
1.635503
1.619522
1.600906
1.601020
1.613494
1.631464
1.634359
1.617788
1.313343
1.318614
1.331828
1.308729
1.347982
1.328891
1.355946
1.328279
1.325533
1.315982
1.345577
1.029415
1.356126
1.039361
1.310947
1.010527
1.939219
1.019818
1.347953
1.332835
1.325751
1.336253
1.333328
1.022560
1.034101
1.006964
1.010250
1.008655
1.019445
1.004112
1.002683
1.005985
0.996436
1.016273
1.626413
1.328795
1.306841
1.332689
2.000323
1.922658
1.606824
1.605487
1.620471
1.304513
1.305628
1.319044
0.998068
1.012813
1.035279
1.317022
1.013365
1.340552
1.335131
1.338825
1.348865
1.344859
1.043938
1.021855
1.005715
1.011908
1.048007
1.022664
0.998026
1.302568
0.997521
1.339886
1.358002
1.053505
1.333459
1.015304
1.058580
1.072109
1.412426
1.347479
1.047829
1.700230
1.693908
1.652062
1.311049
1.309018
1.008184
1.647367
1.648702
1.354550
1.712141
1.673686
1.641764
1.687946
1.350764
1.036205
1.373477
1.349163
1.345540
1.028055
1.665467
1.357455
1.356077
1.351909
1.042773
1.356372
1.339184
1.672471
1.032120
1.642900
1.346041
1.035153
1.663126
1.038317
1.675073
1.335026
1.038343
1.635398
1.332762
1.306977
1.028982
1.317698
1.017254
1.005337
1.639588
1.628917
1.626662
1.616440
1.931966
1.639830
1.631498
1.687626
1.318829
1.331773
1.313031
1.325788
1.949426
1.667609
1.028973
2.281200
2.505777
1.632350
1.942781
1.334304
1.314226
1.321375
1.311441
1.318688
1.323350
1.632308
2.571010
1.619654
1.930797
1.612208
1.934069
1.302908
1.642980
1.974987
1.622383
2.233035
2.570610
1.316319
1.308072
1.307595
1.301365
1.328513
1.339027
1.635610
1.028116
1.310583
1.630827
1.673877
1.624918
1.628484
1.602338
1.595152
1.309860
1.308048
1.318139
1.319305
1.312515
1.336365
1.323806
1.325056
1.024353
1.303422
1.000549
1.300342
1.310003
1.660558
1.359973
1.340403
1.319051
1.315039
1.329653
1.326594
1.324407
1.367223
1.344267
1.331658
1.351086
1.017700
1.017089
1.016883
1.304441
0.996767
1.016920
1.016586
1.020267
1.021834
1.034147
1.008029
1.001880
1.009126
1.002971
1.319778
1.010335
1.365404
1.016109
1.040409
1.022163
0.695600
1.006281
1.007083
1.001489
1.001360
1.312506
1.039940
1.024211
1.034740
1.027767
1.019731
0.996676
1.014858
1.014081
1.005022
1.012531
0.710879
1.334730
1.301947
1.322027
1.336169
1.354809
1.631675
1.623112
1.594365
1.623234
1.601530
1.625058
1.617629
1.330246
1.648911
1.621718
1.626709
1.319998
1.317330
1.326576
1.322936
1.300193
1.316251
1.316235
1.308325
1.338763
1.017286
1.009881
1.008856
1.308906
1.004426
1.004413
1.007380
1.307555
1.022229
1.342928
1.329574
1.356540
1.459085
1.343051
1.337980
1.340879
1.340094
1.028519
1.020252
1.330379
1.364588
1.021398
1.024042
1.034599
0.728283
1.017025
1.015386
1.022353
1.332863
1.009999
1.009206
1.020079
1.038047
1.044150
1.313931
1.029631
1.009220
1.028271
1.013070
1.038662
1.013428
1.012647
1.026605
1.033825
1.018042
0.997722
1.000050
1.010420
1.329573
6.348477
4.081021
3.091435
2.443217
1.842453
2.164849
1.861944
1.849147
3.061458
2.146616
1.854666
1.873628
1.853257
1.842814
1.849416
1.329423
4.606289
3.549686
3.796057
3.074196
2.785645
2.773704
2.155094
2.462208
2.494646
2.509807
2.511918
2.190214
1.862497
1.338225
1.638088
1.031644
1.024972
1.011354
1.000818
1.015567
1.000029
1.319485
1.301966
1.317965
1.362048
1.008010
1.016822
1.009941
1.005731
1.001919
1.017178
1.018902
6.123868
3.079011
3.329060
2.184923
2.767098
3.058752
1.564911
1.573820
4.864249
2.511044
2.503432
2.509827
2.144140
1.844858
2.154800
0.691399
0.717503
0.703924
1.022315
1.026252
1.022531
1.020331
1.037358
1.024155
1.033160
1.031209
1.033991
1.042520
1.042426
1.018800
1.012034
1.317866
1.344144
1.022251
1.037284
1.032110
1.020646
1.334882
1.019067
1.364520
1.041066
1.010331
1.020571
1.310883
1.004559
1.008126
1.010059
1.004376
1.313428
1.306428
1.307814
1.309451
1.363074
1.344981
1.330432
1.330139
1.359670
1.351433
1.028187
1.335903
1.332326
1.343100
1.015612
1.008918
1.304501
1.303180
1.319999
1.007569
1.674281
1.938966
1.939644
1.641855
1.690935
1.623217
1.310165
1.620349
1.632334
1.629169
1.942992
1.949576
2.253718
1.911456
1.921429
2.217600
2.565740
2.249280
2.553290
2.872331
3.773101
3.803429
3.838361
2.589797
2.859959
3.136257
1.653738
1.652214
1.649542
1.341734
1.022286
1.345328
1.038695
1.322332
1.014294
1.614247
1.300129
1.027758
1.329661
0.999069
1.315530
1.323617
1.624499
1.607598
1.609004
1.656756
2.289097
5.601163
2.828611
2.172652
1.333503
1.863511
1.871256
1.868301
3.129154
3.124395
3.106809
3.112779
2.492368
2.789075
2.770113
3.155000
3.170123
1.134062
1.028395
1.010073
1.012840
1.021198
1.936401
5.143703
3.834607
3.123293
3.122849
2.476114
2.159637
1.530202
2.165627
2.778947
2.166926
2.451728
2.462456
2.154397
1.837123
2.157287
2.169832
1.011984
1.334664
1.001634
1.029290
1.028603
1.022134
6.380293
2.565224
4.412075
3.483166
3.417004
3.456947
3.306970
2.685189
3.953115
3.403687
3.093404
3.061149
2.350817
2.772911
2.453785
2.152282
1.854479
2.458615
1.876296
2.766046
2.475103
2.164182
2.167976
1.869642
2.524790
2.204197
2.193390
2.184921
2.562163
1.890063
3.479678
3.890342
3.910857
3.309715
4.104038
3.293108
3.909505
3.039257
4.497812
1.557155
5.303513
4.091523
1.140005
3.900599
3.870680
3.789648
5.484966
3.571578
3.663278
2.689771
3.390268
3.150567
3.080692
2.772762
2.457600
2.162004
3.081320
3.406067
2.779509
2.481204
3.581006
2.139081
2.143728
1.858891
0.389014
3.115336
2.171415
2.179427
2.165277
2.180702
2.157720
1.860397
1.837486
3.111637
2.505336
2.200283
0.826051
2.491140
2.148108
1.547491
2.984837
1.855469
2.155128
1.545031
2.147326
2.165560
1.851942
1.864090
1.848486
2.148190
1.845445
1.875938
2.503445
2.186821
2.150043
2.150120
3.062073
2.484124
2.468168
2.157500
2.164539
1.326717
0.713465
1.644724
3.489909
1.323194
1.325251
1.327638
1.019421
1.986496
2.245275
1.311156
2.526872
2.588814
5.935243
5.945853
5.785054
5.781135
5.703263
5.680171
5.813480
4.160525
4.387901
5.140540
3.829098
4.270233
3.704087
3.012400
3.046798
3.039668
2.796979
2.675834
2.467172
4.086579
3.491316
3.772154
3.432995
3.390836
2.797483
2.486830
2.148643
1.871054
3.117117
2.495301
2.814755
2.766743
3.699136
4.040726
3.779332
2.965109
2.669974
4.271031
5.723438
3.901681
3.884908
4.293281
4.217715
3.276413
3.276050
1.839516
3.979175
1.839903
3.086481
2.467866
5.076721
4.453391
3.368520
2.668309
2.683986
3.094943
2.456783
1.851481
2.166136
2.456869
3.685991
3.334779
3.082387
3.081065
2.753508
2.122171
2.151253
0.700538
1.001736
1.003095
1.315803
1.019045
0.997802
1.334950
1.334798
1.343999
1.323086
1.312837
1.316464
1.321613
1.329864
1.001041
1.323868
1.006848
1.009140
1.333294
1.029025
1.319865
1.346289
1.023672
1.632369
1.336712
1.640972
1.643885
1.333656
1.353552
2.010822
1.365787
1.365423
2.330831
5.293390
3.502711
3.427413
3.108679
2.768988
3.078877
2.480159
2.180799
2.153594
2.787678
1.861349
2.174913
1.851295
1.853347
2.059811
3.428886
2.519103
2.473075
2.468514
1.326169
1.132946
2.899360
1.637440
0.702907
1.043300
1.043455
1.045953
1.029106
1.021986
1.306400
1.644195
1.305258
1.625996
1.327376
1.000142
3.195740
0.996854
1.001643
0.999484
1.295935
1.015343
1.022878
1.437639
1.447669
2.575947
1.004872
1.001471
1.422669
2.620175
2.308348
2.562687
1.336252
1.463227
2.325681
1.018016
2.901683
2.903829
2.593133
1.018210
1.337625
1.345820
2.278385
5.854303
4.520822
2.725769
2.735316
4.614202
5.810938
5.729914
5.741922
5.637501
5.507921
2.750762
3.600641
2.675033
3.742185
5.562638
5.043066
4.830040
4.004902
4.391857
4.131022
3.937146
3.819739
4.386095
3.297188
3.529478
2.698142
3.922161
2.376139
2.366533
4.247597
4.678408
1.563157
5.544422
3.619040
4.065318
2.366639
4.441244
4.216924
3.708360
4.357804
4.532216
2.566493
3.261546
2.578933
2.358489
3.181837
3.174378
2.657187
3.558146
5.715761
3.470051
3.674137
3.476155
2.977632
2.909934
3.421080
2.090098
2.393558
3.263704
3.436897
2.940785
1.764954
3.199549
2.601611
2.357716
3.370509
2.086133
4.932899
2.993316
2.587874
2.056510
2.377997
2.371925
3.218429
2.049117
2.362056
2.588785
2.361055
2.070557
2.368629
2.080135
3.173028
2.277106
3.397943
3.038792
2.602428
2.402140
2.408343
3.510483
3.486784
2.715865
3.237955
2.986942
2.069316
2.900934
2.103253
2.414412
2.082012
2.389117
3.681110
2.354860
2.043251
2.360353
2.048374
2.580065
2.377950
2.380381
2.058162
2.360643
2.350705
2.386209
2.072380
2.362625
3.701458
2.576058
2.501646
2.605309
4.192110
2.454100
2.116330
2.502185
3.798683
2.394786
2.376924
2.072928
2.364983
3.730266
2.373341
2.060872
2.369359
3.711532
2.399090
2.556070
2.337051
2.498028
3.260059
2.910345
3.012668
2.576427
3.523906
4.090310
2.981783
4.209966
3.875057
2.877671
4.349826
1.236194
5.642524
3.415486
3.281726
2.572259
2.522570
4.125231
2.063806
2.362309
2.066704
2.915639
2.682274
4.177257
2.869151
4.730527
2.194316
2.922018
3.007826
4.100079
2.191921
2.703587
3.865082
2.405590
2.096702
3.595166
4.279601
2.723558
4.307419
3.708929
4.000325
2.060005
4.239885
4.307046
2.386639
2.383258
2.092163
2.902761
4.878579
2.092486
3.707077
4.648069
4.150293
2.076654
4.778868
4.715717
5.177123
3.248422
3.984890
2.627253
4.097675
2.709906
2.965263
3.779752
2.426519
2.436804
4.100918
2.608420
2.712920
4.093133
2.398437
2.622518
2.417573
3.794118
2.433645
2.725096
2.396743
4.042890
4.056659
2.408132
3.366907
2.393151
3.594251
2.426036
3.888992
4.830152
4.416296
2.943038
5.328753
3.018243
3.044917
2.408507
2.720233
3.882414
3.374468
3.333595
4.376140
4.276304
3.232084
2.915484
4.913719
5.741232
5.251940
3.405570
3.043699
2.199890
2.771587
2.834605
1.909473
2.740916
3.113841
2.733485
2.505078
2.762458
2.532087
2.844481
2.844153
2.759119
2.815832
3.333047
3.155745
3.441832
3.165624
5.579242
4.065707
3.846601
3.127241
2.494087
3.172675
3.418570
3.432810
3.122963
2.828343
3.115164
3.507446
2.528651
3.152932
3.460613
3.466835
2.544742
2.859126
2.833224
3.125677
5.262348
4.194207
4.477600
3.976687
3.654609
4.542433
5.084918
4.794366
4.592856
4.141512
4.488215
2.713260
3.758304
4.305727
3.985371
3.461553
2.134912
5.137222
3.131579
3.129388
2.697599
3.114310
2.774506
2.482456
2.182467
2.512383
2.168780
2.177341
1.848359
1.842204
3.081194
3.106463
2.780783
2.498700
2.517721
2.479094
2.151784
0.707227
2.171045
1.858207
2.487411
2.776415
2.146457
1.850082
2.174981
0.712221
1.885353
1.894640
3.072669
3.069611
2.762955
2.779003
2.785226
4.031118
2.676627
2.992485
1.314764
3.029911
5.025743
2.999039
2.680510
2.680098
2.670639
2.672040
2.962068
2.651752
2.640453
1.531536
4.348304
2.692536
2.697252
2.377831
2.671282
2.693058
2.664930
2.356613
3.567740
2.708655
2.697340
2.698085
3.699378
4.018029
5.162063
5.037684
3.282417
5.081241
5.712575
4.010886
5.420220
5.199299
2.871225
4.518351
4.219422
3.282743
3.928050
3.315797
2.044898
3.020096
1.853626
2.675670
2.155245
1.866179
1.023811
1.333426
2.279746
3.185192
2.877214
1.330380
1.028161
2.899869
2.579849
2.507548
1.655785
2.897944
2.870909
2.751158
3.157482
1.424128
3.209118
4.672826
3.920301
4.459188
4.366979
2.691440
1.545484
2.977019
2.987706
2.673872
2.667851
3.335856
2.389100
3.881438
1.537819
4.008172
2.351767
3.290633
3.891071
2.961404
2.979139
2.999865
4.348487
4.569889
3.723485
4.108837
3.191486
4.023060
2.669117
2.654433
2.654667
2.676781
2.674350
2.830380
2.657835
2.686739
2.688016
3.565288
1.539893
2.357831
1.542038
2.791932
3.595027
1.842913
1.539559
2.483088
1.850431
2.156164
2.460962
2.135655
2.151977
1.843669
2.463714
3.366279
2.141250
2.162506
1.842982
2.079139
1.859561
3.112601
3.371529
2.166243
2.483559
1.846020
2.178292
1.863571
3.088273
2.773427
1.856084
2.467745
3.309282
2.153223
2.165014
1.862120
2.080347
2.161408
2.175882
3.419155
0.390622
3.900439
2.378466
1.858226
3.837150
2.478350
2.811999
3.083319
2.805105
2.842347
0.696013
2.897475
1.233823
1.042098
3.616509
3.473433
3.837026
3.828727
5.318103
5.153781
4.479819
3.922597
3.580787
2.657529
5.025784
4.024548
3.363018
2.146099
3.479085
2.786862
2.578717
2.863259
2.786631
2.169721
4.311125
4.861710
5.475249
5.852183
5.803425
5.243850
3.784242
3.594792
3.867484
2.111284
4.082446
2.749198
2.789172
2.743118
2.429152
1.885984
2.402584
2.721663
2.401523
4.255923
2.719378
1.781137
2.101518
3.050832
3.940848
1.565665
2.855979
0.406612
2.216767
5.831434
2.493744
2.496455
1.346324
2.817991
1.133668
1.868305
2.945963
1.023298
1.634695
1.949460
1.444815
0.706028
2.910139
2.645161
2.298017
1.016015
2.574087
2.584062
1.009074
2.534978
5.948791
4.411011
4.409764
3.689244
2.674380
4.005107
4.862284
4.823640
4.938447
5.019277
5.545817
4.586169
3.820951
3.203853
3.074198
4.203996
3.276530
2.996283
2.670527
3.293925
1.021972
1.318815
1.030053
1.012130
1.655926
1.623087
2.555617
1.012822
1.008608
3.284847
3.530265
2.870786
2.579726
1.014992
2.596697
2.588730
2.559522
1.634770
1.667817
3.221270
1.319055
1.629975
5.208445
3.201374
4.051684
3.778049
3.109523
5.941970
5.266775
4.183827
4.208816
5.395605
3.968632
3.384255
2.475797
2.780108
4.022444
3.703774
4.015620
3.009408
3.636726
3.127224
2.830881
1.143082
1.025535
0.703956
4.097629
3.802687
3.972609
3.073740
3.048510
3.116362
2.465453
2.178759
2.166960
2.453096
2.699028
2.159962
1.846545
2.446037
2.468382
2.459394
2.166432
2.238208
2.786960
1.015158
3.006733
2.141798
2.460897
1.857642
2.173988
2.169004
2.377664
2.171004
2.803610
2.760945
3.091838
3.065526
3.102487
2.805474
2.837968
3.408371
1.138768
1.125000
3.591376
3.187996
2.571317
2.842056
2.581249
