1.590385
1.563089
1.584580
1.597912
1.579170
1.519400
1.580328
1.594186
1.543339
1.539236
1.546309
1.537358
1.548155
1.662501
1.541862
1.622747
1.539122
1.577853
1.523815
1.544869
1.547539
1.522879
1.559226
1.648229
1.619830
1.655128
1.671460
1.605139
1.606851
1.524961
1.540599
1.550744
1.537170
1.634549
1.631866
1.607091
1.567481
1.532894
1.594714
1.538835
1.549437
1.509668
1.512670
1.538295
1.601231
1.561547
1.558460
1.598343
1.536820
1.576380
1.522968
1.529172
1.532189
1.520328
1.683956
1.639900
1.579357
1.577109
1.540895
1.568794
1.526695
1.539471
1.523111
1.515869
1.539480
1.539461
1.559133
1.586267
1.574426
1.522008
1.587750
1.553478
1.541429
1.535442
1.544692
1.513845
1.614751
1.547631
1.664954
1.693776
1.665323
1.714069
1.626265
1.527923
1.531475
1.516527
1.625587
1.705275
1.529496
1.602166
1.556411
1.594705
1.522615
1.515631
1.528419
1.508639
1.514029
1.614512
1.573384
1.525722
1.586776
1.550504
1.626327
1.559927
1.564788
1.542460
1.535401
1.580419
1.620381
1.627237
1.597655
1.544472
1.634708
1.567763
1.618011
1.699384
1.520943
1.513523
1.644988
1.702456
1.529811
1.890193
1.573215
1.508398
1.528283
1.514089
1.522906
1.525364
1.534450
1.566381
1.605123
1.565143
1.525480
1.586529
1.511775
1.514627
1.522205
1.510918
1.514889
1.600750
1.599079
1.522819
1.585907
1.581503
1.603643
1.529061
1.522612
1.516546
1.522001
1.514801
1.620487
1.611016
1.516327
1.641341
1.725387
1.556564
1.519684
1.527119
1.530427
1.532123
1.550878
1.602037
1.571311
1.573534
1.582951
1.564847
1.514462
1.526569
1.531506
1.532432
1.522244
1.537399
1.596051
1.553799
1.556686
1.535035
1.563803
1.524776
1.579713
1.538332
1.519437
1.534370
1.613810
1.569822
1.524058
1.588898
1.579820
1.573696
1.520341
1.519715
1.530187
1.524978
1.523062
1.591768
1.585693
1.587862
1.719389
1.594815
1.512974
1.552407
1.542670
1.517807
1.523378
1.547993
1.610966
1.540150
1.611167
1.685981
1.569820
1.524088
1.525240
1.537313
1.553790
1.546797
1.642310
1.604623
1.709957
1.616957
1.562562
1.521989
1.522103
1.504634
1.521048
1.540394
1.622463
1.629498
1.583930
1.565286
1.639470
1.697716
1.524384
1.535410
1.523869
1.529248
1.519705
1.624517
1.874642
1.598842
1.711925
1.565306
1.519333
1.531620
1.519172
1.522912
1.535664
1.630665
1.771261
1.534097
1.580808
1.599142
1.571803
1.520750
1.533253
1.535030
1.527453
1.527202
1.626553
1.572632
1.509367
1.635587
1.560746
1.669099
1.544466
1.515113
1.526356
1.530843
1.606127
1.876367
1.520841
1.587131
1.600088
1.605689
1.526019
1.520886
1.537556
1.517072
1.521221
1.660933
1.617414
1.586483
1.618517
1.565863
1.571011
1.534894
1.523771
1.534054
1.537542
1.533536
1.595992
1.585307
1.570718
1.597988
1.579063
1.523533
1.525357
1.538737
1.513891
1.521112
1.621596
1.607694
1.610917
1.580303
1.556320
1.593957
1.581602
1.535127
1.536937
1.531098
1.528718
1.630778
1.593632
1.604659
1.753073
1.589723
1.526026
1.522864
1.525391
1.516132
1.525015
1.659682
1.526200
1.572278
1.586001
1.528688
1.579179
1.526873
1.527292
1.526591
1.532014
1.503771
1.587945
1.525077
1.575559
1.592729
1.536346
1.590530
1.530018
1.535434
1.527366
1.522992
1.535723
1.588061
1.567858
1.525113
1.564986
1.526019
1.586564
1.501675
1.516998
1.600585
1.516325
1.534789
1.613263
1.568820
1.580601
1.564038
1.570698
1.515445
1.530437
1.517054
1.528381
1.526121
1.522293
1.573569
1.581483
1.568467
1.546752
1.580470
1.523136
1.521168
1.528268
1.518074
1.525366
1.582353
1.768108
1.678287
1.674754
1.702795
1.579579
1.624613
1.606865
1.588360
1.604320
1.646709
1.682504
1.584304
1.805494
1.916391
1.605518
1.655554
1.553490
1.533438
1.511417
1.540851
1.627100
1.533664
1.582157
1.536814
1.577222
1.562251
1.527086
1.522198
1.532777
1.517826
1.603253
1.549101
1.552616
1.556840
1.516583
1.604908
1.523912
1.539440
1.537592
1.518920
1.525142
1.640105
1.576575
1.634597
1.539604
1.583922
1.521757
1.517007
1.543623
1.523227
1.536215
1.593959
1.594474
1.606397
1.576144
1.525967
1.626224
1.527101
1.546110
1.530318
1.526280
1.519005
1.625738
1.555574
1.534902
1.576804
1.578291
1.570517
1.539549
1.515017
1.522264
1.569042
1.522355
1.625998
1.591287
1.576966
1.651703
1.604562
1.545100
1.594739
1.557990
1.528257
1.504541
1.591437
1.630931
1.569940
1.582338
1.510595
1.574341
1.615901
1.535083
1.508959
1.528258
1.525431
1.615108
1.599636
1.558403
1.568010
1.531762
1.588669
1.540328
1.566437
1.535503
1.516032
1.544795
1.685155
1.562235
1.618355
1.510030
1.584878
1.532289
1.516970
1.521241
1.534757
1.534456
1.538552
1.568392
1.598756
1.622377
1.547094
1.610487
1.500406
1.587951
1.586446
1.522970
1.548725
1.607482
1.570878
1.539782
1.580316
1.584662
1.580490
1.518887
1.515803
1.534537
1.525336
1.527900
1.573756
1.583560
1.567613
1.557795
1.563158
1.574168
1.563992
1.537948
1.603846
1.522725
1.648698
1.613042
1.515949
1.561806
1.520220
1.590181
1.519736
1.522062
1.527194
1.526840
1.516923
1.594275
1.526013
1.581227
1.571038
1.508392
1.581161
1.546512
1.523020
1.495254
1.536018
1.527965
1.589493
1.591113
1.549353
1.771081
1.582705
1.529860
1.528085
1.560758
1.528827
1.534283
1.626457
1.681905
1.516841
1.582234
1.527584
1.573208
1.552560
1.522198
1.520228
1.555720
1.540640
1.598079
1.582544
1.537258
1.567421
1.541372
1.563318
1.522702
1.518000
1.514089
1.539612
1.576475
1.612390
1.576021
1.600079
1.545965
1.600528
1.514324
1.534555
1.528151
1.533369
1.504699
1.717702
1.695290
1.522569
1.582532
1.522193
1.573497
1.521761
1.553925
1.534586
1.519914
1.535415
1.600448
1.567661
1.544936
1.562436
1.530915
1.580713
1.514727
1.521046
1.529548
1.519438
1.553893
1.578528
1.564220
1.627942
1.647819
1.572681
1.520684
1.535647
1.525400
1.511869
1.532458
1.634232
1.689208
1.515961
1.563401
1.559864
1.586858
1.582282
1.550834
1.509249
1.517016
1.517677
1.631254
1.849833
1.592128
1.765430
1.565239
1.519645
1.535411
1.542592
1.526996
1.525192
1.608301
1.576605
1.515907
1.566402
1.509241
1.576166
1.551475
1.508450
1.548587
1.516337
1.505398
1.620367
1.687989
1.524723
1.574668
1.522000
1.587753
1.548365
1.519463
1.514769
1.521032
1.512276
1.643622
1.577920
1.758018
1.524219
1.618010
1.519936
1.522094
1.526397
1.526368
1.522152
1.719660
1.896925
1.579226
1.567568
1.514700
1.582356
1.561932
1.521147
1.520215
1.518214
1.527098
1.630224
1.599400
1.601774
1.763066
1.571942
1.514572
1.526638
1.525511
1.518121
1.520927
1.588998
1.845539
1.515498
1.567595
1.519927
1.570144
1.532300
1.512120
1.517914
1.531276
1.516256
1.698548
1.769142
1.528611
1.679987
1.525965
1.562314
1.549552
1.542663
1.526110
1.510893
1.543687
1.591427
1.515355
1.588826
1.513807
1.566440
1.525969
1.515953
1.527329
1.533238
1.523567
1.587626
1.893130
1.500149
1.561348
1.517724
1.586468
1.517809
1.549792
1.528275
1.533435
1.552065
1.742910
1.744633
1.583357
1.505379
1.601063
1.530198
1.534691
1.512590
1.519930
1.505828
1.701399
1.859902
1.528330
1.570999
1.536001
1.562890
1.525787
1.531499
1.522937
1.516058
1.540712
1.615447
1.599725
1.586369
1.561810
1.522720
1.581229
1.566977
1.513046
1.522478
1.526071
1.525324
1.600411
1.565375
1.569537
1.529931
1.566202
1.521033
1.535614
1.516039
1.524192
1.513080
1.639887
1.693530
1.552384
1.586632
1.524286
1.574311
1.521925
1.518882
1.537584
1.516911
1.521022
1.604622
1.594225
1.503623
1.581847
1.519553
1.578182
1.529958
1.521208
1.516832
1.560016
1.515099
1.586832
1.588200
1.735355
1.520629
1.615177
1.518601
1.526986
1.525540
1.525254
1.519201
1.588829
1.569628
1.570199
1.556406
1.511444
1.571765
1.530988
1.518800
1.550054
1.549894
1.518109
1.611028
1.590007
1.499229
1.565469
1.531454
1.575266
1.539369
1.552963
1.540674
1.527412
1.524352
1.606993
1.570553
1.527172
1.560387
1.523809
1.590434
1.523744
1.519223
1.541314
1.515966
1.523932
1.634801
1.598069
1.868057
1.544054
1.554882
1.528334
1.532022
1.526106
1.517253
1.548566
1.656968
1.564722
1.512452
1.557204
1.520730
1.580806
1.543365
1.512742
1.507665
1.521442
1.521079
1.602618
1.567698
1.520015
1.559461
1.536505
1.588362
1.542261
1.530274
1.523138
1.534597
1.523829
1.580036
1.733325
1.592693
1.550419
1.585398
1.517598
1.519736
1.554549
1.520743
1.515824
1.676402
1.887882
1.549487
1.573586
1.523857
1.565877
1.541952
1.523202
1.512380
1.535478
1.510974
1.609581
1.574318
1.563033
1.754988
1.588058
1.527575
1.513741
1.526475
1.527276
1.503576
1.537171
1.688314
1.508028
1.584319
1.524216
1.573168
1.532883
1.525366
1.524899
1.530394
1.521222
1.646681
1.656748
1.564934
1.565225
1.529783
1.585442
1.522775
1.527492
1.522140
1.523075
1.531506
1.590916
1.569188
1.759138
1.510288
1.574651
1.551225
1.524324
1.511978
1.525206
1.520123
1.641398
1.621621
1.508077
1.568881
1.538693
1.563979
1.518887
1.533307
1.516040
1.517889
1.541663
1.612830
1.579508
1.524918
1.560226
1.530510
1.599924
1.524843
1.522196
1.521050
1.526235
1.517013
1.603924
1.564494
1.515699
1.578216
1.524856
1.563136
1.526860
1.522578
1.540346
1.514876
1.510001
1.573987
1.578210
1.613724
1.535629
1.579450
1.523673
1.511656
1.530208
1.512250
1.517993
1.594092
1.577156
1.566991
1.584631
1.507252
1.603464
1.503901
1.540460
1.576905
1.532766
1.500930
1.610717
1.602728
1.575712
1.558453
1.513070
1.595181
1.530775
1.538242
1.522114
1.523034
1.557898
1.605123
1.570642
1.626886
1.767701
1.573386
1.524678
1.523100
1.525843
1.518067
1.522985
1.590820
1.597054
1.516923
1.585251
1.535940
1.577779
1.516131
1.526264
1.516001
1.523261
1.535236
1.609372
1.853732
1.517747
1.565853
1.546788
1.596033
1.521810
1.519039
1.538665
1.498466
1.528007
1.590683
1.560501
1.645127
1.529246
1.563312
1.577148
1.527996
1.522078
1.511763
1.526559
1.593888
1.574604
1.511622
1.591269
1.516145
1.588788
1.517964
1.520207
1.522051
1.525419
1.515034
1.604229
1.564427
1.518680
1.562537
1.532891
1.564323
1.529225
1.520852
1.523299
1.535583
1.522754
1.602768
1.851189
1.563327
1.764650
1.564420
1.526673
1.544636
1.558838
1.516857
1.523174
1.602203
1.869429
1.515309
1.581972
1.515487
1.575290
1.533231
1.551624
1.508796
1.552291
1.513729
1.674470
1.574047
1.509136
1.566266
1.537706
1.575919
1.510535
1.521130
1.516068
1.501769
1.616347
1.585690
1.573189
1.567935
1.526686
1.576044
1.519517
1.518880
1.525164
1.520948
1.521910
1.631688
1.601896
1.504433
1.583645
1.526769
1.583794
1.518697
1.538475
1.517961
1.522239
1.547792
1.634782
1.571707
1.517301
1.583000
1.528056
1.585636
1.522829
1.532499
1.522103
1.521175
1.526252
1.687915
1.689829
1.627855
1.522751
1.608731
1.525538
1.533084
1.520957
1.519983
1.549310
1.579569
1.564729
1.750561
1.556088
1.523093
1.585563
1.529312
1.508372
1.524873
1.526947
1.518947
1.601346
1.557465
1.505470
1.570289
1.530780
1.568073
1.548442
1.552007
1.517609
1.509684
1.534953
1.584907
1.580238
1.623754
1.744516
1.577704
1.518554
1.522028
1.530495
1.511775
1.524260
1.602284
1.507606
1.570392
1.576157
1.525837
1.573091
1.528881
1.521291
1.519087
1.521062
1.519095
1.585602
1.580229
1.548589
1.561098
1.544254
1.562009
1.523886
1.574619
1.518370
1.521889
1.532355
1.612390
1.583057
1.520439
1.583944
1.528035
1.577263
1.519402
1.524105
1.528369
1.524119
1.518811
1.589163
1.581380
1.570168
1.530352
1.570292
1.517607
1.537453
1.515063
1.525261
1.527134
1.523406
1.575616
1.564210
1.562138
1.518868
1.579583
1.532236
1.516939
1.533626
1.506725
1.520956
1.553627
1.561196
1.570973
1.592621
1.511002
1.587579
1.523081
1.516075
1.518118
1.529268
1.515091
1.594643
1.570203
1.508615
1.556044
1.528984
1.569209
1.519866
1.531465
1.520192
1.511922
1.530403
1.593181
1.559280
1.525984
1.773186
1.567389
1.524806
1.515895
1.513891
1.515166
1.524317
1.574474
1.642049
1.545188
1.558074
1.526069
1.568359
1.525038
1.547356
1.491399
1.528638
1.517756
1.588776
1.513531
1.590007
1.569209
1.510535
1.571283
1.550156
1.511894
1.545746
1.531118
1.513991
1.668854
1.679952
1.510704
1.566380
1.510998
1.554852
1.529099
1.512099
1.496411
1.506741
1.514727
1.572702
1.572095
1.594188
1.625331
1.572501
1.506709
1.517023
1.536252
1.518166
1.519233
1.540018
1.560108
1.564778
1.546594
1.503094
1.563356
1.524267
1.514692
1.511516
1.524246
1.522749
1.530373
1.593119
1.587265
1.567907
1.507782
1.555984
1.511038
1.532847
1.513382
1.521041
1.523148
1.591078
1.592358
1.516509
1.561410
1.507528
1.585001
1.536635
1.510670
1.518956
1.541066
1.515984
1.618240
1.557741
1.512149
1.576016
1.515621
1.571225
1.529203
1.521025
1.523197
1.526159
1.521130
1.580668
1.569815
1.561328
1.522551
1.577818
1.520807
1.521971
1.534526
1.511747
1.510932
1.645680
1.701763
1.528425
1.568314
1.528257
1.571288
1.553798
1.523312
1.527916
1.513903
1.521256
1.599182
1.586292
1.522970
1.559156
1.521465
1.565878
1.517820
1.531293
1.517851
1.515980
1.536608
1.554720
1.526384
1.583437
1.553872
1.528173
1.553940
1.554282
1.533259
1.551195
1.604884
1.531926
1.577132
1.560445
1.554059
1.540329
1.576356
1.513585
1.541580
1.618901
1.787936
1.530454
1.624864
1.588541
1.529699
1.565442
1.515660
1.607850
1.519600
1.531743
1.539269
2.363595
2.386938
1.715997
1.694662
1.636866
1.677553
1.639783
1.665911
1.633677
1.627586
1.679880
1.694939
1.711407
1.678249
1.631019
1.691360
1.633170
1.625829
1.642485
1.629629
1.636187
1.702153
1.691887
1.681000
1.644629
1.683953
1.636467
1.638886
1.671200
1.632464
1.648116
1.688993
1.691918
1.688972
1.630787
1.680914
1.647680
1.636731
1.634617
1.645041
1.630573
1.702306
1.703293
1.695248
1.824870
1.687839
1.637479
1.629537
1.636671
1.673588
1.643112
1.713308
1.691955
1.715786
1.639510
1.675003
1.635218
1.636741
1.680860
1.625446
1.635629
1.693338
1.687223
1.700114
1.630409
1.684887
1.651577
1.621459
1.631734
1.633954
1.668885
1.730223
1.689988
1.690067
1.641404
1.699424
1.629093
1.634828
1.646671
1.667331
1.642814
1.690186
1.717572
1.683253
1.647672
1.685246
1.630386
1.637839
1.633836
1.636807
1.645748
1.697640
1.696018
1.690423
1.636424
1.679864
1.646509
1.635724
1.633731
1.654161
1.642135
1.684073
1.696105
1.686343
1.643361
1.685919
1.633516
1.627614
1.641531
1.638778
1.639941
1.702505
1.685849
1.679860
1.650891
1.712770
1.638390
1.638820
1.670794
1.631494
1.640860
1.702408
1.684710
1.694120
1.630465
1.679660
1.643650
1.618504
1.627726
1.625583
1.624644
1.682970
1.704154
1.683551
1.627563
1.680938
1.624151
1.629594
1.642064
1.630146
1.628677
1.694288
1.704506
1.729745
1.724578
1.677910
1.635580
1.639929
1.663265
1.617685
1.647880
1.688136
1.676825
1.685743
1.626477
1.686989
1.631130
1.624290
1.619360
1.664395
1.624271
1.717307
1.746609
1.662604
1.731681
1.715577
1.629335
1.627660
1.641656
1.633811
1.631780
1.720835
1.692837
1.691981
1.654778
1.673569
1.632189
1.667683
1.632678
1.636695
1.639582
1.681727
1.707368
1.744440
1.633484
1.676773
1.642460
1.629560
1.637986
1.633531
1.640986
1.680543
1.708309
1.715455
1.635710
1.694328
1.657560
1.655227
1.640184
1.627711
1.638874
1.715842
1.697184
1.729468
1.651359
1.678765
1.629264
1.680615
1.680738
1.641698
1.642544
1.731810
1.719483
1.736932
1.632571
1.676026
1.647079
1.631164
1.633408
1.692984
1.633536
1.710002
1.688265
1.678117
1.680255
1.691877
1.642536
1.668498
1.645795
1.632860
1.630647
1.724096
1.685738
1.677938
1.645474
1.676249
1.638377
1.675771
1.644714
1.627649
1.652148
1.673125
1.695792
1.722857
1.637246
1.722724
1.638558
1.629703
1.636758
1.670591
1.645611
1.704626
1.702665
1.692157
1.675262
1.691470
1.637549
1.630493
1.681718
1.643615
1.644128
1.677736
1.696151
1.702308
1.644986
1.715353
1.630468
1.637760
1.635699
1.636184
1.652027
1.733072
1.715374
1.707463
1.631284
1.676923
1.700030
1.636598
1.632634
1.641880
1.666282
1.687314
1.705947
1.683175
1.637558
1.700393
1.642638
1.623481
1.643988
1.645136
1.631514
1.701673
1.685262
1.709363
1.723598
1.678449
1.645867
1.651162
1.699391
1.705308
1.648017
1.748216
1.721942
1.723574
1.640289
1.716598
1.650698
1.655013
1.732323
1.628225
1.740189
1.989520
1.653934
1.713727
1.649718
1.696221
1.648649
1.640647
1.673003
1.522738
1.753268
1.735098
1.522685
1.564233
1.550863
1.575106
1.536162
1.520718
1.548713
1.525578
1.526765
1.594056
1.609102
1.580954
1.754397
1.572437
1.547820
1.515620
1.564231
1.519567
1.534795
1.609981
1.564334
1.505085
1.614782
1.511303
1.589332
1.537598
1.516910
1.524036
1.557051
1.516720
1.570167
1.647179
1.630729
1.568581
1.548142
1.596539
1.523757
1.542443
1.535556
1.522795
1.601986
1.693391
1.581362
1.572325
1.512461
1.570954
1.521228
1.530130
1.514505
1.510515
1.512978
1.580444
1.576127
1.599685
1.566729
1.520601
1.586944
1.542084
1.529243
1.520961
1.524227
1.547871
1.631257
1.707540
1.519416
1.570890
1.526641
1.582464
1.522935
1.501617
1.541986
1.528347
1.517787
1.574653
1.585163
1.584079
1.606648
1.568402
1.544627
1.569253
1.529319
1.512927
1.529298
1.555256
1.649097
1.647962
1.593551
1.518973
1.584600
1.516994
1.523231
1.534530
1.519217
1.524226
1.574237
1.576382
1.504340
1.582073
1.524252
1.576353
1.528774
1.523250
1.515866
1.519283
1.529394
1.560431
1.593460
1.516644
1.561855
1.587252
1.574051
1.535667
1.515556
1.507579
1.526225
1.534097
1.569377
1.567535
1.614961
1.515050
1.575731
1.515490
1.516737
1.516981
1.530386
1.522185
1.551829
1.586367
1.623340
1.570198
1.517415
1.592596
1.527084
1.527235
1.520043
1.518986
1.526559
1.569700
1.560533
1.573367
1.560825
1.506671
1.605131
1.561010
1.521047
1.527351
1.525362
1.520965
1.638134
1.562348
1.503726
1.569230
1.524087
1.605458
1.535817
1.501669
1.557647
1.548312
1.521690
1.580536
1.583764
1.561649
1.524816
1.579067
1.528805
1.516533
1.528230
1.525460
1.524856
1.570437
1.695129
1.771219
1.584371
1.514421
1.596095
1.527744
1.559115
1.504236
1.529716
1.535790
1.583397
1.600966
1.516854
1.567222
1.541144
1.585865
1.532225
1.520079
1.522598
1.521201
1.536185
1.613421
1.584631
1.559397
1.519626
1.573796
1.537298
1.524058
1.524212
1.530263
1.518777
1.527309
1.618777
1.575005
1.561685
1.554833
1.582315
1.508416
1.529786
1.522363
1.518524
1.535002
1.553970
1.579049
1.515307
1.571540
1.525142
1.600163
1.520979
1.515680
1.555659
1.539471
1.544711
1.673614
1.674630
1.609162
1.527983
1.573171
1.523728
1.519018
1.518108
1.510811
1.528193
1.555007
1.542036
1.851125
1.590475
1.515372
1.591663
1.517249
1.521482
1.520558
1.535462
1.518992
1.605799
1.524283
1.611048
1.570821
1.538233
1.573245
1.541322
1.523294
1.522935
1.533532
1.530339
1.587871
1.593692
1.586089
1.638538
1.570977
1.545522
1.522415
1.564043
1.517117
1.523173
1.541865
1.553852
1.574987
1.576397
1.507760
1.562125
1.528434
1.523849
1.534254
1.548325
1.519297
1.582487
1.573333
1.518374
1.566150
1.532013
1.606951
1.615370
1.526768
1.508289
1.505589
1.516916
1.577773
1.574043
1.518707
1.564197
1.515029
1.587846
1.542768
1.516662
1.549893
1.544661
1.521226
1.604302
1.563726
1.572916
1.533147
1.605997
1.516484
1.532552
1.522268
1.505646
1.528318
1.580753
1.563013
1.580468
1.579350
1.525088
1.581894
1.524844
1.509747
1.531178
1.519089
1.521800
1.569200
1.627347
1.616758
1.567060
1.546272
1.577708
1.516698
1.534668
1.523637
1.533386
1.518724
1.599298
1.578226
1.511305
1.566009
1.524366
1.568103
1.525073
1.528288
1.543487
1.541652
1.553936
1.582321
1.583185
1.579502
1.511824
1.579429
1.541531
1.515976
1.517905
1.529405
1.532454
1.587779
1.566375
1.558942
1.566147
1.530016
1.569843
1.541011
1.520971
1.531049
1.510060
1.516822
1.549274
1.579419
1.530167
1.590609
1.522462
1.576423
1.519974
1.528279
1.521236
1.510824
1.526732
1.611091
1.564226
1.511470
1.568271
1.510743
1.573853
1.556553
1.516881
1.507363
1.551014
1.531248
1.600060
1.585545
1.565951
1.511427
1.608020
1.543063
1.505600
1.519979
1.529206
1.519104
1.543247
1.561075
1.576740
1.563878
1.536989
1.571197
1.536804
1.522321
1.517252
1.547620
1.524233
1.597176
1.584490
1.503381
1.585386
1.542358
1.566872
1.514741
1.534357
1.521021
1.524193
1.537767
1.592727
1.557867
1.522986
1.564270
1.517108
1.571339
1.517806
1.515020
1.527321
1.512924
1.537601
1.603361
1.568329
1.595110
1.619401
1.565009
1.555384
1.533485
1.508991
1.508010
1.522147
1.529157
1.586639
1.579795
1.567738
1.517733
1.580227
1.517580
1.517922
1.531431
1.516999
1.522360
1.552775
1.599221
1.518510
1.579636
1.530293
1.569501
1.523854
1.522308
1.531353
1.538751
1.516862
1.599187
1.579378
1.518748
1.570671
1.526862
1.571393
1.529091
1.547778
1.510864
1.519033
1.531500
1.644291
1.593594
1.577209
1.624275
1.588620
1.534247
1.529863
1.515352
1.526075
1.516664
1.544797
1.586618
1.572410
1.568960
1.514106
1.576298
1.517949
1.527204
1.519098
1.525306
1.547513
1.583584
1.556024
1.520794
1.559260
1.532981
1.582956
1.510404
1.517078
1.522885
1.529393
1.505537
1.601428
1.565052
1.525006
1.636803
1.515841
1.553071
1.531277
1.524891
1.521029
1.533328
1.526652
1.594855
1.629486
1.572562
1.515767
1.566264
1.503520
1.553671
1.532748
1.566675
1.508195
1.544286
1.633540
1.591444
1.586577
1.514404
1.572423
1.548062
1.517005
1.510624
1.528407
1.523114
1.551805
1.583199
1.506662
1.573482
1.526900
1.564383
1.521396
1.522510
1.517937
1.529357
1.527354
1.556137
1.527670
1.573177
1.569804
1.507814
1.566985
1.519381
1.524446
1.545804
1.520025
1.526291
1.590918
1.575731
1.621792
1.619911
1.574036
1.537232
1.575604
1.523258
1.521025
1.536499
1.536856
1.579349
1.535408
1.570233
1.520334
1.575587
1.518421
1.520089
1.521894
1.520224
1.520136
1.558368
1.578401
1.509470
1.573453
1.543838
1.589366
1.519992
1.526188
1.515140
1.527152
1.529110
1.612870
1.581185
1.507363
1.563146
1.539474
1.591826
1.516442
1.530940
1.524570
1.517925
1.603059
1.596784
1.570416
1.616780
1.525086
1.572691
1.524534
1.510852
1.528172
1.522024
1.517973
1.552871
1.594506
1.583621
1.558130
1.526806
1.573617
1.534947
1.563411
1.518019
1.566289
1.514165
1.546829
1.859856
1.549276
1.585272
1.524392
1.582211
1.521053
1.513695
1.545102
1.556912
1.505133
1.634855
1.576964
1.585265
1.583662
1.569078
1.527802
1.529373
1.570388
1.565220
1.633572
1.627845
1.623985
1.556975
1.580533
1.528478
1.560713
1.537831
1.546934
1.547476
1.564850
1.498500
1.581648
1.600955
1.524937
1.563312
1.515671
1.570754
1.532866
1.521687
1.522085
1.520013
1.519954
1.598031
1.572569
1.598242
1.527847
1.611491
1.517654
1.500601
1.520060
1.527245
1.523355
1.608117
1.622104
1.574786
1.593562
1.519598
1.576522
1.541822
1.519175
1.515863
1.531434
1.541625
1.595010
1.564784
1.514029
1.572529
1.535278
1.582409
1.522974
1.526315
1.499697
1.533852
1.535343
1.591142
1.572301
1.566333
1.576609
1.519840
1.577611
1.520889
1.528025
1.525477
1.524462
1.523764
1.602534
1.591321
1.565107
1.526856
1.568529
1.517044
1.572165
1.504726
1.525513
1.541995
1.516946
1.596828
1.594757
1.558667
1.545884
1.566086
1.542882
1.527135
1.530847
1.519845
1.535488
1.615382
1.576292
1.506643
1.576567
1.539323
1.591620
1.552658
1.543644
1.523068
1.535429
1.529226
1.616685
1.574125
1.616598
1.753940
1.582352
1.658904
1.643198
1.730564
1.669840
1.640905
1.765757
1.699201
1.709890
1.636207
1.690861
1.636460
1.655184
1.624613
1.650746
1.635833
1.724827
1.714124
1.733585
1.631541
1.695933
1.643637
1.643889
1.636593
1.651025
1.634750
1.706391
1.716486
1.684978
1.645357
1.697072
1.629297
1.644903
1.671562
1.674682
1.649785
1.708275
1.750212
1.815434
1.633121
1.686722
1.643987
1.632634
1.676420
1.644800
1.840411
1.761341
1.693734
1.689445
1.648707
1.798613
1.637485
1.669305
1.650002
1.672441
1.733883
1.822090
1.636375
1.682888
1.635742
1.729514
1.644657
1.647688
1.625769
1.634187
1.818457
1.685724
1.628169
1.682062
1.637822
1.700390
1.644606
1.635605
1.672586
1.651937
1.761241
1.693916
1.656608
1.683598
1.638830
1.693074
1.631456
1.629516
1.672760
1.638613
1.693266
1.730041
1.630247
1.709820
1.640725
1.690119
1.634132
1.645732
1.677769
1.665630
1.737002
1.700007
1.633101
1.695978
1.783341
1.642657
1.636680
1.636418
1.626550
1.639611
1.692098
1.710575
1.642680
1.681574
1.742666
1.647355
1.636546
1.674722
1.670339
1.634380
1.702515
1.707362
1.757143
1.754911
1.712320
1.628191
1.661244
1.660530
1.630540
1.640657
1.707577
1.686902
1.687504
1.643196
1.686912
1.630420
1.639013
1.631219
1.633768
1.640670
1.729146
1.687907
1.697330
1.672480
1.682844
1.646404
1.629614
1.672549
1.684632
1.634569
1.695118
1.694068
1.680865
1.633395
1.688986
1.632486
1.627542
1.647926
1.640726
1.640837
1.713509
1.678722
1.709946
1.678656
1.672592
1.637530
1.637699
1.629502
1.631722
1.647972
1.713669
1.693060
1.700387
1.633485
1.731671
1.675410
1.631584
1.640629
1.646096
1.630632
1.679827
1.675379
1.710811
1.671346
1.696766
1.629959
1.622272
1.635439
1.625456
1.635689
1.698391
1.719682
1.713790
1.647827
1.691174
1.638449
1.706352
1.631459
1.628478
1.641865
1.705293
1.728716
1.714480
1.652010
1.682913
1.688517
1.633533
1.638677
1.649868
1.671722
1.725092
1.695095
1.681960
1.636412
1.697186
1.650843
1.632586
1.642583
1.633622
1.641698
1.756969
1.685548
1.727379
1.657915
1.677748
1.635261
1.668315
1.638767
1.631649
1.641616
1.758807
1.700315
1.722762
1.638952
1.716533
1.639631
1.643906
1.631527
1.632467
1.640366
1.794839
1.698112
1.689102
1.662912
1.696900
1.654844
1.697323
1.643238
1.628322
1.675419
1.695984
1.702964
1.695501
1.678645
1.695536
1.640807
1.632533
1.633738
1.641830
1.636124
1.737459
1.701737
1.677803
1.654773
1.684982
1.690535
1.628307
1.644856
1.646066
1.641606
1.706620
1.706287
1.684894
1.640290
1.675540
1.628279
1.644962
1.643843
1.634016
1.673281
1.724992
1.662027
1.688179
1.638154
1.676616
1.644969
1.648046
1.644062
1.671543
1.755387
1.715733
1.880538
2.351356
2.435405
2.336438
2.001317
1.639935
1.741006
1.771571
1.696282
1.683759
1.733267
1.759541
1.667795
1.794054
1.633038
1.646960
1.657768
1.773836
1.665900
1.715693
1.639355
1.693120
1.644290
1.639653
1.667424
1.636204
1.669691
1.674181
1.746175
1.678854
1.638323
1.687797
1.641327
1.638735
1.672662
1.636591
1.647175
1.709232
1.689355
1.676340
1.687807
1.678595
1.648857
1.634191
1.638489
1.635458
1.675763
1.990161
1.632289
1.698738
1.631373
1.691060
1.640760
1.637667
1.631608
1.635754
1.826284
1.716623
1.661588
1.694429
1.650867
1.704362
1.626194
1.629634
1.638220
1.627389
1.660191
1.707796
1.636359
1.699316
1.632657
1.681788
1.669872
1.643828
1.633645
1.634623
1.734318
1.671826
1.635389
1.678921
1.635770
1.706301
1.629240
1.616396
1.628368
1.639643
1.759817
1.677788
1.669389
1.709869
1.663165
1.699331
1.641526
1.624649
1.678371
1.648417
1.655526
1.695052
1.653809
1.678943
1.642682
1.670564
1.635318
1.638017
1.673828
1.647441
1.707515
1.690767
1.632180
1.736249
1.667285
1.689834
1.670289
1.630808
1.671729
1.652071
1.837305
1.800285
1.724473
1.795490
1.685772
1.652947
1.664350
1.633635
1.640816
1.632708
1.690340
1.720645
1.680907
1.630429
1.707715
1.629957
1.641964
1.646860
1.634757
1.638967
1.728075
1.687921
1.692412
1.639716
1.689672
1.628586
1.654904
1.660055
1.636521
1.648998
1.709821
1.690814
1.696949
1.643753
1.686048
1.672928
1.633326
1.632885
1.647728
1.625521
1.740256
1.679488
1.688038
1.634708
1.698179
1.641021
1.667425
1.674529
1.636483
1.626735
1.703511
1.675560
1.686824
1.644664
1.681944
1.637419
1.640779
1.633567
1.639899
1.641864
1.689044
1.723660
1.808188
1.629215
1.687792
1.635510
1.673483
1.634584
1.639153
1.634124
1.701482
1.705123
1.688681
1.668647
1.701051
1.642571
1.641656
1.563238
1.520084
1.522087
1.641293
1.554764
1.515739
1.566575
1.522012
1.571260
1.541298
1.503914
1.558167
1.534132
1.510908
1.588901
1.579754
1.597301
1.615253
1.601284
1.519254
1.516009
1.529277
1.540462
1.520807
1.522769
1.573956
1.524197
1.570520
1.529201
1.594011
1.530375
1.524955
1.524120
1.547435
1.504635
1.541826
1.566208
1.499407
1.561105
1.520285
1.564254
1.520885
1.521835
1.521115
1.512744
1.540520
1.595044
1.568590
1.512606
1.558083
1.537747
1.632676
1.505843
1.522566
1.539705
1.518889
1.521052
1.571496
1.603483
1.736869
1.517022
1.636208
1.525236
1.535290
1.518497
1.518817
1.526032
1.535575
1.569223
1.628456
1.560003
1.513829
1.569595
1.517419
1.507455
1.532257
1.507834
1.533564
1.529035
1.592508
1.499434
1.570862
1.498886
1.573276
1.549055
1.499085
1.504539
1.524426
1.514192
1.586630
1.575952
1.538309
1.561280
1.522676
1.580068
1.501126
1.521901
1.526312
1.547419
1.529940
1.578447
1.548566
1.500417
1.551098
1.506173
1.592672
1.575054
1.501238
1.523785
1.515294
1.535538
1.580340
1.571290
1.575200
1.507416
1.560860
1.524300
1.516714
1.513644
1.524045
1.527317
1.536304
1.573215
1.584912
1.591714
1.505541
1.581810
1.521208
1.520806
1.525161
1.510975
1.524291
1.552977
1.554417
1.569989
1.565048
1.510762
1.613523
1.517653
1.500356
1.534095
1.525786
1.520507
1.592246
1.580574
1.512430
1.565475
1.529348
1.568978
1.519906
1.519945
1.515896
1.513878
1.537183
1.577770
1.630735
1.626365
1.617171
1.566345
1.547195
1.536489
1.546846
1.530353
1.520125
1.723222
1.566640
1.511656
1.567268
1.507996
1.570733
1.544092
1.523164
1.518499
1.518408
1.541513
1.587910
1.559077
1.515226
1.581606
1.514918
1.623115
1.507560
1.504508
1.524111
1.547818
1.526902
1.596092
1.570405
1.503147
1.599486
1.521360
1.574898
1.525994
1.516045
1.516151
1.530400
1.530348
1.577544
1.590567
1.604312
1.517496
1.585879
1.513761
1.512969
1.514941
1.536403
1.547276
1.534226
1.563845
1.560891
1.589542
1.514224
1.572237
1.541952
1.515807
1.518139
1.523225
1.521059
1.548737
1.567002
1.565838
1.562809
1.514608
1.591791
1.517883
1.539559
1.522108
1.524217
1.528178
1.589917
1.607233
1.521569
1.568106
1.523838
1.581351
1.529613
1.513711
1.520829
1.509899
1.542683
1.578679
1.570219
1.594268
1.535956
1.623371
1.520010
1.533374
1.524320
1.520026
1.533138
1.539475
1.563871
1.574273
1.564566
1.521165
1.583549
1.511547
1.524147
1.543783
1.510358
1.510808
1.666022
1.590314
1.502316
1.583213
1.533823
1.559913
1.580207
1.515870
1.522083
1.536393
1.521188
1.587845
1.571147
1.513833
1.558106
1.528259
1.588752
1.528025
1.530352
1.523166
1.520051
1.535465
1.600213
1.574231
1.573571
1.536104
1.599454
1.528376
1.517914
1.514738
1.535394
1.520949
1.564368
1.624655
1.576221
1.583896
1.515297
1.561025
1.516021
1.524777
1.540252
1.518462
1.534365
1.629759
1.596469
1.534493
1.553236
1.525311
1.598716
1.517978
1.523252
1.528945
1.525335
1.521078
1.604309
1.605633
1.510319
1.578034
1.555552
1.571417
1.529169
1.513838
1.519213
1.542726
1.603316
1.565628
1.583332
1.558934
1.509730
1.582066
1.510658
1.506679
1.516379
1.516983
1.528116
1.542412
1.622536
1.508175
1.569876
1.514477
1.575654
1.525703
1.520272
1.514716
1.527391
1.512552
1.600255
1.581290
1.504240
1.565201
1.518329
1.588839
1.511561
1.535141
1.525543
1.521288
1.528156
1.600144
1.578844
1.517510
1.555967
1.516441
1.596942
1.518594
1.527451
1.532273
1.518772
1.519180
1.611889
1.556739
1.555567
1.650500
1.577810
1.521858
1.531145
1.516153
1.522132
1.524219
1.548714
1.900031
1.526263
1.565889
1.524192
1.580545
1.558107
1.513726
1.512046
1.527202
1.514555
1.607696
1.565235
1.534475
1.592849
1.506906
1.565349
1.533385
1.505756
1.518232
1.531752
1.518193
1.581409
1.608900
1.580680
1.667123
1.592847
1.509549
1.534458
1.525334
1.518106
1.513312
1.618406
1.669898
1.526982
1.564096
1.513059
1.554581
1.540972
1.530420
1.544664
1.507748
1.514304
1.595355
1.584440
1.504065
1.568291
1.519277
1.581140
1.515476
1.532378
1.515043
1.524170
1.578289
1.650781
1.602763
1.524168
1.574540
1.532264
1.577843
1.543591
1.551817
1.531342
1.522246
1.580561
1.648056
1.580459
1.555493
1.529659
1.563781
1.527603
1.527120
1.523781
1.513781
1.526121
1.590143
1.572744
1.547455
1.556672
1.533428
1.584598
1.518853
1.508538
1.520954
1.526402
1.520061
1.613137
1.552547
1.515838
1.582138
1.522861
1.568214
1.559414
1.527334
1.534560
1.515028
1.546951
1.577110
1.589548
1.498318
1.812648
1.574015
1.527915
1.516909
1.531295
1.521872
1.517256
1.591685
1.516743
1.566130
1.602365
1.528363
1.577607
1.527618
1.522102
1.521128
1.532364
1.513975
1.598074
1.563148
1.554868
1.575455
1.511160
1.563230
1.531573
1.537729
1.518044
1.515092
1.534174
1.574825
1.562388
1.551808
1.560558
1.527467
1.579172
1.516804
1.515989
1.524043
1.521180
1.540662
1.574957
1.569108
1.582482
1.621428
1.593434
1.528626
1.543471
1.505561
1.511012
1.534933
1.587741
1.523656
1.612271
1.554604
1.536224
1.594771
1.527856
1.516148
1.526891
1.513907
1.521217
1.665770
1.679377
1.539678
1.581770
1.504579
1.580626
1.531302
1.531448
1.575347
1.511741
1.509956
1.607018
1.602843
1.585202
1.664714
1.602686
1.515506
1.522087
1.552804
1.534606
1.587480
1.574248
1.611061
1.518824
1.577806
1.522454
1.571975
1.535023
1.519545
1.517132
1.528934
1.516882
1.661805
1.574994
1.520541
1.544855
1.514983
1.589175
1.520592
1.553748
1.506838
1.562362
1.524931
1.574791
1.565820
1.530266
1.589938
1.506611
1.565354
1.516621
1.504618
1.549449
1.523785
1.712549
1.642714
1.585704
1.561536
1.513905
1.562390
1.521914
1.529158
1.523325
1.512318
1.530350
1.566312
1.721471
1.678876
1.557960
1.514763
1.614162
1.524968
1.516030
1.530216
1.516935
1.521327
1.590920
1.590551
1.504515
1.579632
1.533434
1.607102
1.628494
1.559090
1.501504
1.538408
1.535692
1.577049
1.524408
1.560315
1.544006
1.576248
1.530408
1.519402
1.529425
1.520971
1.520267
1.606461
1.514283
1.561106
1.600798
1.512052
1.565069
1.522073
1.549584
1.538786
1.595303
1.512624
1.572296
1.606848
1.520691
1.554053
1.528379
1.568277
1.521568
1.520115
1.540751
1.560004
1.545491
1.575512
1.557786
1.587507
1.773295
1.576023
1.542516
1.521777
1.519066
1.530363
1.568296
1.692965
1.693497
1.512650
1.572611
1.527219
1.570609
1.516538
1.522961
1.529223
1.549845
1.511440
1.584689
1.598395
1.577323
1.556704
1.509769
1.567214
1.518408
1.515463
1.533366
1.522033
1.543615
1.643820
1.572707
1.558877
1.525807
1.621937
1.518326
1.538207
1.540266
1.505211
1.544738
1.611708
1.573527
1.520759
1.564747
1.545829
1.577432
1.521830
1.523249
1.529264
1.525393
1.535543
1.610425
1.575222
1.501350
1.571369
1.524726
1.571347
1.519361
1.532285
1.506939
1.515591
1.523753
1.585590
1.574932
1.505822
1.582635
1.535265
1.574445
1.546323
1.541776
1.552762
1.518100
1.540577
1.580526
1.558976
1.605295
1.514968
1.576935
1.548975
1.531017
1.524296
1.529309
1.525247
1.709381
1.736964
1.524892
1.568455
1.520951
1.623611
1.553824
1.517525
1.533992
1.519448
1.534920
1.575201
1.535881
1.573133
1.566109
1.550885
1.597809
1.507004
1.529403
1.535641
1.529042
1.525225
1.605203
1.566258
1.556019
1.523612
1.605876
1.517068
1.537357
1.513992
1.533503
1.525402
1.515748
1.576550
1.609791
1.571041
1.527531
1.574380
1.522790
1.500393
1.533378
1.528407
1.523126
1.607436
1.634577
1.502539
1.572840
1.541567
1.589395
1.533291
1.518906
1.541439
1.526054
1.518885
1.609296
1.577016
1.516900
1.557571
1.537166
1.573356
1.544513
1.518098
1.521611
1.540624
1.535100
1.581255
1.567218
1.572997
1.522562
1.576326
1.528881
1.516959
1.523270
1.518896
1.523292
1.646251
1.679554
1.518064
1.561376
1.553897
1.666178
1.541570
1.524820
1.534388
1.519581
1.529570
1.621571
1.583885
1.524380
1.596460
1.544438
1.581258
1.537549
1.524891
1.528900
1.523609
1.522170
1.617683
1.569048
1.621343
1.535788
1.598946
1.604016
1.542799
1.514059
1.529790
1.534671
1.539556
1.577284
1.578079
1.566224
1.508532
1.578386
1.542107
1.516096
1.533131
1.528381
1.535318
1.607228
1.568102
1.544845
1.586355
1.529821
1.585343
1.533176
1.523166
1.548438
1.519859
1.525298
1.604482
1.619079
1.507243
1.764586
1.588207
1.546296
1.515111
1.554517
1.520668
1.518162
1.698970
1.707054
1.510593
1.572136
1.539000
1.572952
1.533570
1.522901
1.522184
1.529346
1.518289
1.596087
1.580790
1.517554
1.569883
1.534318
1.582662
1.563689
1.519924
1.513057
1.528215
1.540646
1.587736
1.610979
1.605012
1.609990
1.571891
1.545004
1.503207
1.506816
1.562425
1.514696
1.524727
1.605695
1.555633
1.563999
1.552748
1.569974
1.526773
1.530775
1.515130
1.520259
1.531330
1.536696
1.565027
1.517655
1.563300
1.556048
1.580404
1.528095
1.517764
1.526245
1.508637
1.514081
1.586709
1.655158
1.509664
1.558160
1.523437
1.584896
1.528071
1.526261
1.546664
1.516826
1.525864
1.581835
1.636456
1.584784
1.512465
1.614861
1.519657
1.527455
1.529153
1.518938
1.523253
1.607868
1.683874
1.508448
1.593144
1.523285
1.570177
1.530769
1.515983
1.524265
1.530273
1.523209
1.584545
1.579219
1.502511
1.572345
1.526503
1.571087
1.521853
1.531025
1.509648
1.537274
1.511348
1.572548
1.553912
1.524960
1.556091
1.506998
1.595273
1.521501
1.521648
1.541550
1.521006
1.522128
1.588691
1.619966
1.594858
1.518771
1.646053
1.550218
1.545450
1.522197
1.520832
1.576649
1.558286
1.868133
1.516763
1.574192
1.526650
1.574962
1.515627
1.524314
1.527286
1.523234
1.524198
1.607441
1.563046
1.514656
1.582646
1.522964
1.564518
1.554593
1.518057
1.520099
1.553020
1.523037
1.582926
1.583408
1.597976
1.516998
1.648177
1.518442
1.526630
1.511560
1.513051
1.529954
1.718491
1.679524
1.530042
1.573952
1.530702
1.567496
1.525560
1.504728
1.535383
1.545494
1.515393
1.611520
1.567656
1.513166
1.562017
1.561847
1.579532
1.529128
1.524971
1.527317
1.518068
1.531346
1.571562
1.581449
1.646028
1.647146
1.612031
1.542324
1.521443
1.521730
1.531152
1.520229
1.555121
1.617967
1.576645
1.564832
1.547597
1.571877
1.512241
1.521107
1.519978
1.526277
1.528134
1.594180
1.699518
1.539770
1.556409
1.549167
1.572686
1.516577
1.518321
1.534245
1.520034
1.526313
1.620570
1.571628
1.503110
1.572957
1.525735
1.576756
1.552544
1.538222
1.506778
1.520663
1.593420
1.639512
1.584802
1.559077
1.510207
1.588678
1.526535
1.512854
1.509506
1.520010
1.520131
1.600409
1.502583
1.573465
1.567260
1.517850
1.587651
1.528635
1.515934
1.523326
1.526215
1.524136
1.575765
1.581337
1.552619
1.567450
1.513840
1.594222
1.522708
1.527039
1.516739
1.516071
1.521296
1.579652
1.573204
1.525952
1.587768
1.522222
1.583529
1.511583
1.522223
1.531248
1.517939
1.530144
1.574652
1.651800
1.564788
1.523913
1.583613
1.522433
1.518634
1.525268
1.522091
1.531026
1.536553
1.917579
1.521671
1.577259
1.516895
1.569305
1.539388
1.524312
1.535599
1.523252
1.539421
1.604190
1.570332
1.520833
1.591044
1.540567
1.592772
1.516724
1.506843
1.529071
1.532886
1.532264
1.590718
1.561696
1.560971
1.536884
1.573391
1.526785
1.521098
1.526270
1.517076
1.520110
1.558047
1.757001
1.526367
1.568945
1.514674
1.608749
1.529396
1.525338
1.527260
1.542604
1.510792
1.592418
1.576293
1.520508
1.561299
1.526768
1.586588
1.546556
1.526211
1.528951
1.522440
1.527869
1.595078
1.584205
1.528061
1.572406
1.516088
1.590629
1.527322
1.518994
1.529308
1.531402
1.529410
1.579743
1.575296
1.563952
1.538565
1.572967
1.518555
1.524987
1.508758
1.523460
1.518742
1.526378
1.575412
1.608683
1.569395
1.526878
1.584874
1.525731
1.504588
1.551421
1.518095
1.541392
1.597281
1.559227
1.513813
1.574086
1.536571
1.576251
1.530288
1.526187
1.517298
1.534384
1.526059
1.579952
1.574092
1.523961
1.578763
1.535088
1.565568
1.520645
1.522223
1.518691
1.539844
1.566193
1.594836
1.575261
1.568924
1.517783
1.581124
1.536436
1.520015
1.524120
1.531216
1.521115
1.530037
1.510903
1.505743
1.565210
1.563891
1.573501
1.525567
1.535973
1.529631
1.521783
1.540079
1.534735
1.508644
1.522536
1.603544
1.575198
1.577411
1.522681
1.522350
1.530056
1.542756
1.504435
1.530447
1.573381
1.518375
1.597003
1.762391
1.591182
1.514273
1.509627
1.519062
1.528227
1.524096
1.540399
1.555777
1.592561
1.574176
1.611530
1.534484
1.526189
1.543526
1.544934
1.542899
1.552530
1.551500
1.511671
1.590257
1.569925
1.564161
1.533552
1.515834
1.519801
1.566673
1.514940
1.549034
1.584060
1.507846
1.590152
1.574036
1.576585
1.545816
1.526559
1.527760
1.522160
1.555840
1.534672
1.573740
1.605562
1.792021
1.637831
1.525660
1.514052
1.522491
1.540720
1.515050
1.547568
1.519732
1.597941
1.605764
1.512537
1.554891
1.518952
1.527583
1.526550
1.551628
1.520632
1.551645
1.585628
1.575671
1.594792
1.526589
1.588343
1.513450
1.525194
1.538028
1.516726
1.516511
1.569154
1.576495
1.549612
1.936968
1.613824
1.520108
1.527667
1.522221
1.523279
1.530294
1.565196
1.635321
1.578129
1.570581
1.506298
1.559241
1.509379
1.520031
1.537269
1.519020
1.544991
1.557020
1.568184
1.542614
1.575536
1.518919
1.565243
1.548637
1.525281
1.538636
1.555104
1.525089
1.530648
1.607017
1.719056
1.792447
1.607220
1.534080
1.527287
1.527249
1.527325
1.521200
1.549975
1.603183
1.603043
1.566309
1.517824
1.569473
1.535146
1.519531
1.522036
1.524308
1.524267
1.559068
1.620545
1.597998
1.565222
1.530746
1.601924
1.521634
1.526910
1.537138
1.538816
1.539586
1.558087
1.565927
1.581160
1.843838
1.597149
1.521464
1.511039
1.514877
1.528385
1.518791
1.537906
1.609611
1.572543
1.561237
1.551080
1.560142
1.520701
1.524087
1.522138
1.517127
1.527080
1.558166
1.587948
1.582245
1.561663
1.505729
1.573384
1.516652
1.529975
1.522868
1.523211
1.517862
1.554854
1.573295
1.579566
1.604076
1.541927
1.555309
1.534825
1.518746
1.518899
1.530380
1.545653
1.539642
1.571585
1.711090
1.544616
1.627809
1.529368
1.549725
1.540871
1.519990
1.517071
1.567976
1.579300
1.569029
1.581775
1.522034
1.579729
1.558279
1.540687
1.541492
1.538664
1.518039
1.540786
1.575445
1.570176
1.579845
1.531193
1.578670
1.526202
1.545611
1.523363
1.536268
1.530324
1.552814
1.594772
1.708337
1.516820
1.581254
1.539277
1.523125
1.539051
1.530251
1.521479
1.554720
1.645342
1.560954
1.592537
1.537486
1.601581
1.516358
1.537582
1.510849
1.527443
1.522253
1.568021
1.601550
1.569114
1.564152
1.557420
1.603027
1.549865
1.517518
1.526677
1.537515
1.521208
1.551698
1.557574
1.558338
1.808052
1.589797
1.523619
1.524600
1.520195
1.525247
1.530109
1.549090
1.806787
1.764259
1.660385
1.583995
1.641420
1.592013
1.600588
1.593574
1.606680
1.586486
1.691854
1.733474
1.891076
1.848888
1.666249
1.616274
1.525624
1.529778
1.521532
1.597413
1.541085
1.669537
1.570962
1.503549
1.581687
1.538148
1.536257
1.513663
1.519093
1.531039
1.565719
1.591988
1.549281
1.569895
1.586727
1.597550
1.515635
1.546736
1.547743
1.515930
1.594776
1.544883
1.612818
1.694372
1.838784
1.588851
1.533702
1.568195
1.514657
1.545393
1.520216
1.563301
1.651189
1.564055
1.570298
1.544255
1.590299
1.526839
1.524827
1.513845
1.520166
1.547747
1.597612
1.602725
1.567306
1.573129
1.518788
1.639216
1.500025
1.500732
1.573660
1.500521
1.587419
1.591409
1.617049
1.591713
1.540282
1.649731
1.506982
1.509422
1.510581
1.490197
1.519977
1.542567
1.599734
1.582715
1.626079
1.522347
1.608774
1.523280
1.555951
1.562519
1.511014
1.589800
1.602997
1.661789
1.593138
1.810945
1.512532
1.595765
1.582197
1.504393
1.509468
1.552284
1.613255
1.641211
1.588210
1.585673
1.557730
1.578561
1.585657
1.586455
1.521051
1.546860
1.546785
1.651235
1.571908
1.564143
1.590879
1.521876
1.643905
1.512315
1.497460
1.531450
1.624019
1.592490
1.680175
1.595204
1.639845
1.528025
1.602512
1.503198
1.510642
1.562347
1.559665
1.509376
1.639131
1.650446
1.579538
1.632385
1.518970
1.574287
1.537909
1.543520
1.516753
1.516022
1.523208
1.545828
1.613360
1.572166
1.909578
1.569074
1.528525
1.517935
1.537257
1.514752
1.525929
1.542557
1.555744
1.573759
1.741951
1.524895
1.588676
1.513670
1.549486
1.518266
1.562999
1.529931
1.681151
1.742827
1.563376
1.514841
1.524829
1.571560
1.514910
1.528319
1.523365
1.520097
1.525050
1.603878
1.621365
1.571800
1.511639
1.566253
1.548439
1.519523
1.527322
1.529024
1.515853
1.528277
1.591169
1.570412
1.561831
1.523966
1.571755
1.529491
1.552264
1.525137
1.521275
1.528260
1.628154
1.816161
1.518228
1.561489
1.525146
1.580194
1.521131
1.520020
1.522991
1.519135
1.540800
1.586685
1.575938
1.569984
1.532596
1.590013
1.565458
1.522335
1.530722
1.519963
1.535256
1.617489
1.557303
1.583295
1.567490
1.516737
1.579917
1.522575
1.525661
1.533308
1.522252
1.518024
1.590266
1.659068
1.576357
1.565454
1.522662
1.565158
1.571218
1.510006
1.502479
1.528933
1.532824
1.601191
1.600543
1.572542
1.514035
1.527674
1.675128
1.519742
1.537066
1.523129
1.518947
1.550436
1.565613
1.682844
1.575889
1.504095
1.575157
1.523905
1.520681
1.524956
1.530562
1.519033
1.645202
1.679801
1.573626
1.593894
1.560530
1.558916
1.535265
1.549080
1.519163
1.562784
1.519545
1.588581
1.578271
1.719406
1.514720
1.568170
1.540245
1.520217
1.522923
1.571589
1.509263
1.574007
1.649626
1.629096
1.576856
1.526776
1.571666
1.525837
1.537180
1.521192
1.523168
1.525658
1.614711
1.572862
1.596410
1.563811
1.522869
1.585668
1.519008
1.515855
1.534427
1.514954
1.528411
1.627934
1.693117
1.552429
1.529158
1.588790
1.528206
1.534958
1.522197
1.527057
1.560294
1.569014
1.585300
1.577244
1.560949
1.546332
1.586713
1.512482
1.505102
1.543060
1.547599
1.529874
1.635985
1.565960
1.619349
1.581383
1.522841
1.562159
1.527127
1.526257
1.516208
1.528188
1.529537
1.601149
1.605930
1.552577
1.606115
1.669460
1.519615
1.513779
1.526882
1.519163
1.527305
1.545742
1.555054
1.565334
1.557313
1.518175
1.588864
1.548636
1.510700
1.536361
1.548681
1.517152
1.579064
1.596802
1.567481
1.552904
1.546285
1.574201
1.532101
1.526123
1.524283
1.527353
1.534359
1.616669
1.592423
1.564252
1.562063
1.534955
1.616621
1.517027
1.526136
1.530171
1.519096
1.529103
1.560201
1.588464
1.561313
1.518071
1.568926
1.511843
1.559576
1.510031
1.527569
1.537012
1.553617
1.610018
1.593495
1.560451
1.511008
1.577957
1.534581
1.519733
1.536588
1.537651
1.585519
1.621028
1.680628
1.551853
1.570052
1.530787
1.593347
1.537735
1.510636
1.523844
1.610433
1.512750
1.583506
1.597459
1.570142
1.532658
1.607312
1.527231
1.539818
1.528119
1.522710
1.554856
1.524782
1.612247
1.591867
1.560930
1.536213
1.594132
1.528233
1.539100
1.517844
1.524104
1.530627
1.651019
1.619076
1.558867
1.564013
1.537860
1.581250
1.523644
1.523935
1.525203
1.520230
1.523111
1.594904
1.597262
1.833101
1.519608
1.581001
1.514382
1.519856
1.519076
1.542473
1.553934
1.646470
1.686006
1.585980
1.566948
1.544751
1.569005
1.517624
1.529058
1.523150
1.527848
1.558039
1.593407
1.569323
1.854214
1.780760
1.688105
1.627803
1.590899
1.571827
1.584504
1.598157
1.665866
1.725887
1.688117
1.902170
1.638153
1.679227
1.782617
1.853849
1.588545
1.562219
1.682639
1.716477
1.586557
1.553382
1.585714
1.547635
1.546260
1.542059
1.564717
1.542386
1.748246
1.589309
1.591309
1.627374
1.520051
1.603364
1.530478
1.520858
1.555707
1.530902
1.516645
1.632386
1.602530
1.612125
1.601328
1.601911
1.529634
1.534156
1.527793
1.519794
1.527943
1.575262
1.634034
1.639419
1.566837
1.543429
1.612829
1.520846
1.549742
1.532422
1.536118
1.551560
1.702950
1.678137
1.533074
1.620295
1.574069
1.630444
1.848888
1.894025
1.606045
1.521435
1.594873
1.629196
1.593759
1.613231
1.514493
1.591616
1.523302
1.521982
1.531019
1.517269
1.522130
1.616950
1.577445
1.560883
1.642056
1.616160
1.544217
1.513785
1.509357
1.530033
1.522850
1.573328
1.607574
1.560829
1.587647
1.516046
1.657890
1.533869
1.514286
1.543124
1.520615
1.526314
1.575789
1.578092
1.634962
1.671075
1.513275
1.564711
1.547093
1.543041
1.502488
1.540298
1.600793
1.629854
1.621963
1.663717
1.510015
1.623495
1.534030
1.532293
1.512622
1.516295
1.572111
1.543281
1.614127
1.543301
1.600933
1.614342
1.566283
1.537969
1.521374
1.521997
1.542453
1.543642
1.570358
1.602196
1.570931
1.555025
1.519987
1.587125
1.527944
1.534952
1.519195
1.544554
1.540786
1.570468
1.575260
1.696041
1.512334
1.566179
1.564589
1.535431
1.516106
1.536515
1.521001
1.622913
1.686674
1.557961
1.556213
1.539057
1.572510
1.523192
1.533406
1.524271
1.519198
1.527000
1.551903
1.587706
1.572376
1.557021
1.518026
1.600023
1.507512
1.534283
1.529479
1.521013
1.523219
1.600737
1.581631
1.652676
1.547928
1.576219
1.512557
1.527256
1.518046
1.521064
1.520908
1.610710
1.593476
1.586508
1.560366
1.539367
1.591538
1.516008
1.494356
1.523946
1.515633
1.527016
1.589966
1.608742
1.557834
1.575701
1.522110
1.593185
1.561915
1.524420
1.522375
1.544354
1.564221
1.621816
1.573304
1.557840
1.548853
1.688690
1.569711
1.592634
1.516744
1.538493
1.520650
1.592567
1.613705
1.541987
1.631723
1.513344
1.587588
1.601002
1.512948
1.543765
1.572319
1.547909
1.677098
1.644799
1.628534
1.511785
1.527217
1.568373
1.522976
1.560836
1.517744
1.511024
1.545638
1.608199
1.628142
1.590283
1.518449
1.614710
1.519853
1.580600
1.506962
1.524998
1.507886
1.597242
1.689417
1.677690
1.559276
1.535679
1.569079
1.494426
1.504426
1.490792
1.515287
1.536515
1.620295
1.588772
1.560297
1.649515
1.537946
1.604192
1.520895
1.508958
1.549617
1.510694
1.539677
1.588740
1.612238
1.569609
1.516785
1.572262
1.551494
1.533145
1.512810
1.513905
1.518774
1.605230
1.596708
1.562558
1.561070
1.543344
1.630781
1.509912
1.513512
1.541382
1.506529
1.538640
1.563290
1.590820
1.600066
1.567281
1.513028
1.574094
1.523970
1.557452
1.510632
1.578515
1.608955
1.595401
1.620112
1.572468
1.505481
1.631043
1.508348
1.569510
1.518642
1.513057
1.555840
1.576662
1.623547
1.553485
1.552919
1.518787
1.574255
1.547066
1.499210
1.541577
1.569651
1.538340
1.602376
1.662257
1.514761
1.581502
1.522103
1.595236
1.521004
1.531259
1.511092
1.507705
1.588928
1.620797
1.593786
1.586342
1.510979
1.593497
1.533629
1.516986
1.505502
1.531187
1.536493
1.586503
1.668181
1.603505
1.545547
1.531073
1.617621
1.539014
1.546640
1.561150
1.510907
1.522165
1.617641
1.656885
1.544488
1.555431
1.541077
1.557901
1.535169
1.553032
1.534045
1.516091
1.565114
1.613212
1.613899
1.569807
1.525822
1.602283
1.503412
1.553782
1.509905
1.514152
1.655475
1.584373
1.610148
1.567248
1.555848
1.552566
1.618940
1.512103
1.560695
1.516642
1.522235
1.569370
1.615479
1.599210
1.612997
1.655990
1.543062
1.546634
1.542414
1.514277
1.546645
1.520837
1.562458
1.648270
1.670654
1.564551
1.520054
1.578190
1.524541
1.519029
1.533345
1.518063
1.519051
1.559153
1.583423
1.562828
1.572406
1.526225
1.565074
1.534146
1.500677
1.531456
1.518218
1.522108
1.583757
1.616335
1.588868
1.556872
1.548559
1.575956
1.499056
1.528037
1.517704
1.524387
1.544630
1.572825
1.570219
1.577738
1.512909
1.627165
1.532371
1.529438
1.525245
1.532298
1.521153
1.545856
1.600826
1.658812
1.580098
1.537262
1.574731
1.517731
1.540228
1.543907
1.533025
1.554870
1.567974
1.572224
1.575028
1.561776
1.520540
1.592169
1.519614
1.525163
1.525360
1.520809
1.528571
1.587596
1.567914
1.511825
1.608949
1.525634
1.578531
1.531133
1.522079
1.513032
1.525057
1.529729
1.577207
1.595869
1.556475
1.521824
1.589144
1.522619
1.523150
1.532394
1.513991
1.522145
1.535653
1.582715
1.564694
1.561868
1.524541
1.570255
1.532040
1.547831
1.540364
1.527375
1.543529
1.589106
1.642712
1.578311
1.558909
1.593397
1.562704
1.552909
1.539631
1.508725
1.531466
1.577510
1.640406
1.575233
1.581298
1.582651
1.630946
1.520539
1.518141
1.513189
1.515923
1.511053
1.608401
1.630892
1.546763
1.579594
1.544999
1.581536
1.530108
1.552324
1.507702
1.517161
1.545847
1.688373
1.708055
1.601559
1.558476
1.513695
1.625812
1.504623
1.507917
1.560673
1.513103
1.581490
1.598204
1.569189
1.591278
1.516277
1.577237
1.514558
1.551750
1.538492
1.509791
1.523365
1.624939
1.680984
1.592324
1.564341
1.541620
1.598162
1.516810
1.530536
1.529942
1.524377
1.555018
1.705908
1.573443
1.562875
1.622829
1.527468
1.566181
1.522999
1.512889
1.518962
1.530242
1.535470
1.610403
1.599417
1.552521
1.531215
1.577660
1.521618
1.522237
1.532215
1.526449
1.529187
1.561698
1.607987
1.569680
1.554390
1.515783
1.579172
1.552700
1.547705
1.525251
1.525399
1.540677
1.551858
1.575548
1.550839
1.560006
1.543128
1.581950
1.549097
1.517414
1.543202
1.526099
1.551727
1.508680
1.589042
1.587307
1.576598
1.657766
1.537763
1.519835
1.526192
1.525268
1.524180
1.707976
1.567532
1.514071
1.580615
1.597664
1.572438
1.519820
1.539357
1.526416
1.523156
1.553879
1.689117
1.616887
1.541756
1.600025
1.602808
1.621149
1.529995
1.533237
1.527329
1.541332
1.558148
1.583662
1.597240
1.640771
1.590068
1.558092
1.544875
1.527088
1.514777
1.577243
1.526944
1.588174
1.588089
1.517992
1.627292
1.658613
1.581549
1.542513
1.513894
1.556787
1.512967
1.534421
1.611362
1.575002
1.578422
1.670972
1.512785
1.568064
1.555275
1.508890
1.536813
1.536282
1.589719
1.560654
1.614476
1.615844
1.568854
1.623306
1.522453
1.514770
1.546695
1.512012
1.516770
1.687453
1.621167
1.573075
1.611721
1.605296
1.585777
1.527695
1.537411
1.521869
1.534347
1.551983
1.709479
1.600501
1.563800
1.670552
1.559660
1.515553
1.533413
1.522173
1.524244
1.514920
1.625659
1.589781
1.500864
1.601807
1.555867
1.582231
1.538209
1.516767
1.518985
1.526959
1.522037
1.615609
1.574207
1.516767
1.593549
1.560360
1.577014
1.516882
1.536424
1.519076
1.517729
1.529519
1.589971
1.564863
1.595866
1.644063
1.559880
1.541241
1.541356
1.548041
1.524123
1.520862
1.541681
1.626238
1.569608
1.567078
1.566815
1.575078
1.526434
1.532419
1.520942
1.519987
1.539906
1.598650
1.558607
1.526667
1.593495
1.521708
1.590721
1.524032
1.552687
1.523311
1.518251
1.514367
1.582222
1.558033
1.646267
1.593791
1.510781
1.656907
1.535054
1.515984
1.521196
1.526245
1.624856
1.588209
1.594525
1.594849
1.529079
1.580727
1.521649
1.519019
1.532432
1.526594
1.557842
1.610897
1.598644
1.563178
1.580360
1.532301
1.586876
1.547652
1.529980
1.523973
1.523870
1.525579
1.601894
1.611512
1.618379
1.624074
1.632254
1.559074
1.513910
1.554266
1.519749
1.555642
1.599857
1.600784
1.568703
1.595795
1.609189
1.615258
1.531237
1.519158
1.522018
1.527233
1.524342
1.561005
1.645232
1.715192
1.663333
1.542819
1.572434
1.523028
1.538461
1.519998
1.520923
1.549237
1.753172
1.590466
1.571136
1.522679
1.579409
1.526934
1.518107
1.519782
1.542470
1.525315
1.606081
1.589661
1.510483
1.561959
1.526857
1.586394
1.526594
1.530165
1.516650
1.518144
1.546257
1.574286
1.579345
1.661460
1.687971
1.529033
1.579562
1.518928
1.520100
1.531368
1.523426
1.585581
1.522183
1.568560
1.583164
1.519454
1.568103
1.516780
1.548604
1.509052
1.505711
1.513860
1.576426
1.551334
1.686914
1.553405
1.514974
1.578710
1.542716
1.532922
1.533278
1.512627
1.536719
1.579065
1.566954
1.597649
1.563373
1.531731
1.571569
1.541521
1.548937
1.512596
1.538496
1.517003
1.636808
1.584073
1.585547
1.524597
1.581169
1.518127
1.521074
1.531425
1.520142
1.515166
1.677773
1.595878
1.684859
1.600079
1.540373
1.566898
1.543063
1.508610
1.519022
1.540461
1.595474
1.572127
1.581237
1.740848
1.669619
1.499003
1.543809
1.491049
1.514678
1.536456
1.515067
1.584589
1.514776
1.580611
1.572360
1.510942
1.571048
1.520820
1.519817
1.523239
1.536367
1.521772
1.530475
1.562943
1.566703
1.565817
1.538059
1.588125
1.552923
1.513540
1.528137
1.515930
1.538201
1.587076
1.571889
1.554695
1.568793
1.544685
1.594649
1.513652
1.523414
1.528054
1.527291
1.526221
1.592895
1.586612
1.716783
1.523353
1.523313
1.570349
1.529109
1.521250
1.526271
1.527423
1.605174
1.568815
1.607750
1.574222
1.511569
1.573422
1.553327
1.531419
1.538156
1.518666
1.523152
1.575440
1.625583
1.561580
1.563577
1.499474
1.565665
1.541648
1.519909
1.523994
1.529098
1.513000
1.542721
1.563690
1.574382
1.554107
1.544361
1.610703
1.528799
1.526764
1.520758
1.517062
1.554121
1.589241
1.565849
1.568308
1.524671
1.525793
1.589767
1.513483
1.516023
1.526115
1.519975
1.535521
1.584417
1.583348
1.561015
1.526553
1.565510
1.509614
1.545126
1.519470
1.524296
1.521151
1.597263
1.565206
1.651154
1.551910
1.522348
1.577979
1.518145
1.515976
1.523226
1.517163
1.520079
1.596400
1.569092
1.521973
1.577799
1.540663
1.567216
1.525658
1.521245
1.519945
1.525410
1.540946
1.587024
1.580961
1.571108
1.550691
1.533308
1.573430
1.518894
1.521176
1.523289
1.516035
1.545670
1.576734
1.642297
1.558422
1.542450
1.594492
1.536864
1.513928
1.522125
1.532225
1.514963
1.551744
1.577762
1.566483
1.590254
1.526008
1.563797
1.507481
1.530181
1.514847
1.525318
1.536103
1.588840
1.575191
1.561817
1.555839
1.507947
1.571348
1.515668
1.510142
1.529358
1.519054
1.527415
1.573188
1.600732
1.573001
1.543091
1.518807
1.568656
1.530327
1.513847
1.513900
1.559098
1.556780
1.565007
1.573774
1.559645
1.563625
1.611026
1.524409
1.494351
1.520765
1.559653
1.505551
1.661972
1.653497
1.658100
1.561360
1.503369
1.584731
1.523624
1.510427
1.512781
1.527098
1.520212
1.589954
1.562834
1.559820
1.544732
1.515692
1.568065
1.529074
1.523799
1.516618
1.512674
1.539245
1.582673
1.561521
1.550808
1.495536
1.627044
1.518723
1.512658
1.536408
1.519028
1.519546
1.566115
1.576748
1.664667
1.799512
1.538931
1.567424
1.521722
1.523930
1.511974
1.528126
1.534464
1.589968
1.570365
1.570107
1.555003
1.532948
1.575246
1.522287
1.521921
1.541766
1.518702
1.525288
1.604269
1.568784
1.558998
1.517916
1.512595
1.672731
1.545250
1.538149
1.559081
1.525311
1.602825
1.588892
1.560932
1.558964
1.514677
1.575644
1.520879
1.539561
1.552903
1.538221
1.541931
1.597283
1.574301
1.581529
1.561612
1.508606
1.594013
1.524422
1.522013
1.538846
1.521024
1.551636
1.559871
1.580817
1.559085
1.614169
1.540073
1.568365
1.525141
1.527006
1.505477
1.519823
1.582296
1.573528
1.570160
1.571786
1.512243
1.556876
1.538980
1.545705
1.547015
1.528171
1.563910
1.644924
1.616074
1.564105
1.557899
1.532138
1.582809
1.524578
1.524139
1.521488
1.526983
1.535505
1.643920
1.572036
1.571870
1.563401
1.519922
1.587583
1.542677
1.513768
1.534317
1.513858
1.573518
1.610074
1.571044
1.568004
1.510907
1.572783
1.523004
1.522053
1.528157
1.512666
1.532620
1.552156
1.578714
1.564967
1.596055
1.528148
1.615750
1.504135
1.516522
1.533116
1.522520
1.521724
1.687925
1.676665
1.569443
1.589091
1.524082
1.578788
1.533210
1.539809
1.525134
1.523237
1.520877
1.616715
1.582804
1.549028
1.516969
1.589915
1.515365
1.545725
1.530307
1.516016
1.521215
1.549829
1.532350
1.573573
1.572450
1.506651
1.567862
1.554466
1.517921
1.520042
1.563096
1.512103
1.590761
1.586364
1.603254
1.560930
1.534035
1.570312
1.520742
1.520114
1.522170
1.517948
1.531509
1.591799
1.580391
1.535140
1.565259
1.511378
1.586158
1.527377
1.523895
1.545994
1.520968
1.537445
1.598735
1.573145
1.574360
1.521577
1.602058
1.529781
1.534660
1.521923
1.522297
1.528109
1.535591
1.575618
1.670317
1.559575
1.543285
1.603811
1.521001
1.515932
1.524260
1.512038
1.523316
1.537166
1.564034
1.559790
1.570594
1.532812
1.561947
1.532912
1.523469
1.518156
1.546806
1.524990
1.573524
1.575442
1.521846
1.562797
1.564575
1.566830
1.526026
1.527002
1.526069
1.520116
1.539533
1.572870
1.586337
1.559562
1.551452
1.565644
1.535570
1.538588
1.524792
1.523582
1.517917
1.548942
1.659412
1.564928
1.553879
1.525673
1.575393
1.516644
1.529472
1.519038
1.511945
1.518062
1.585775
1.571073
1.741670
1.595750
1.518880
1.577460
1.516531
1.556365
1.528763
1.541372
1.549877
1.614503
1.590248
1.569970
1.527204
1.644870
1.517231
1.519728
1.517544
1.535587
1.551983
1.661250
1.673601
1.585469
1.554885
1.517946
1.606013
1.507362
1.520142
1.534035
1.518990
1.529443
1.593819
1.564254
1.567286
1.572052
1.525653
1.569453
1.535921
1.516760
1.522134
1.525177
1.525238
1.593973
1.578483
1.657070
1.523037
1.691391
1.525581
1.516817
1.533315
1.512991
1.577699
1.621540
1.575262
1.582715
1.584237
1.541737
1.579866
1.516784
1.517936
1.517949
1.514794
1.515040
1.579887
1.606287
1.579643
1.553576
1.527805
1.591593
1.521565
1.535356
1.523183
1.518037
1.538599
1.592812
1.565057
1.589726
1.585585
1.523203
1.594104
1.520014
1.524540
1.524028
1.525392
1.583922
1.557331
1.560884
1.592875
1.530225
1.551009
1.503647
1.528015
1.514605
1.521981
1.529470
1.589795
1.555408
1.574253
1.556533
1.515744
1.565429
1.536802
1.522066
1.537116
1.518884
1.520031
1.589986
1.588700
1.571364
1.571884
1.525998
1.577663
1.522717
1.516235
1.528937
1.528147
1.540758
1.602168
1.577147
1.543330
1.586167
1.533714
1.567297
1.523476
1.556728
1.519606
1.518263
1.630799
1.616360
1.576476
1.573324
1.516381
1.569059
1.531572
1.513662
1.522130
1.522083
1.524260
1.599235
1.609100
1.573408
1.565261
1.560426
1.578741
1.512773
1.537232
1.512890
1.524317
1.531292
1.654767
1.578060
1.566251
1.575339
1.521911
1.555202
1.524876
1.518246
1.531265
1.520401
1.610583
1.544766
1.601107
1.571488
1.554647
1.588742
1.537116
1.553575
1.543552
1.516101
1.542288
1.550338
1.577148
1.555381
1.562954
1.522637
1.579267
1.517702
1.540622
1.536301
1.521284
1.517085
1.606163
1.557987
1.559089
1.592826
1.534234
1.581286
1.552605
1.600610
1.519109
1.510966
1.665501
1.629838
1.588718
1.555923
1.512028
1.572847
1.522288
1.521181
1.535442
1.519103
1.529583
1.545680
1.575336
1.688381
1.583574
1.520933
1.580695
1.544213
1.546878
1.518994
1.521085
1.520223
1.597200
1.584712
1.554759
1.560277
1.520917
1.563801
1.554248
1.517029
1.515738
1.553215
1.558648
1.582022
1.570779
1.525152
1.648448
1.516664
1.680034
1.520961
1.524284
1.533510
1.528400
1.612540
1.675110
1.555803
1.569269
1.582357
1.601638
1.514282
1.528250
1.529008
1.522574
1.523836
1.544920
1.556115
1.566229
1.571943
1.573510
1.601422
1.549389
1.534879
1.538733
1.523312
1.524893
1.586668
1.567976
1.580106
1.719289
1.579366
1.521530
1.525383
1.521153
1.523103
1.530412
1.587684
1.601819
1.516081
1.572119
1.586426
1.632457
1.533872
1.557310
1.539291
1.539604
1.519853
1.589749
1.566749
1.523216
1.588699
1.567089
1.558876
1.535986
1.531927
1.532462
1.536749
1.547317
1.583910
1.586530
1.572977
1.694917
1.596631
1.521822
1.526157
1.535176
1.527217
1.517063
1.596004
1.576903
1.498422
1.616561
1.635340
1.571718
1.515952
1.502764
1.573341
1.559953
1.517150
1.599500
1.574272
1.560668
1.590074
1.535921
1.606596
1.551415
1.614959
1.536291
1.527503
1.594742
1.580450
1.615932
1.629972
1.552419
1.598247
1.547887
1.524761
1.517925
1.539444
1.538595
1.633933
1.603998
1.552311
1.597413
1.542828
1.581267
1.518144
1.546472
1.523914
1.540784
1.549819
1.622512
1.612797
1.632119
1.931871
1.592692
1.538116
1.531358
1.524348
1.560057
1.514084
1.604196
1.575212
1.585421
1.581235
1.534887
1.577580
1.566057
1.518946
1.545344
1.547549
1.565044
1.575670
1.600878
1.578047
1.571863
1.520537
1.599378
1.563003
1.516835
1.578498
1.540784
1.540978
1.561678
1.584328
1.562914
1.562073
1.572167
1.523635
1.539938
1.525026
1.517052
1.532444
1.666978
1.556750
1.569882
1.559843
1.553425
1.598078
1.505263
1.516465
1.534919
1.526369
1.518269
1.616129
1.587868
1.633171
1.592620
1.525251
1.574078
1.526148
1.533418
1.509797
1.531319
1.522173
1.575693
1.569546
1.558108
1.508209
1.648705
1.526156
1.529372
1.527199
1.529076
1.522433
1.682056
1.678017
1.554827
1.565049
1.518584
1.561964
1.561706
1.517820
1.529138
1.522910
1.524191
1.588255
1.581899
1.557849
1.560802
1.555934
1.575319
1.549811
1.525245
1.513017
1.523194
1.534385
1.603476
1.682733
1.581296
1.530575
1.592277
1.527252
1.523077
1.514633
1.525368
1.512817
1.575595
1.711076
1.587191
1.558397
1.527515
1.569700
1.514352
1.539394
1.521682
1.520440
1.531430
1.625606
1.690926
1.610430
1.567488
1.514614
1.574628
1.545746
1.505471
1.520006
1.521076
1.555747
1.636169
1.563215
1.567666
1.524138
1.609913
1.541553
1.550683
1.538518
1.525215
1.525175
1.613696
1.566820
1.554725
1.566144
1.524318
1.583528
1.522991
1.519962
1.528391
1.514952
1.527247
1.640347
1.574062
1.550746
1.599871
1.528901
1.596100
1.515372
1.545317
1.515495
1.544310
1.570433
1.589483
1.573527
1.573683
1.523117
1.539283
1.563332
1.543170
1.526082
1.541577
1.536168
1.563764
1.570475
1.578063
1.565268
1.520022
1.599268
1.525746
1.525182
1.520768
1.533170
1.512941
1.539443
1.596546
1.639801
1.650279
1.545577
1.564195
1.516561
1.536716
1.515877
1.530132
1.525216
1.585676
1.570899
1.582231
1.561823
1.507288
1.584783
1.515056
1.538346
1.529736
1.518623
1.524015
1.605217
1.602598
1.645164
1.546301
1.572611
1.524875
1.538412
1.530053
1.519050
1.527364
1.537630
1.575239
1.563890
1.567244
1.547407
1.568529
1.519463
1.516244
1.540723
1.516093
1.516007
1.596785
1.678957
1.588652
1.571265
1.515747
1.572229
1.545555
1.509900
1.542962
1.550694
1.530281
1.581453
1.593897
1.556840
1.540451
1.535552
1.662429
1.516806
1.536206
1.520013
1.520269
1.539204
1.569224
1.670585
1.560694
1.520554
1.570530
1.525977
1.525165
1.519102
1.535347
1.518111
1.543818
1.627565
1.577363
1.568078
1.523963
1.563606
1.529916
1.522107
1.527266
1.520897
1.541683
1.586913
1.608548
1.601954
1.570558
1.520885
1.586753
1.521973
1.544668
1.523498
1.517821
1.671843
1.578966
1.561272
1.567226
1.530896
1.573665
1.519553
1.536597
1.519993
1.517887
1.525254
1.586863
1.563766
1.561914
1.586816
1.515751
1.577400
1.523771
1.518871
1.527154
1.515331
1.520212
1.584745
1.584877
1.561438
1.573802
1.525909
1.579893
1.549933
1.510770
1.513720
1.555153
1.673589
1.582936
1.606302
1.577394
1.519980
1.581516
1.518020
1.527325
1.530291
1.524065
1.518120
1.599146
1.591746
1.655268
1.571953
1.528264
1.570325
1.524554
1.510706
1.518929
1.525442
1.518588
1.583697
1.601853
1.559057
1.577153
1.529472
1.588813
1.544356
1.544638
1.522213
1.543515
1.540607
1.590044
1.575014
1.630377
1.530115
1.529668
1.618888
1.525130
1.532483
1.553122
1.610650
1.592223
1.559872
1.559015
1.557578
1.526856
1.576095
1.524860
1.534451
1.520102
1.517083
1.537812
1.586858
1.570700
1.728316
1.575610
1.505843
1.573401
1.513651
1.525650
1.523815
1.523043
1.520863
1.750331
1.566131
1.563904
1.531632
1.524340
1.673353
1.540011
1.523124
1.527168
1.532466
1.530455
1.570243
1.671592
1.562661
1.529830
1.587779
1.523798
1.518089
1.529056
1.519137
1.530414
1.595129
1.568058
1.544523
1.582293
1.516498
1.569008
1.532083
1.520844
1.516942
1.527405
1.518093
1.578848
1.600089
1.551600
1.587631
1.555708
1.556192
1.513543
1.537044
1.523727
1.520893
1.569367
1.551805
1.567841
1.566024
1.509417
1.596785
1.526371
1.522780
1.530353
1.530893
1.548021
1.591096
1.581096
1.552282
1.566717
1.525409
1.567256
1.516609
1.532022
1.522248
1.542698
1.522933
1.585134
1.581658
1.578267
1.556718
1.504435
1.600555
1.522608
1.517149
1.527217
1.522921
1.526205
1.605489
1.558564
1.560458
1.570893
1.509741
1.572032
1.564890
1.538170
1.523998
1.528162
1.519110
1.575630
1.580232
1.576229
1.538498
1.590583
1.508641
1.512507
1.536786
1.517934
1.521381
1.591540
1.575061
1.557715
1.567159
1.540539
1.571746
1.529482
1.536219
1.594892
1.525885
1.555426
1.583782
1.587124
1.558480
1.568674
1.526380
1.573462
1.505601
1.539368
1.512849
1.516968
1.551883
1.559005
1.602533
1.573991
1.524250
1.578381
1.561832
1.507571
1.502818
1.510721
1.502665
1.520059
1.622839
1.606763
1.593975
1.579473
1.623948
1.522259
1.529896
1.519879
1.538404
1.524049
1.618077
1.600386
1.574823
1.586455
1.514660
1.606987
1.537543
1.518071
1.515888
1.533555
1.532522
1.616196
1.590642
1.521457
1.564556
1.513982
1.583794
1.543310
1.555925
1.507998
1.526654
1.683978
1.709058
1.659478
1.567026
1.576508
1.573240
1.517284
1.520562
1.520102
1.518003
1.552883
1.615742
1.589309
1.693531
1.572130
1.555738
1.595359
1.517526
1.555834
1.512799
1.529187
1.650913
1.570263
1.654276
1.607190
1.532425
1.653216
1.509301
1.552864
1.529268
1.509509
1.517938
1.576729
1.621640
1.746867
1.673948
1.507786
1.576128
1.552192
1.530129
1.508465
1.545613
1.564220
1.635421
1.591058
1.608335
1.522820
1.658858
1.538114
1.515163
1.527401
1.538591
1.520298
1.579215
1.597033
1.555837
1.611294
1.549885
1.557834
1.516819
1.515946
1.549617
1.500812
1.508018
1.782339
1.699348
1.597057
1.570770
1.528947
1.567622
1.517904
1.549936
1.511812
1.514825
1.747793
1.580436
1.635600
1.570273
1.521219
1.578926
1.530268
1.515926
1.517051
1.519017
1.531445
1.663736
1.593470
1.702540
1.580092
1.541736
1.588158
1.517474
1.519108
1.506436
1.513838
1.581451
1.594981
1.628952
1.625080
1.529617
1.526742
1.574613
1.578380
1.530223
1.535363
1.506955
1.598034
1.572968
1.690337
1.547858
1.518743
1.573740
1.554532
1.516922
1.510055
1.544164
1.548686
1.602197
1.561723
1.568115
1.571071
1.518593
1.621986
1.561864
1.544423
1.555940
1.540553
1.529344
1.592155
1.605741
1.580756
1.552485
1.531201
1.659523
1.533274
1.513896
1.563496
1.512086
1.535589
1.578367
1.667674
1.561561
1.518069
1.579891
1.538912
1.544395
1.555638
1.517438
1.510664
1.749098
1.739389
1.573094
1.566963
1.543542
1.598997
1.560774
1.508839
1.506035
1.546682
1.654682
1.593832
1.601735
1.574210
1.573418
1.579520
1.505143
1.525294
1.532270
1.542641
1.509809
1.700756
1.711360
1.587632
1.584533
1.537494
1.567014
1.519284
1.505591
1.516090
1.519070
1.532291
1.577640
1.664917
1.690041
1.503522
1.664981
1.512936
1.517742
1.543440
1.514054
1.517198
1.570403
1.631992
1.557049
1.606648
1.533977
1.594902
1.524783
1.525319
1.512776
1.524190
1.550664
1.655780
1.631439
1.639219
1.549259
1.547033
1.573317
1.519006
1.534545
1.521062
1.533432
1.528455
1.572204
1.601232
1.608758
1.659422
1.572384
1.523837
1.536288
1.540056
1.526765
1.515838
1.630950
1.623380
1.513532
1.641545
1.619451
1.574549
1.531608
1.533942
1.519986
1.524403
1.571193
1.611470
1.635529
1.572908
1.591348
1.505444
1.594543
1.525808
1.525190
1.533209
1.514852
1.521999
1.837221
1.675529
1.582478
1.641419
1.614699
1.543373
1.601292
1.519085
1.524272
1.547388
1.620989
1.623221
1.596922
1.626280
1.504056
1.568858
1.517873
1.532153
1.532269
1.519102
1.541784
1.616332
1.596973
1.560157
1.617864
1.565566
1.539340
1.560434
1.528901
1.521151
1.532963
1.635080
1.582566
1.571963
1.632517
1.598683
1.584167
1.517250
1.511109
1.544105
1.520982
1.519261
1.619313
1.575820
1.557711
1.644512
1.605058
1.671327
1.511462
1.510996
1.518567
1.524888
1.612465
1.575682
1.576529
1.584098
1.578313
1.597185
1.517415
1.525975
1.526207
1.525132
1.515056
1.616669
1.581537
1.740517
1.641874
1.593508
1.571799
1.532360
1.526776
1.533606
1.525664
1.601180
1.503450
1.586744
1.556944
1.634818
1.585830
1.537609
1.502524
1.525086
1.521337
1.526753
1.626579
1.594541
1.569523
1.598654
1.563849
1.555810
1.528697
1.539394
1.520804
1.531364
1.534492
1.652324
1.585907
1.553631
1.607653
1.519134
1.561084
1.523231
1.519945
1.508815
1.509934
1.520865
1.611506
1.581387
1.582593
1.539618
1.563858
1.527146
1.514916
1.523270
1.527168
1.520108
1.585840
1.515391
1.585323
1.555566
1.518829
1.567394
1.520761
1.529312
1.512860
1.515059
1.530488
1.589033
1.561831
1.584867
1.552809
1.514587
1.570102
1.511459
1.512977
1.527369
1.527354
1.531258
1.590968
1.600463
1.665326
1.604520
1.519010
1.553074
1.510940
1.518892
1.523293
1.522039
1.512968
1.586050
1.596981
1.558739
1.521219
1.630446
1.512007
1.519899
1.525278
1.522147
1.522343
1.534301
1.568333
1.597857
1.586456
1.506651
1.561513
1.533875
1.523292
1.519958
1.531336
1.519181
1.545020
1.637262
1.566800
1.563866
1.529234
1.571630
1.547311
1.533368
1.516159
1.545525
1.531313
1.572676
1.564739
1.519055
1.565461
1.521853
1.597030
1.518920
1.517051
1.531447
1.515012
1.580603
1.621499
1.597506
1.577071
1.523248
1.553858
1.507651
1.523795
1.522768
1.522976
1.557032
1.532455
1.574507
1.588688
1.558132
1.511894
1.587666
1.540198
1.518870
1.536409
1.574609
1.522335
1.716715
1.683762
1.587639
1.579169
1.517964
1.566407
1.555754
1.533191
1.521406
1.533180
1.524373
1.582797
1.574361
1.554675
1.534585
1.656286
1.510633
1.511154
1.534076
1.517110
1.516937
1.553129
1.562041
1.562308
1.579874
1.526777
1.581524
1.531130
1.524356
1.518759
1.532510
1.519105
1.565265
1.604994
1.562787
1.566590
1.517795
1.561734
1.521304
1.511604
1.521174
1.519022
1.526408
1.594297
1.575389
1.620064
1.566309
1.545651
1.585690
1.522034
1.532424
1.523992
1.521181
1.548132
1.596897
1.573168
1.569148
1.545183
1.608047
1.514540
1.557986
1.525450
1.546841
1.530284
1.625295
1.563350
1.728650
1.688660
1.518823
1.571141
1.550849
1.530499
1.537094
1.513985
1.524457
1.604271
1.597956
1.549620
1.576458
1.509390
1.575709
1.568736
1.542318
1.517849
1.534653
1.527558
1.601751
1.650526
1.590200
1.533416
1.589448
1.530092
1.533956
1.540086
1.519921
1.517090
1.631605
1.569760
1.578672
1.601672
1.537180
1.578595
1.539307
1.516007
1.542036
1.552732
1.531322
1.577747
1.602385
1.604074
1.573392
1.543607
1.570900
1.516847
1.546189
1.527128
1.526946
1.613540
1.526712
1.651046
1.727416
1.649177
1.703817
1.649426
1.750722
1.632965
1.679626
1.712744
1.730922
1.795144
1.697038
1.634682
1.707309
1.642892
1.684621
1.632194
1.663312
1.753555
1.702124
1.691050
1.690167
1.637281
1.695320
1.635178
1.651112
1.650104
1.635517
1.709039
1.708443
1.696986
1.703718
1.644804
1.694240
1.645382
1.648085
1.650276
1.675936
1.727001
1.680785
1.809637
1.693387
1.663957
1.702451
1.632637
1.684787
1.631520
1.648940
1.699502
1.697088
1.705258
1.694098
1.770045
1.723686
1.678675
1.641635
1.634594
1.681755
1.717987
1.764542
1.698559
1.639669
1.698934
1.634248
1.624693
1.679385
1.631767
1.709237
1.754805
1.711629
1.687969
1.652249
1.699939
1.651853
1.683869
1.651878
1.674940
1.529008
1.751034
1.581684
1.570001
1.515714
1.621485
1.532901
1.526210
1.515005
1.525349
1.524101
1.570483
1.596135
1.674773
1.580245
1.517093
1.570186
1.522571
1.534298
1.524255
1.526257
1.524389
1.588492
1.597295
1.748151
1.560698
1.536515
1.609029
1.536008
1.520283
1.535341
1.520045
1.620578
1.888687
1.567197
1.556412
1.519258
1.591481
1.522634
1.529556
1.521209
1.534290
1.537539
1.609941
1.578261
1.563111
1.576470
1.552237
1.579682
1.518922
1.519950
1.532708
1.523937
1.526173
1.626418
1.601290
1.569252
1.567822
1.518001
1.576389
1.524804
1.522124
1.518089
1.544957
1.524139
1.588087
1.582771
1.561663
1.564201
1.601421
1.533889
1.517949
1.531344
1.522298
1.523110
1.643146
1.714828
1.669335
1.577808
1.520754
1.580597
1.533259
1.527522
1.526742
1.526220
1.525374
1.628977
1.595564
1.569114
1.562010
1.544529
1.587074
1.526425
1.525963
1.519201
1.520952
1.673978
1.865101
1.573661
1.562753
1.533324
1.576711
1.550848
1.523206
1.528409
1.546762
1.537533
1.633058
1.699362
1.511316
1.559070
1.560506
1.561049
1.518865
1.536883
1.580680
1.551223
1.594777
1.866257
1.687843
1.575636
1.523507
1.575630
1.540413
1.536473
1.551820
1.560274
1.565232
1.600407
1.582695
1.782754
1.568309
1.538717
1.569317
1.552861
1.541470
1.537220
1.528210
1.603683
1.626339
1.590800
1.583151
1.530145
1.568532
1.536198
1.513553
1.529243
1.521132
1.517015
1.602010
1.856299
1.551770
1.553816
1.527145
1.598593
1.538546
1.556004
1.555113
1.521939
1.599035
1.568564
1.601001
1.583087
1.522066
1.523157
1.691909
1.541251
1.545719
1.583677
1.546476
1.644932
1.708734
1.713451
1.620845
1.561128
1.621694
1.555949
1.534024
1.542806
1.539463
1.551840
1.718513
1.576059
1.579321
1.539397
1.582566
1.541522
1.532235
1.532535
1.546848
1.524224
1.598612
1.592099
1.568518
1.587501
1.534330
1.574489
1.523865
1.538439
1.521196
1.530156
1.547739
1.633271
1.695151
1.556511
1.599014
1.566918
1.652253
1.553500
1.543461
1.555919
1.564430
1.692133
1.672117
1.601014
1.576608
1.549747
1.596135
1.562885
1.578486
1.571196
1.578259
1.597079
1.674270
1.732493
1.588410
1.549067
1.613107
1.555819
1.552301
1.537440
1.567176
1.555167
1.666608
1.802673
1.754503
1.633563
1.585961
1.638548
1.560789
1.608135
1.555701
1.551755
1.660574
1.638681
1.691876
1.588156
1.524968
1.600302
1.539833
1.569978
1.524157
1.568235
1.523293
1.630165
1.592865
1.570272
1.563987
1.563851
1.596564
1.533216
1.534509
1.542780
1.518998
1.552525
1.678913
1.822445
1.583616
1.521014
1.588881
1.549516
1.534302
1.545462
1.567277
1.550785
1.622975
1.582167
1.584590
1.565751
1.527956
1.587449
1.532750
1.536641
1.538392
1.533099
1.543739
1.653499
1.613628
1.615723
1.536333
1.625190
1.591003
1.573965
1.625353
1.553463
1.549538
1.651608
1.657253
1.828042
1.624914
1.560726
1.590550
1.593595
1.532287
1.545784
1.568747
1.600731
1.788729
1.608922
1.578125
1.577207
1.607432
1.569646
1.552598
1.537463
1.613161
1.563022
1.649839
1.618690
1.582006
1.644457
1.548969
1.687083
1.540460
1.549908
1.541527
1.553762
1.685928
1.878604
1.875383
1.582102
1.520809
1.615315
1.520808
1.525208
1.535710
1.525188
1.616206
1.672969
1.576414
1.556547
1.539480
1.597012
1.541141
1.579246
1.543645
1.553751
1.580571
1.648664
1.636286
1.569400
1.572182
1.552796
1.584531
1.529278
1.530364
1.542808
1.516947
1.527230
1.656539
1.784383
1.557445
1.538914
1.582055
1.523852
1.537555
1.535409
1.525045
1.534677
1.614424
1.597940
1.562494
1.568318
1.524477
1.603063
1.527098
1.515101
1.520204
1.545146
1.529064
1.668319
1.868352
1.605238
1.528391
1.511886
1.666431
1.527835
1.517492
1.527128
1.518932
1.617485
1.707404
1.573362
1.554020
1.545281
1.600136
1.518815
1.514892
1.531429
1.519780
1.526264
1.614059
1.567982
1.577650
1.570792
1.515450
1.596647
1.528583
1.521917
1.520184
1.521882
1.538569
1.702144
1.591402
1.548263
1.505870
1.537925
1.568717
1.541394
1.546802
1.537390
1.507882
1.624520
1.724143
1.657378
1.578059
1.532860
1.575009
1.554012
1.516798
1.536553
1.577423
1.517122
1.642515
1.695960
1.547363
1.565144
1.551947
1.578302
1.520188
1.525179
1.518032
1.526360
1.603754
1.605278
1.573706
1.565603
1.530757
1.596507
1.545303
1.501523
1.520273
1.527112
1.522217
1.621436
1.607570
1.560606
1.605919
1.519672
1.585170
1.525213
1.534124
1.528362
1.519061
1.536150
1.622303
1.590006
1.576426
1.563981
1.521071
1.574408
1.519612
1.523373
1.533882
1.526409
1.607322
1.617892
1.582424
1.559269
1.521847
1.592463
1.505347
1.528801
1.524006
1.517998
1.532974
1.606199
1.642975
1.584419
1.558864
1.529650
1.573353
1.519042
1.529697
1.529138
1.526939
1.524184
1.657494
1.666589
1.565041
1.584167
1.524941
1.573659
1.524241
1.525040
1.519156
1.558729
1.576436
1.558747
1.572766
1.571852
1.519131
1.634946
1.563678
1.528141
1.548543
1.520254
1.516699
1.550874
1.575323
1.768442
1.591440
1.538093
1.578391
1.517561
1.513636
1.542550
1.523887
1.531329
1.591836
1.592214
1.569028
1.565109
1.553932
1.582761
1.542414
1.546077
1.543368
1.532444
1.536637
1.607435
1.577095
1.577095
1.531850
1.578988
1.533462
1.522054
1.516019
1.536364
1.521194
1.680285
1.597563
1.659279
1.564143
1.534961
1.563283
1.522779
1.542575
1.524359
1.528249
1.533439
1.616716
1.571637
1.592704
1.576383
1.516121
1.590966
1.528112
1.545709
1.536425
1.530472
1.528377
1.648944
1.802155
1.589472
1.535014
1.616812
1.532005
1.571438
1.582565
1.595349
1.559867
1.682257
1.620239
1.516122
1.566467
1.543299
1.633369
1.533141
1.527133
1.570781
1.600372
1.551015
1.608869
1.588769
1.564978
1.535606
1.572120
1.519848
1.520932
1.535464
1.526065
1.539391
1.562147
1.593840
1.656863
1.571450
1.513797
1.580506
1.532308
1.561833
1.544504
1.526079
1.542535
1.613318
1.589535
1.514908
1.571568
1.528490
1.568308
1.545346
1.531400
1.524104
1.543262
1.539436
1.600151
1.647791
1.602840
1.558136
1.603053
1.526288
1.562992
1.568054
1.583461
1.571373
1.654472
1.617406
1.555893
1.590769
1.536847
1.566552
1.539360
1.503671
1.581019
1.577411
1.545090
1.721263
1.686479
1.586556
1.525658
1.581407
1.519687
1.526146
1.563118
1.546498
1.530403
1.667654
1.610396
1.608106
1.658493
1.606992
1.632019
1.559977
1.544703
1.577646
1.573247
1.601078
1.585550
1.622277
1.652926
1.564677
1.638791
1.552500
1.546713
1.536952
1.522052
1.519971
1.621839
1.577859
1.576877
1.573265
1.524980
1.569490
1.531644
1.511673
1.507775
1.544356
1.509846
1.600053
1.590568
1.556441
1.598506
1.558082
1.571225
1.528045
1.539357
1.542623
1.536464
1.577394
1.878476
1.699326
1.759859
1.648696
1.676913
1.613380
1.591991
1.599230
1.593799
1.612298
1.702135
1.671295
1.640474
1.570351
1.689834
1.789657
1.794865
1.658280
1.560875
1.571451
1.617691
1.599996
1.566901
1.573509
1.593192
1.538578
1.535447
1.526246
1.525196
1.524944
1.715152
1.688536
1.558379
1.566309
1.531005
1.599457
1.519419
1.527336
1.552218
1.560145
1.525381
1.607968
1.602068
1.587193
1.541376
1.683757
1.527898
1.555702
1.527882
1.569362
1.522461
1.545414
1.589342
1.663846
1.556906
1.557764
1.592470
1.540183
1.550677
1.562793
1.557663
1.564804
1.685286
1.596060
1.590663
1.592960
1.543910
1.582013
1.548280
1.534426
1.552548
1.540288
1.740623
1.698701
1.574122
1.556762
1.520045
1.622907
1.521536
1.531286
1.551510
1.554995
1.599829
1.663581
1.742235
1.565309
1.621856
1.534060
1.679906
1.535150
1.518942
1.552833
1.545680
1.549875
1.596689
1.668790
1.564192
1.560725
1.602140
1.531206
1.536561
1.537162
1.527361
1.535434
1.620963
1.619990
1.538486
1.611955
1.540871
1.590663
1.561723
1.538459
1.511812
1.553871
1.559002
1.658188
1.605724
1.565244
1.534020
1.622769
1.544249
1.518936
1.532321
1.531108
1.521105
1.587890
1.691692
1.712276
1.565596
1.532338
1.622521
1.551706
1.559859
1.523112
1.537163
1.554389
1.579757
1.593252
1.799070
1.544400
1.607141
1.512103
1.515644
1.538685
1.518455
1.523004
1.563059
1.872037
1.601969
1.589924
1.509368
1.587612
1.521120
1.523089
1.525046
1.535378
1.548810
1.626969
1.585540
1.605979
1.593351
1.520689
1.577545
1.556855
1.535065
1.525088
1.521102
1.579653
1.584324
1.569932
1.605140
1.531195
1.569437
1.543629
1.519542
1.530764
1.535247
1.522387
1.595989
1.610581
1.559583
1.615198
1.523877
1.569137
1.515199
1.551169
1.521244
1.527139
1.576436
1.626842
1.608658
1.568608
1.641809
1.701083
1.521868
1.517749
1.523121
1.548391
1.521222
1.639271
1.693783
1.679545
1.586907
1.539162
1.614213
1.530633
1.544278
1.518979
1.520083
1.534418
1.630783
1.704381
1.594557
1.620095
1.665827
1.576915
1.540714
1.545112
1.591804
1.564345
1.685861
1.672953
1.640502
1.616979
1.584027
1.629638
1.588235
1.601866
1.577561
1.574957
1.548570
1.635111
1.624409
1.613600
1.610453
1.669573
1.637949
1.594721
1.617525
1.644068
1.612158
1.698385
1.735373
1.605174
1.521890
1.593132
1.529731
1.517510
1.529744
1.527403
1.518655
1.607105
2.424345
2.425322
2.403668
1.917014
1.668395
1.653031
1.634338
1.676501
1.599016
1.586777
1.526973
1.580483
1.512815
1.573744
1.529682
1.525327
1.521152
1.523789
1.623843
1.545123
1.588129
1.559367
1.530399
1.617026
1.524501
1.525260
1.538477
1.557040
1.567049
1.662730
1.639032
1.740311
1.632033
1.563442
1.577326
1.558477
1.529445
1.521122
1.550930
1.542452
1.580364
1.584257
1.553766
1.514879
1.677271
1.527067
1.521764
1.535290
1.515839
1.524084
1.550875
1.577300
1.571881
1.571808
1.517023
1.595746
1.552635
1.556058
1.558915
1.573239
1.533260
1.613477
1.608047
1.578359
1.565029
1.546722
1.568053
1.517150
1.529639
1.526927
1.532180
1.589747
1.600969
1.577916
1.578078
1.550013
1.652188
1.530895
1.529143
1.532172
1.541596
1.547614
1.637369
1.627818
1.576347
1.601946
1.533577
1.603091
1.563261
1.570234
1.567109
1.566156
1.565018
1.675913
1.657664
1.779873
1.624587
1.775922
1.735578
1.778189
1.674560
1.627247
1.597831
1.655564
1.633766
1.593229
1.552860
1.595209
1.553972
1.568172
1.565780
1.595699
1.541768
1.777280
1.696766
1.614800
1.591275
1.538299
1.583446
1.568121
1.523304
1.535289
1.553629
1.526060
1.606697
1.600457
1.569958
1.566926
1.596315
1.546261
1.533276
1.532248
1.528061
1.543295
1.623111
1.585856
1.585594
1.585182
1.529853
1.583374
1.528275
1.536408
1.516869
1.540513
1.525936
1.588176
1.594474
1.536022
1.568291
1.545050
1.592204
1.539974
1.563152
1.560893
1.560062
1.613447
1.575170
1.584742
1.573715
1.530323
1.593335
1.542361
1.528360
1.528015
1.524150
1.536931
1.539986
1.656047
1.597366
1.584285
1.531118
1.609864
1.524695
1.522034
1.517653
1.523115
1.562928
1.616152
1.575754
1.518937
1.564167
1.559117
1.596600
1.533506
1.527211
1.557228
1.549909
1.645350
1.683293
1.614578
1.607652
1.585445
1.648621
1.574168
1.565906
1.534536
1.544180
1.577433
1.591934
1.576712
1.547348
1.592878
1.546406
1.636904
1.569906
1.550494
1.544161
1.540329
1.538326
1.768863
1.577211
1.581378
1.541628
1.619997
1.573937
1.619220
1.601007
1.589830
1.573233
1.647248
1.620893
1.556471
1.614213
1.548232
1.619569
1.577007
1.524241
1.548629
1.540632
1.742619
1.710739
1.605222
1.588243
1.554406
1.635820
1.545780
1.544753
1.535618
1.533451
1.546548
1.630849
1.591940
1.522626
1.583472
1.531342
1.625467
1.512773
1.516154
1.581484
1.535809
1.616411
1.571417
1.626166
1.664235
1.538066
1.578323
1.568692
1.602224
1.569103
1.545849
1.552704
1.807490
1.819524
1.658293
1.580896
1.641328
1.562625
1.560691
1.570172
1.603790
1.576392
1.654809
1.626737
1.628451
1.577752
1.562889
1.622442
1.585337
1.517774
1.512802
1.523064
1.542766
1.562093
1.582507
1.513786
1.553539
1.521923
1.600689
1.555639
1.544719
1.548578
1.562862
1.687178
1.717258
1.604877
1.638376
1.566381
1.620587
1.608911
1.558796
1.548040
1.548016
1.562908
1.605208
1.581250
1.559811
1.645972
1.683455
1.588211
1.546457
1.553945
1.565043
1.582571
1.713048
1.643185
1.554636
1.590525
1.550875
1.587579
1.535732
1.553795
1.535119
1.531255
1.548652
1.587918
1.592230
1.606248
1.638807
1.671842
1.550144
1.525698
1.531144
1.539370
1.539467
1.536550
1.602065
1.777012
1.575155
1.544136
1.592100
1.553105
1.571555
1.517955
1.532741
1.528323
1.593033
1.615758
1.554900
1.587385
1.542985
1.586779
1.532861
1.551786
1.547581
1.530093
1.533648
1.590671
1.595055
1.588068
1.555892
1.591979
1.527945
1.527220
1.533450
1.541676
1.542278
1.536688
1.584625
1.578312
1.587769
1.552749
1.655431
1.544265
1.556867
1.550762
1.535290
1.547896
1.640098
1.583824
1.556587
1.625605
1.768840
1.534456
1.564216
1.558048
1.564916
1.602042
1.648174
1.600473
1.598513
1.583507
1.566184
1.636680
1.574539
1.562701
1.561062
1.567217
1.573041
1.638673
1.609949
1.586450
1.562481
1.629084
1.569755
1.568984
1.586586
1.547661
1.574511
1.612154
1.613649
1.590577
1.626568
1.551698
1.647780
1.546713
1.567119
1.585155
1.585754
1.613905
1.650807
1.582808
1.585555
1.580937
1.600939
1.528551
1.549670
1.538669
1.550804
1.509758
1.726309
1.679466
1.597637
1.568374
1.525531
1.620553
1.516592
1.525333
1.544429
1.532492
1.536590
1.616668
1.584499
1.688066
1.535545
1.610110
1.526544
1.555750
1.550039
1.559905
1.540485
1.608146
1.590238
1.618000
1.606550
1.554835
1.649294
1.534207
1.557014
1.574379
1.561104
1.557040
1.611489
1.583339
1.524109
1.576380
1.527635
1.578690
1.574771
1.525390
1.527931
1.538478
1.723307
1.689166
1.703597
1.582839
1.545600
1.599056
1.533052
1.540612
1.544673
1.537611
1.547785
1.601239
1.581070
1.561119
1.594149
1.528194
1.586668
1.535255
1.519027
1.526333
1.536446
1.536418
1.629762
1.586605
1.614810
1.519371
1.621179
1.517940
1.611316
1.557648
1.515653
1.538613
1.694930
1.602348
1.582537
1.606993
1.534130
1.603345
1.565691
1.553758
1.513502
1.547002
1.543715
1.606211
1.577867
1.725585
1.560271
1.576267
1.526767
1.528536
1.524289
1.539544
1.543185
1.748661
1.602905
1.578782
1.585529
1.519820
1.592447
1.545404
1.534447
1.529145
1.539374
1.525474
1.598479
1.620322
1.590970
1.579786
1.518787
1.563509
1.573583
1.531194
1.526964
1.532697
1.581330
1.574852
1.587436
1.573192
1.600716
1.569332
1.538102
1.531303
1.527968
1.543649
1.541463
1.562334
1.605056
1.551893
1.588584
1.525017
1.572628
1.534952
1.559652
1.590003
1.599547
1.610167
1.613403
1.587628
1.544221
1.564354
1.538834
1.603378
1.514470
1.514798
1.551830
1.522955
1.547570
1.581468
1.593731
1.565716
1.531220
1.585086
1.528055
1.548113
1.543938
1.539533
1.569995
1.547377
1.594836
1.579072
1.573572
1.538502
1.603209
1.555556
1.531247
1.543523
1.524311
1.515069
1.601097
1.570975
1.551710
1.588385
1.541937
1.580723
1.543211
1.548449
1.554666
1.578119
1.578076
1.639657
1.654737
1.580061
1.557323
1.616082
1.573625
1.531939
1.515721
1.523786
1.523785
1.646797
1.604093
1.574809
1.589286
1.546408
1.584589
1.589836
1.581047
1.624088
1.569094
1.600985
1.634549
1.650705
1.622118
1.542193
1.753430
1.563463
1.542510
1.529087
1.536711
1.634649
1.661902
1.624973
1.529159
1.567216
1.527282
1.569416
1.556548
1.529576
1.576423
1.588544
1.663427
1.627583
1.582337
1.571005
1.580882
1.599721
1.519207
1.539163
1.548698
1.536330
1.583677
1.651941
1.589861
1.559615
1.588948
1.523128
1.583565
1.563730
1.536902
1.537693
1.554001
1.675703
1.605794
1.597732
1.596748
1.535970
1.649715
1.635353
1.539831
1.585189
1.552599
1.583624
1.691208
1.602679
1.539266
1.641102
1.570325
1.650720
1.609104
1.587534
1.586453
1.576999
1.688474
1.654990
1.628546
1.561532
1.520847
1.633749
1.548290
1.600055
1.707483
1.584441
1.709421
1.779069
1.705052
1.729779
1.648842
1.681401
1.576602
1.638445
1.607811
1.539431
1.644029
1.789316
1.609872
1.617167
1.588753
1.628890
1.568815
1.563930
1.558037
1.591831
1.640172
1.657399
1.625009
1.643488
1.639810
1.721842
1.679094
1.597548
1.613935
1.637160
1.564034
1.662594
1.661628
1.702010
1.816237
1.659156
1.741754
1.630318
1.650153
1.627443
1.589403
1.648161
1.643020
1.745875
1.654460
1.611397
1.677190
1.646762
1.677622
1.676642
1.696924
1.745547
1.888168
1.739695
1.647137
1.674010
1.594997
1.606056
1.656841
1.586722
1.630742
1.682853
1.694161
1.681980
1.893446
1.723100
1.641094
1.667224
1.576376
1.625322
1.681476
1.692127
1.821957
1.832904
1.867694
1.806140
1.719022
1.633397
1.667366
1.676890
1.663233
1.713257
1.609741
1.709706
1.823265
1.694117
1.623189
1.621223
1.674717
1.726777
1.852925
1.766725
1.757015
2.295138
2.028824
2.061554
1.954908
1.868430
1.979583
2.057441
1.867683
1.996165
1.821102
1.797005
1.781732
1.789765
1.842804
1.764861
1.813761
1.852207
1.836223
1.801706
1.889776
1.774340
1.724669
1.777109
1.856670
1.847560
1.749638
1.809276
1.852677
1.792571
1.755925
1.746154
1.785059
1.783940
1.809145
1.752874
2.080277
1.713986
1.714077
1.766925
1.744023
1.815873
1.686543
1.714474
1.832981
1.704129
1.752032
1.790662
1.787509
1.744893
1.825125
1.846621
1.837316
2.180503
1.827103
1.847072
1.797232
1.877329
1.852454
1.828010
1.698048
1.715635
1.802302
1.726636
1.725928
1.771222
1.736152
1.748050
1.695203
1.611243
1.681740
1.648012
1.661274
1.664977
1.658803
1.639070
1.694345
1.615654
1.681801
1.586084
1.641335
1.628469
1.657305
1.651968
1.682480
1.607034
1.673742
1.662550
1.641837
1.617276
1.620438
1.630638
1.740414
1.666198
1.694151
