1.882605
0.680757
0.639826
0.632552
0.632649
0.638602
0.632626
0.601008
0.416502
0.413808
0.408674
0.409597
0.643352
0.481262
0.477498
0.468909
0.475826
0.641038
0.467540
0.470757
0.472982
0.418024
0.416444
0.556887
0.410413
0.397362
0.554247
0.399171
0.408387
0.398532
0.405913
0.400040
0.400623
0.553623
0.548741
0.400420
0.398501
0.418104
0.431373
0.633916
0.460784
0.466087
0.461338
0.462259
0.643680
0.474607
0.619068
0.564070
0.403789
0.556602
0.399023
0.396704
0.554133
0.397273
0.562248
0.548820
0.559729
0.402518
0.402091
0.402871
0.559564
0.553633
0.577107
0.641144
0.458144
0.622199
0.636371
0.465404
0.636647
0.634964
0.626248
0.637021
0.638786
0.628751
0.624724
0.620370
0.636802
0.567559
0.399332
0.562767
0.552835
0.399389
0.557610
0.553221
0.405981
0.557205
0.551784
0.556288
0.403360
0.557424
0.563991
0.556828
0.552865
0.554549
0.401945
0.561972
0.400891
0.588850
0.449642
0.624089
0.623503
0.632703
0.635477
0.455503
0.633057
0.548474
0.551287
0.548379
0.563871
0.407909
0.560652
0.574728
0.639309
0.637207
0.633442
0.637605
0.640909
0.637093
0.603322
0.559916
0.570054
0.626807
0.620659
0.630631
0.625628
0.629392
0.625365
0.582193
0.546799
0.558581
0.597726
0.638726
0.634371
0.633763
0.633327
0.640900
0.641709
0.582030
0.555562
0.554957
0.560099
0.552028
0.566485
0.555883
0.549670
0.541549
0.539478
0.557369
0.557927
0.563360
0.559106
0.557016
0.582853
0.632943
0.630704
0.648816
0.636532
0.637190
0.632520
0.592496
0.558486
0.558057
0.554391
0.570735
0.590103
0.640966
0.639205
0.645073
0.639349
0.628612
0.627540
0.584402
0.552092
0.547959
0.561459
0.552408
0.568155
0.560179
0.554961
0.559801
0.558015
0.563845
0.556295
0.552449
0.564168
0.566680
0.565136
0.558937
0.568878
0.562137
0.560535
0.556568
0.552194
0.544732
0.546302
0.543900
0.548070
0.546544
0.552432
0.553653
0.554083
0.553742
0.556926
0.555152
0.557785
0.551106
0.574723
0.631290
0.635067
0.636091
0.630645
0.641474
0.638932
0.584566
0.553100
0.563577
0.548414
0.552325
0.551175
0.556078
0.550303
0.550412
0.550647
0.555529
0.558641
0.565921
0.557713
0.565354
0.551935
0.561820
0.561134
0.564386
0.591349
0.560832
0.561548
0.560376
0.559551
0.555966
0.551539
0.602156
0.628762
0.628197
0.626214
0.623675
0.626479
0.632735
0.588658
0.555149
0.553893
0.554351
0.559400
0.554313
0.583862
0.627330
0.624885
0.640049
0.638482
0.633735
0.642306
0.582075
0.602508
0.638932
0.646764
0.634840
0.631297
0.639049
0.637151
0.564972
0.547459
0.550603
0.543653
0.559898
0.547690
0.552191
0.553667
0.552430
0.549541
0.556372
0.561876
0.560329
0.560286
0.552423
0.559216
0.554322
0.576439
0.565596
0.562307
0.557864
0.563623
0.552197
0.550721
0.548889
0.556600
0.552511
0.552923
0.560456
0.553949
0.553651
0.560863
0.551082
0.554310
0.553727
0.604913
0.634753
0.635353
0.631856
0.633420
0.638055
0.636334
0.562131
0.562778
0.549792
0.547183
0.600612
0.620093
0.625374
0.623456
0.626290
0.622429
0.632565
0.574651
0.548273
0.556011
0.552045
0.552915
0.551870
0.556038
0.577350
0.640398
0.632232
0.634276
0.630031
0.647723
0.636430
0.586891
0.602898
0.624256
0.625193
0.623565
0.622646
0.632105
0.629390
0.570959
0.551466
0.549212
0.544027
0.556262
0.555108
0.555489
0.569328
0.633357
0.639941
0.631188
0.642722
0.640624
0.645432
0.604845
0.561705
0.559844
0.562764
0.603754
0.625635
0.637614
0.623401
0.631115
0.628525
0.628130
0.584585
0.556979
0.555732
0.552076
0.579023
0.632317
0.628677
0.643256
0.640698
0.644227
0.822509
0.575360
0.709026
0.557040
0.558899
0.557080
0.556595
0.552060
0.604682
0.627302
0.623422
0.630393
0.626206
0.628720
0.632456
0.579016
0.551192
0.552036
0.554452
0.557060
0.556859
0.556977
0.551660
0.551203
0.561500
0.552874
0.555248
0.554524
0.564300
0.559254
0.560256
0.549330
0.556440
0.547459
0.543681
0.598872
0.626387
0.631176
0.637037
0.632179
0.627284
0.626916
0.633368
0.630397
0.641130
0.636284
0.641355
0.633976
0.636234
0.580610
0.558845
0.558087
0.549335
0.554378
0.559110
0.551975
0.548394
0.545605
0.543509
0.545037
0.551610
0.548342
0.550942
0.549434
0.548105
0.560967
0.553773
0.559843
0.565839
0.562178
0.562523
0.557425
0.558598
0.561760
0.557893
0.566984
0.628130
0.637519
0.630877
0.629766
0.627089
0.620966
0.623261
0.546909
0.547008
0.552493
0.557284
0.552625
0.547948
0.605092
0.631648
0.638502
0.639848
0.635307
0.629101
0.632941
0.577072
0.557965
0.554689
0.560160
0.558290
0.561800
0.556405
0.571694
0.636178
0.626152
0.623176
0.624860
0.630594
0.634967
0.602027
0.553018
0.551708
0.555434
0.553480
0.551255
0.556579
0.555295
0.550019
0.558188
0.551408
0.557508
0.594110
0.644258
0.645042
0.632494
0.632667
0.638572
0.636436
0.556387
0.555091
0.543814
0.546348
0.550682
0.550456
0.550870
0.557776
0.555770
0.557351
0.555343
0.553930
0.551523
0.555733
0.567223
0.555865
0.560416
0.556937
0.555212
0.554956
0.555302
0.552409
0.545529
0.557054
0.562637
0.546857
0.550495
0.546310
0.558859
0.551157
0.553040
0.553414
0.552604
0.551528
0.561018
0.557876
0.554641
0.551079
0.560603
0.555922
0.553096
0.561313
0.565153
0.550905
0.555802
0.559317
0.551788
0.570931
0.568712
0.570741
0.549033
0.544697
0.548485
0.548599
0.557560
0.554145
0.556952
0.556990
0.557793
0.554437
0.557059
0.554289
0.554094
0.556152
0.574075
0.559356
0.555318
0.555052
0.553077
0.554666
0.549050
0.548334
0.594711
0.616496
0.627233
0.633334
0.635797
0.627085
0.625235
0.613242
0.624326
0.625431
0.637210
0.638999
0.631055
0.647463
0.592693
0.564878
0.558037
0.608249
0.638248
0.636474
0.630771
0.641182
0.625514
0.628609
0.573291
0.550198
0.547705
0.546406
0.550057
0.551516
0.551498
0.579701
0.633922
0.632852
0.629989
0.635674
0.634126
0.627256
0.582340
0.554055
0.604662
0.631041
0.629472
0.640779
0.640005
0.634734
0.633841
0.564055
0.550531
0.547043
0.554001
0.551778
0.553141
0.550794
0.549604
0.552478
0.564110
0.603348
0.633730
0.629865
0.635199
0.628724
0.643702
0.639984
0.578384
0.553788
0.550848
0.554717
0.563556
0.565339
0.553064
0.551622
0.557558
0.548773
0.547565
0.558227
0.550832
0.547955
0.616458
0.634466
0.626910
0.637376
0.631041
0.634839
0.661608
0.643771
0.634808
0.634556
0.633651
0.633648
0.636666
0.637454
0.638308
0.631902
0.637830
0.635253
0.634384
0.619269
0.556338
0.552977
0.547708
0.550365
0.546567
0.574263
0.632535
0.628656
0.641876
0.805054
0.637589
0.635156
0.560762
0.554635
0.551722
0.555155
0.564013
0.554960
0.573463
0.640037
0.809155
0.631330
0.804178
0.629961
0.623110
0.557027
0.558619
0.554682
0.547306
0.553639
0.549601
0.563844
0.553230
0.559467
0.555837
0.555074
0.548727
0.712865
0.553636
0.565980
0.601646
0.633582
0.631257
0.627726
0.626946
0.619199
0.638365
0.582700
0.550785
0.550647
0.553349
0.548603
0.553241
0.551052
0.558436
0.556152
0.558120
0.557099
0.556736
0.554698
0.562703
0.549162
0.550688
0.548943
0.555625
0.580697
0.631473
0.631700
0.624076
0.623913
0.797414
0.625907
0.711038
0.554521
0.703056
0.550787
0.711887
0.705958
0.768945
0.803729
0.975745
1.322065
0.784175
0.717364
0.854076
1.168134
2.211720
1.011029
0.856120
0.710211
1.012880
0.551120
0.695449
0.558040
0.546898
0.706776
0.547260
0.550226
0.545451
0.701973
0.551532
0.553336
0.552492
0.548364
0.554103
0.706650
0.554090
0.552638
0.552138
0.553922
0.701910
0.604462
0.637521
0.643652
0.628226
0.636530
0.625973
0.630334
0.560397
0.550249
0.545268
0.540890
0.584897
0.628869
0.633104
0.649012
0.678637
0.839503
0.772825
0.707283
0.703551
0.847709
0.577405
0.565615
0.552798
0.710682
0.551522
0.704700
0.554074
0.715708
0.599136
0.622425
0.798715
0.456420
0.626231
0.630896
0.634554
0.583364
0.553545
0.700466
0.554906
0.555690
0.565062
0.778681
0.795900
0.810373
0.810262
0.632664
0.668796
0.634358
0.814864
0.983505
0.822310
0.980877
0.724384
1.603976
0.577305
1.847336
2.017586
0.604756
1.907376
1.613257
1.620543
1.321713
1.625498
1.462613
1.617580
1.627817
1.625572
1.710076
1.851546
2.437396
0.556169
0.998903
1.157627
0.565635
1.025431
0.709916
0.704818
0.551161
1.301450
0.545703
0.854490
0.695030
0.708717
0.702919
0.710473
0.853457
0.550709
0.550310
0.700778
0.590471
0.629817
0.631487
0.635007
0.628408
0.634477
0.639561
0.585544
0.702592
0.562542
0.551097
0.547323
0.548374
0.547836
0.709210
0.848757
0.701145
0.546160
0.551223
0.607187
0.627859
0.623285
0.637306
0.809497
0.632232
0.783524
0.707037
0.548313
0.704131
0.557984
0.552939
0.553981
0.553454
0.552502
0.547606
0.560050
0.547713
0.548628
0.546864
0.541690
0.569595
0.629833
0.798571
0.630576
0.627340
0.624767
0.623693
0.591350
0.545721
0.557539
0.551987
0.602941
0.630221
0.632504
0.631790
0.650500
0.632325
0.635225
0.573117
0.552201
0.546969
0.542532
0.546325
0.544466
0.699423
0.548839
0.546959
0.551829
0.546099
0.589652
0.637507
0.631992
0.627498
0.630861
0.633961
0.644390
0.597624
0.554650
0.560415
0.555984
0.554728
0.548089
0.561668
0.549117
0.551615
0.547731
0.573843
0.628029
0.633062
0.620047
0.801206
0.639888
0.639424
0.583433
0.601822
0.642543
0.638326
0.635630
0.627522
0.632247
0.639365
0.572761
0.557240
0.552017
0.560225
0.554885
0.554793
0.545089
0.548029
0.541279
0.548530
0.552326
0.550677
0.555382
0.555764
0.552833
0.553660
0.710592
0.549035
0.552737
0.559798
0.549339
0.560758
0.554557
0.562493
0.559646
0.565685
0.561980
0.556551
0.552200
0.552929
0.544033
0.558172
0.406551
0.549541
0.551498
0.559307
0.700079
0.552918
0.399508
0.548496
0.560835
0.549952
0.554344
0.550904
0.547981
0.554814
0.547209
0.564019
0.557151
0.575450
0.554443
0.552418
0.555093
0.551216
0.547124
0.693838
0.696165
0.540076
0.703686
0.545682
0.551707
0.543950
0.547623
0.550154
0.554047
0.545828
0.550549
0.550625
0.553442
0.549082
0.554287
0.582428
0.652720
0.666274
0.645298
0.637151
0.633318
0.630655
0.631029
0.575273
0.545636
0.551962
0.543610
0.545742
0.555057
0.547651
0.577866
0.627436
0.631315
0.623259
0.630646
0.636856
0.652125
0.602402
0.559043
0.403773
0.560117
0.559263
0.551413
0.562440
0.555900
0.550038
0.554415
0.547570
0.554498
0.595736
0.636737
0.625563
0.626766
0.629944
0.631875
0.630507
0.558704
0.541876
0.561845
0.546495
0.549697
0.560979
0.549018
0.560204
0.420619
0.560892
0.555736
0.549327
0.562349
0.553243
0.544944
0.550379
0.544022
0.542218
0.546606
0.550777
0.396542
0.547059
0.548289
0.396274
0.393570
0.543767
0.593854
0.628482
0.633316
0.637851
0.629757
0.634301
0.629563
0.573379
0.561621
0.556497
0.556442
0.559145
0.548692
0.544481
0.548390
0.543615
0.543400
0.564562
0.548749
0.551964
0.547399
0.558709
0.550373
0.560796
0.555032
0.550872
0.562509
0.564400
0.575579
0.593073
0.423273
0.564123
0.583155
0.559407
0.554793
0.547956
0.552878
0.544775
0.543304
0.567022
0.548837
0.545756
0.413704
0.454045
0.628010
0.624485
0.629935
0.623847
0.644870
0.459273
0.556134
0.555843
0.553934
0.412306
0.552947
0.400443
0.564982
0.616130
0.586247
0.578489
0.576268
0.547255
0.548630
0.557290
0.398008
0.393137
0.558854
0.408496
0.583758
0.468495
0.632066
0.632461
0.461751
0.633750
0.628283
0.465951
0.437427
0.555607
0.559868
0.398130
0.411476
0.401571
0.403550
0.556336
0.545833
0.399931
0.395971
0.550590
0.553008
0.545110
0.547168
0.432597
0.654150
0.463516
0.649594
0.453592
0.627135
0.630693
0.622838
0.551447
0.401558
0.397583
0.567287
0.555580
0.568598
0.403307
0.567492
0.552045
0.551573
0.549496
0.545759
0.541722
0.550739
0.403078
0.552558
0.551005
0.562151
0.563942
0.575093
0.563796
0.574796
0.567948
0.569821
0.564205
0.583031
0.568544
0.723994
0.564124
0.566508
0.555150
0.555154
0.553504
0.549819
0.544030
0.552153
0.547343
0.551189
0.548020
0.557935
0.545694
0.558527
0.554435
0.555795
0.547130
0.548795
0.553669
0.554957
0.551409
0.547996
0.559514
0.402583
0.400681
0.560528
0.403528
0.557795
0.570144
0.400689
0.546882
0.389149
0.556379
0.551034
0.405101
0.396713
0.553468
0.399197
0.404441
0.400678
0.559040
0.411285
0.556688
0.549908
0.404638
0.554900
0.556872
0.549950
0.608201
0.464961
0.633931
0.637805
0.632529
0.625140
0.626948
0.584348
0.546642
0.551887
0.545023
0.548721
0.553783
0.549526
0.554570
0.550314
0.407151
0.554122
0.549850
0.409922
0.551508
0.564371
0.561142
0.556028
0.552107
0.559814
0.556073
0.552208
0.551398
0.555269
0.549212
0.553434
0.549696
0.553105
0.547807
0.549690
0.569521
0.549433
0.550519
0.562741
0.560203
0.559443
0.558935
0.556068
0.553978
0.554353
0.551462
0.549867
0.559271
0.412892
0.564736
0.564201
0.561872
0.558031
0.562337
0.573427
0.623286
0.627278
0.628901
0.626825
0.634150
0.628198
0.609017
0.552846
0.553617
0.567689
0.559845
0.556350
0.557148
0.601087
0.642416
0.631041
0.640703
0.642659
0.637577
0.633178
0.573746
0.551551
0.552793
0.547856
0.549181
0.555612
0.547726
0.546901
0.553602
0.548155
0.547926
0.561253
0.552840
0.546806
0.550875
0.552806
0.562317
0.569169
0.565582
0.564567
0.561484
0.555538
0.565197
0.551846
0.562017
0.557669
0.549580
0.551169
0.545781
0.542071
0.545482
0.551090
0.549291
0.575420
0.632441
0.627668
0.631096
0.628409
0.623023
0.634896
0.610554
0.551082
0.556586
0.554394
0.555051
0.565833
0.555732
0.556854
0.561766
0.556008
0.574783
0.572203
0.549323
0.551316
0.554308
0.557153
0.548644
0.560298
0.553400
0.553828
0.564992
0.571717
0.568668
0.566148
0.574918
0.574577
0.563604
0.558567
0.558630
0.562066
0.576277
0.567541
0.564788
0.576951
0.573913
0.560936
0.557513
0.560054
0.571017
0.570200
0.566912
0.583339
0.634831
0.640826
0.632828
0.633826
0.642833
0.629806
0.600048
0.560021
0.561300
0.557418
0.556144
0.551352
0.558485
0.552506
0.554149
0.550268
0.542952
0.559195
0.553111
0.552778
0.615439
0.632571
0.667109
0.625063
0.630294
0.642197
0.631830
0.560785
0.558580
0.560052
0.570612
0.568127
0.568943
0.572754
0.556648
0.554975
0.552790
0.552900
0.554231
0.555080
0.558472
0.554008
0.548316
0.547449
0.554751
0.552734
0.552157
0.568344
0.549071
0.547819
0.554522
0.551480
0.707912
0.557404
0.563556
0.555432
0.706738
0.551987
0.567619
0.554674
0.563424
0.555749
0.707820
0.548832
0.559285
0.549941
0.554998
0.697287
0.551248
0.545290
0.554772
0.553249
0.549032
0.552588
0.555536
0.549866
0.553121
0.546726
0.557733
0.575032
0.637194
0.638269
0.634262
0.630492
0.633891
0.629107
0.597358
0.560562
0.547380
0.545353
0.545349
0.546789
0.546233
0.549373
0.558338
0.552224
0.565904
0.552659
0.563621
0.550103
0.552328
0.556401
0.550872
0.559017
0.548111
0.567295
0.556855
0.553781
0.556459
0.600953
0.626253
0.623357
0.621825
0.619579
0.614422
0.628184
0.580398
0.550800
0.550580
0.557798
0.547028
0.548446
0.554480
0.553217
0.553095
0.558188
0.563643
0.553434
0.556098
0.563519
0.553078
0.619572
0.634983
0.646034
0.642073
0.637805
0.623750
0.619982
0.560607
0.542585
0.554189
0.550700
0.548894
0.551608
0.547447
0.553010
0.543938
0.543676
0.557030
0.553265
0.550665
0.555039
0.559781
0.557076
0.566655
0.563041
0.574142
0.635268
0.801723
0.627133
0.621892
0.626125
0.617291
0.587775
0.699421
0.561225
0.560177
0.558972
0.565918
0.556922
0.549944
0.553798
0.569318
0.554664
0.554195
0.703398
0.708598
0.553962
0.700376
0.551471
0.561297
0.553556
0.555896
0.698369
0.552382
0.693688
0.549505
0.544470
0.699954
0.553584
0.547371
0.701432
0.700050
0.552245
0.701573
0.550512
0.696738
0.705944
0.555355
0.697912
0.715587
0.713465
0.555232
0.706711
0.706460
0.554896
0.699620
0.706405
0.708229
0.706017
0.538960
0.691082
0.695446
0.558619
0.550642
0.699628
0.550190
0.708190
0.558102
0.553477
0.769398
0.799575
0.627483
0.809375
0.632785
0.634990
0.740937
0.716260
0.712704
0.555768
0.558944
0.550465
0.708052
0.546927
0.542401
0.701688
0.751835
0.798166
0.793675
0.797871
0.803997
0.792910
0.550568
0.705968
0.555086
0.705513
0.703185
0.710826
0.711976
0.704767
0.705860
0.699901
0.710001
0.704559
0.702639
0.699734
0.700303
0.700828
0.697746
0.554049
0.768139
0.806443
0.806260
0.805641
0.818093
0.803580
0.694970
0.553490
0.708534
0.716731
0.566359
0.607375
0.816740
0.817958
0.633544
0.811648
0.813657
0.715455
0.714082
0.704780
0.695712
0.692879
0.702585
0.548770
0.554375
0.708407
0.694251
0.550067
0.714597
0.701630
0.702789
0.701633
0.704033
0.700894
0.708827
0.717293
0.707574
0.719298
0.708075
0.714500
0.712100
0.710305
0.705262
0.710671
0.701132
0.699554
0.706666
0.699866
0.698728
0.774739
0.795017
0.794172
0.805976
0.798017
0.797403
0.800737
0.805746
0.797955
0.808071
0.796974
0.715164
0.554999
0.703272
0.712612
0.708214
0.708768
0.698196
0.698786
0.700137
0.701396
0.701600
0.700981
0.702546
0.699209
0.697266
0.698749
0.708726
0.819225
0.794949
0.814019
0.810750
0.799747
0.771881
0.709650
0.711793
0.709056
0.703343
0.707863
0.752326
0.801865
0.801070
0.795584
0.808777
0.794950
0.549524
0.704725
0.560448
0.710071
0.704675
0.692981
0.700481
0.699422
0.715234
0.716309
0.708475
0.557851
0.702545
0.555302
0.707702
0.704393
0.712260
0.711710
0.711255
0.712254
0.704225
0.726745
0.794306
0.797783
0.792927
0.796465
0.632887
0.730480
0.562523
0.701650
0.694531
0.709966
0.570591
0.805649
0.806436
0.803703
0.804828
0.804796
0.796155
0.799235
0.979591
0.806512
0.804689
0.774337
0.706552
0.847112
0.697577
0.701088
0.849567
0.555064
0.703109
0.852930
1.006452
1.076664
1.822237
2.017095
1.502002
2.012268
1.698504
1.310011
2.228420
1.617997
1.800034
1.149889
0.967949
0.811731
0.856458
0.860557
0.706050
0.705941
0.704621
0.702404
0.694094
1.311541
1.352842
2.416497
1.796910
0.705257
1.906859
1.927952
1.717368
1.754434
1.875197
1.797384
1.967528
1.945904
1.906376
1.968544
1.968575
1.901381
1.875708
2.103296
2.133669
1.762969
1.860890
1.719674
1.712857
1.858245
1.714537
1.711627
1.724623
1.717743
1.871389
0.868718
1.727030
1.620074
1.712991
1.965103
1.850457
1.693951
2.198427
1.867548
0.867309
0.941745
0.821605
0.634977
1.113454
1.271112
0.797386
0.800071
0.791066
1.878692
1.981424
1.921737
1.731753
1.733675
1.734272
2.432504
2.076877
1.729148
1.121898
1.734543
1.896000
1.886044
2.127486
2.137426
1.905280
1.871033
1.720901
1.715645
1.719391
1.715205
1.859386
1.716626
1.857990
1.715447
1.714870
1.720474
1.871281
1.868079
1.861212
1.976722
2.131350
1.880362
2.074403
2.229890
1.821267
2.190213
2.341306
2.097892
2.243252
1.885584
1.889646
1.729522
1.873883
1.866126
2.323553
2.272464
2.371730
2.143902
2.090662
2.087512
2.103386
2.098926
1.981310
2.089836
1.279161
1.133821
1.123365
1.732562
1.750742
1.863723
0.460793
1.853492
0.635526
0.586029
2.231640
1.309929
1.619212
1.716709
1.718495
1.686810
1.956473
1.916225
1.718128
1.929178
2.368624
1.796783
2.088055
1.875158
1.879797
2.339291
2.348863
1.719379
2.078375
1.281621
1.725418
1.873527
1.723947
1.891244
1.724603
1.229616
1.842384
1.953458
2.046890
1.866442
1.869013
1.864408
1.725391
1.724657
1.280106
1.564699
1.718215
1.722659
0.410181
1.621578
0.762684
1.930887
0.925559
0.809151
1.470665
1.015861
0.557988
0.703714
1.706791
1.828913
1.497373
2.021400
1.731766
1.718394
1.725509
1.846098
1.959781
2.053601
1.869124
2.025284
2.138988
1.835939
1.724466
1.735696
1.719858
1.727772
1.935540
2.098253
1.869360
1.939198
2.134818
2.232900
2.135212
2.263582
2.266853
1.981364
2.183552
1.829026
1.961280
1.915733
1.723767
1.727976
1.720782
1.726992
1.820917
1.967484
1.789780
1.871201
1.267958
1.614970
1.665472
0.797415
0.986465
1.161008
0.981706
0.859814
0.855093
0.856489
1.157306
0.861174
1.764063
1.154856
1.456148
0.916516
0.636712
2.248034
1.786251
0.551105
1.619091
1.815242
1.920936
0.704889
0.703462
0.552259
0.701613
0.552263
0.701541
0.703328
1.304221
0.709529
0.759172
0.632432
0.625595
0.806240
0.624343
0.621670
0.623631
0.703517
0.547445
0.546711
0.697637
0.696748
1.085083
0.626349
0.631776
0.806108
0.812909
0.948470
1.004078
2.106550
1.982295
1.971493
1.808767
0.562695
0.608233
1.684357
1.667302
1.135536
1.493688
0.796413
2.117892
0.550879
0.708554
0.707890
0.700950
0.701659
1.150692
0.547915
1.002434
0.555675
0.558622
0.708634
1.440001
1.143074
2.490738
2.025448
1.973567
1.752936
1.727327
1.829580
1.782739
2.214056
1.634610
1.935516
1.960314
1.964150
1.711266
1.852422
1.962060
2.039401
1.865321
1.877010
1.893440
2.217037
2.372408
1.840664
2.083358
2.235081
2.417967
2.230888
2.121374
1.155065
1.916616
1.760400
1.905718
1.759336
1.753588
1.897927
2.109364
1.134771
1.745004
0.878126
1.746603
1.909593
1.728137
1.738238
1.457768
1.738787
1.961491
1.970642
1.782755
1.842822
0.696638
2.076883
2.085081
1.725030
1.727716
1.715171
1.870510
1.756356
1.837926
1.957623
1.272499
1.964245
2.101794
2.347894
2.367421
2.121482
2.042644
2.034691
2.003379
2.142039
1.856988
1.293526
1.143408
1.928335
1.907161
2.130303
2.119899
1.904656
1.898068
1.808125
2.137487
2.094207
1.804531
1.445641
2.005851
1.756041
1.740943
1.748533
1.623059
1.964197
1.871971
1.749180
1.834880
1.688384
1.980954
1.497285
1.464809
1.724772
1.948188
1.660461
1.727320
1.737916
1.466788
1.717866
1.464721
1.618336
0.550907
0.709406
0.554505
1.615963
0.703310
1.017839
0.753722
0.980267
0.633539
0.626017
0.634225
0.642003
0.609375
0.552754
1.017846
1.863641
0.979423
1.833950
0.813209
0.594293
1.477233
0.733576
1.162108
0.627195
0.798858
0.794282
0.811735
0.808929
0.634020
0.627058
0.631533
0.631504
0.621318
0.758307
0.551839
0.556918
0.562693
0.549546
0.561300
0.554654
0.552077
0.557121
0.555406
0.554815
0.554126
0.561574
0.555879
0.549424
0.552216
0.552483
0.547439
0.546492
0.545408
0.549589
0.702487
0.551247
0.549333
0.548771
0.543332
0.556704
0.549825
0.555994
0.561675
0.559382
0.560176
0.560833
0.564747
0.566596
0.555409
0.604271
0.635434
0.630652
0.628339
0.624811
0.621265
0.622183
0.577069
0.703665
0.696441
0.696639
0.544537
0.552742
0.553183
0.548331
0.558994
0.561670
0.550748
0.552600
0.557482
0.556865
0.699967
0.553561
0.559816
0.553168
0.551203
0.555303
0.698447
0.546280
0.554136
0.551867
0.547205
0.553530
0.548245
0.553419
0.553293
0.553676
0.557018
0.548744
0.558368
0.556813
0.556103
0.554783
0.556509
0.553052
0.550599
0.558837
0.565504
0.556515
0.552752
0.547774
0.544589
0.543006
0.548632
0.555545
0.550199
0.574467
0.632777
0.802571
0.624941
0.636146
0.803879
0.801003
0.548342
0.708102
0.560055
0.554168
0.565385
0.555925
0.553656
0.582729
0.649383
0.634368
0.645059
0.627701
0.620162
0.629710
0.591707
0.545807
0.543955
0.562181
0.544252
0.544985
0.699082
0.550869
0.553278
0.547303
0.568879
0.552056
0.553237
0.563747
0.557182
0.553782
0.555401
0.557134
0.550264
0.551198
0.545670
0.553938
0.550683
0.704867
0.550172
0.557752
0.548967
0.549675
0.547190
0.543814
0.557708
0.566012
0.558995
0.559589
0.556757
0.549126
0.549917
0.554594
0.554570
0.562634
0.710139
0.557842
0.561111
0.555543
0.551927
0.554509
0.546512
0.555600
0.547095
0.554609
0.551128
0.551708
0.551116
0.553089
0.547847
0.549702
0.548131
0.550044
0.546231
0.587605
0.633543
0.627483
0.638662
0.627817
0.636599
0.642092
0.604083
0.562258
0.559108
0.553521
0.554422
0.552504
0.554897
0.551400
0.556101
0.552074
0.553888
0.544561
0.554883
0.558740
0.561573
0.554696
0.556769
0.546924
0.559926
0.556069
0.553816
0.563731
0.558698
0.561180
0.554249
0.555863
0.548143
0.549021
0.547421
0.557865
0.554071
0.546496
0.547463
0.547587
0.552241
0.547251
0.554657
0.554212
0.548356
0.553346
0.546751
0.545092
0.554812
0.547725
0.551822
0.554252
0.555896
0.554354
0.557449
0.559682
0.549266
0.548970
0.541877
0.553025
0.545485
0.550010
0.544940
0.547524
0.555943
0.549369
0.555050
0.545350
0.556941
0.555336
0.550797
0.559225
0.552340
0.552460
0.554923
0.562590
0.556424
0.556876
0.557219
0.550800
0.554691
0.550311
0.544760
0.574838
0.623307
0.627004
0.625052
0.622782
0.623257
0.622431
0.591117
0.555712
0.550089
0.552434
0.551980
0.559894
0.560133
0.553690
0.557209
0.553843
0.555395
0.553333
0.557423
0.556312
0.558411
0.545907
0.544672
0.545982
0.545696
0.538487
0.549175
0.572256
0.623805
0.623746
0.619037
0.637230
0.630868
0.630306
0.594194
0.550627
0.546310
0.551861
0.549233
0.561904
0.557772
0.551775
0.562310
0.555523
0.559847
0.554879
0.548824
0.551176
0.542633
0.553711
0.557649
0.554442
0.554893
0.547792
0.547761
0.548718
0.559078
0.557849
0.562820
0.548697
0.553593
0.552727
0.551835
0.556930
0.552850
0.558188
0.554179
0.554955
0.565354
0.554618
0.550872
0.547043
0.549222
0.559392
0.556064
0.556335
0.619470
0.633843
0.641982
0.631872
0.629768
0.632795
0.621584
0.547207
0.566117
0.551099
0.561442
0.566981
0.557500
0.571224
0.558673
0.563731
0.552709
0.547027
0.545458
0.552580
0.556285
0.549621
0.573376
0.630573
0.630666
0.637094
0.628218
0.624292
0.630710
0.598781
0.557701
0.551319
0.552758
0.553492
0.560378
0.554439
0.567877
0.567029
0.554893
0.559427
0.553622
0.548931
0.548379
0.542404
0.548844
0.548374
0.554071
0.559138
0.547911
0.553866
0.558463
0.553401
0.555213
0.549156
0.555775
0.559506
0.560622
0.559951
0.553102
0.551756
0.552355
0.567892
0.596668
0.646484
0.639749
0.627546
0.626897
0.625894
0.628561
0.578073
0.547228
0.550686
0.546252
0.549329
0.551964
0.549557
0.560980
0.552069
0.555734
0.559201
0.557085
0.560241
0.550211
0.550204
0.552041
0.558680
0.555216
0.552435
0.551328
0.554168
0.542617
0.542722
0.540569
0.544864
0.543184
0.555803
0.553511
0.556709
0.549261
0.554369
0.559838
0.558748
0.551623
0.560694
0.550537
0.547707
0.551229
0.551731
0.550786
0.554987
0.558786
0.558668
0.552648
0.552213
0.542607
0.542637
0.538379
0.587206
0.632348
0.632791
0.632286
0.628906
0.624703
0.625556
0.587952
0.550326
0.554062
0.550703
0.556041
0.547975
0.556487
0.555403
0.553411
0.552666
0.555209
0.554041
0.551923
0.556114
0.573679
0.636928
0.621755
0.628280
0.630406
0.627712
0.631771
0.584760
0.541887
0.548801
0.549388
0.549000
0.546160
0.556519
0.550244
0.554045
0.548836
0.563746
0.555219
0.559004
0.578224
0.640829
0.631323
0.627732
0.619969
0.623898
0.620873
0.583516
0.547066
0.549473
0.545368
0.545567
0.549179
0.556956
0.602433
0.628485
0.806881
0.633712
0.807248
0.628104
0.604093
0.553911
0.563722
0.563689
0.552837
0.558914
0.553767
0.555517
0.555238
0.545308
0.542050
0.550536
0.555712
0.556855
0.557760
0.548008
0.552337
0.618035
0.637836
0.649372
0.633646
0.631459
0.632525
0.624688
0.554123
0.558716
0.554174
0.569278
0.558642
0.565818
0.556123
0.553625
0.547049
0.550300
0.555561
0.552254
0.552163
0.553214
0.545240
0.546638
0.550563
0.553886
0.546892
0.553656
0.544223
0.544917
0.560669
0.559098
0.557082
0.553051
0.553380
0.552563
0.555600
0.553499
0.549072
0.551240
0.545503
0.553590
0.543194
0.549702
0.559863
0.559050
0.574451
0.632287
0.636351
0.631484
0.629438
0.631366
0.641927
0.600702
0.555637
0.562576
0.552178
0.566780
0.555153
0.556932
0.553867
0.555089
0.551729
0.551441
0.546189
0.537287
0.556295
0.550293
0.549988
0.550527
0.556069
0.556426
0.547159
0.560640
0.555110
0.554770
0.556079
0.557603
0.563657
0.553455
0.556809
0.596671
0.633919
0.633065
0.641283
0.634667
0.632844
0.653779
0.571907
0.546282
0.546953
0.553273
0.556460
0.555106
0.551124
0.550325
0.555022
0.549764
0.545316
0.555720
0.561535
0.608149
0.630431
0.640428
0.640939
0.640760
0.633119
0.629591
0.578654
0.557910
0.553231
0.545904
0.552169
0.546467
0.552155
0.549296
0.547996
0.547285
0.553469
0.550059
0.549908
0.551248
0.556290
0.552587
0.549720
0.564010
0.565722
0.571575
0.565403
0.600116
0.637441
0.642278
0.632180
0.636321
0.631123
0.631610
0.561910
0.551419
0.547028
0.551079
0.552791
0.549482
0.553339
0.575283
0.633404
0.629949
0.631457
0.625817
0.631924
0.630910
0.747863
0.552681
0.555620
0.730116
0.646148
0.636988
0.803457
0.808092
0.637627
0.764925
0.548283
0.784613
0.620328
0.620815
0.801111
0.630927
0.628066
0.624496
0.624482
0.634270
0.632072
0.634832
0.629629
0.807248
0.563564
0.550671
0.706820
0.554880
0.552140
0.557298
0.560713
0.707867
0.704965
0.549065
0.700881
0.552873
0.704068
0.549679
0.547820
0.552366
0.553608
0.550762
0.556216
0.553068
0.700164
0.555228
0.556861
0.559282
0.617723
0.624687
0.630897
0.630684
0.634131
0.633409
0.627754
0.576716
0.551808
0.550141
0.547263
0.555221
0.544290
0.550876
0.550697
0.552579
0.555384
0.555803
0.563299
0.554451
0.549009
0.560393
0.550445
0.718051
0.555636
0.550574
0.554174
0.555570
0.550909
0.562125
0.551578
0.556771
0.558494
0.550894
0.547435
0.544426
0.545016
0.543806
0.543867
0.551991
0.700249
0.549887
0.547937
0.551444
0.550342
0.550497
0.545721
0.551709
0.565951
0.554211
0.555499
0.554758
0.551085
0.556815
0.709466
0.565404
0.702974
0.549839
0.697973
0.700322
0.543250
0.552937
0.547894
0.696870
0.550021
0.699257
0.551716
0.703492
0.552478
0.546650
0.748126
0.630916
0.815529
0.630330
0.814762
0.806603
0.583137
0.714335
0.563576
0.704939
0.705286
0.548951
0.747888
0.626716
0.794334
0.798339
0.798834
0.629381
0.743652
0.547112
0.702693
0.701260
0.699649
0.702061
0.700902
0.558272
0.700599
0.554821
0.702886
0.711766
0.706217
0.557745
0.702932
0.772800
0.805609
0.800120
0.623109
0.635100
0.640258
0.738224
0.704432
0.699697
0.697513
0.554926
0.698522
0.702767
0.702702
0.704809
0.703577
0.743977
0.585832
0.713093
0.726747
0.718529
0.721260
0.740641
0.814225
0.801473
0.804100
0.812210
0.800367
0.566062
0.712653
0.714145
0.721113
0.559974
0.559579
0.692661
0.711765
0.702485
0.706119
0.711843
0.707629
0.698437
0.699545
0.705367
0.706168
0.706435
0.552525
0.725731
0.723356
0.708629
0.705859
0.752200
0.797587
0.791426
0.797318
0.801788
0.796594
0.806954
0.799572
0.808696
0.807526
0.795006
0.717496
0.706833
0.698556
0.716333
0.712548
0.754775
0.805016
0.808403
0.811374
0.807765
0.798013
0.714776
0.704900
0.696257
0.710520
0.714427
0.712466
0.698591
0.699959
0.700086
0.703783
0.703187
0.776285
0.806967
0.803008
0.813447
0.804258
0.777369
0.700512
0.713540
0.705846
0.707292
0.698825
0.716431
0.710501
0.706170
0.731362
0.702878
0.695221
0.704231
0.692105
0.697664
0.704989
0.693706
0.692541
0.693903
0.702704
0.700015
0.778190
0.796682
0.800553
0.802829
0.807656
0.787672
0.705942
0.730411
0.803427
0.801351
0.806605
0.796076
0.801841
0.783706
0.794996
0.807973
0.793530
0.795550
0.765229
0.697716
0.704004
0.766375
0.792117
0.800309
0.793570
0.801920
0.781953
0.707281
0.706444
0.706159
0.711384
0.703162
0.704131
0.704689
0.699801
0.703474
0.702104
0.706087
0.701441
0.696670
0.694797
0.696668
0.698558
0.702699
0.701272
0.700703
0.696068
0.703739
0.703822
0.854679
0.703352
0.707398
0.706522
0.711306
0.708038
0.705574
0.700890
0.708108
0.706370
0.697500
0.717653
0.697305
0.694898
0.692823
0.694135
0.691936
0.699465
0.698526
0.706434
0.704181
0.700906
0.705153
0.711674
0.706097
0.708942
0.718360
0.704603
0.699798
0.699315
0.705492
0.706727
0.778534
0.805095
0.804004
0.808182
0.792928
0.800336
0.788789
0.788576
0.800195
0.807286
0.799478
0.697586
0.702472
0.692141
0.701517
0.704980
0.704026
0.705982
0.712223
0.703351
0.700599
0.778980
0.808243
0.805905
0.809560
0.807290
0.772193
0.703395
0.854950
1.001689
0.709423
0.693811
1.002112
0.996458
1.020572
0.853311
0.999870
1.347918
1.021140
1.023563
1.133408
0.800922
0.980613
1.317843
1.912373
0.917929
0.705911
2.271340
2.174277
1.734005
1.172692
2.170683
1.315858
1.247583
1.615525
0.998572
1.292279
0.714890
1.002708
0.700238
0.704318
0.999633
2.118181
2.207436
1.774413
1.766539
1.767130
1.615506
1.719409
1.726372
1.877811
1.719663
1.843255
2.138075
2.026908
1.872233
1.393008
1.960113
1.890785
1.713817
1.717097
1.713505
1.717609
1.748011
0.702011
1.694606
0.637240
0.924406
1.331006
0.759636
0.812843
0.809494
0.808742
0.811433
0.790127
0.704702
1.024778
1.014581
1.609065
0.702341
1.002499
1.599270
1.783543
1.836024
0.800032
1.940850
1.638859
2.008184
1.840783
1.863424
1.865251
1.985258
2.364949
1.864972
1.872824
2.087088
1.730889
1.836831
1.964935
2.150688
2.661099
2.307232
1.875512
1.792898
1.953343
2.406466
2.023402
1.715482
1.919301
2.424214
1.960570
2.398138
2.092742
1.976814
1.717462
1.863955
1.722769
1.717428
1.871885
1.870373
1.868728
1.877593
1.722265
1.891659
1.940565
2.004285
2.378101
1.858778
1.864303
1.993476
2.366871
1.924277
2.135442
1.898355
1.866978
1.875000
1.872028
1.872783
1.732960
1.867863
2.169895
1.974592
2.100857
1.878623
1.872732
1.734764
1.875005
1.883736
1.908561
1.599219
1.878803
1.903489
1.125168
1.712071
1.603240
1.612709
1.761619
1.735181
0.863098
2.176232
0.746448
0.813275
1.503442
1.662050
1.857012
1.672923
1.699084
1.652561
1.726388
1.718457
1.867488
2.134947
2.041727
2.085327
1.730592
2.085914
2.090826
2.074266
1.867743
1.885944
2.377254
2.087999
1.971339
1.731346
2.184701
2.082860
2.081053
2.069564
1.808171
2.134601
2.128392
1.276555
1.799411
1.686663
1.973454
1.972302
1.723380
0.721955
0.609364
1.772295
1.768000
0.703299
0.701924
0.695893
1.551276
0.966138
1.819478
2.190798
2.226067
2.132953
0.773846
2.229400
1.911013
1.740596
1.721662
1.742155
1.718300
1.874966
1.723641
1.717683
1.881832
1.869766
1.788861
1.957072
1.958646
1.723234
0.865388
1.978832
2.012704
1.868925
2.046699
1.824630
0.657044
1.473788
1.467947
1.723164
1.819347
1.838350
0.641016
2.033787
1.621176
1.670314
0.654988
1.047409
2.003490
1.784731
0.921823
1.852890
1.710425
1.893709
1.976849
1.813498
0.556459
1.727179
1.618272
1.721262
1.616969
1.391952
1.954566
1.844842
1.763198
1.948143
1.859882
1.745338
0.776750
2.145407
1.922944
1.906653
1.750171
1.582772
1.727833
1.718478
0.549212
1.610795
1.759176
1.599836
1.779705
1.767804
1.769268
1.722094
1.613402
1.612578
0.548774
0.701342
1.208493
1.486760
1.136571
1.317005
1.785764
0.801457
1.317724
2.166881
1.974493
1.965541
1.723943
0.551794
1.743866
1.727850
0.603799
1.714714
1.870907
1.717686
1.719681
1.619018
1.915187
2.129463
1.954484
2.075703
1.738354
1.723828
1.729736
2.089911
1.721106
2.082186
2.072111
1.875203
1.731274
1.876096
1.956096
1.289202
1.278152
2.010645
1.115901
1.980633
2.370992
2.211379
1.780324
1.969192
1.274556
2.176968
1.273972
1.867535
1.864565
1.873956
1.705180
1.871653
2.076066
2.162766
1.966060
2.098478
2.184455
2.086172
1.270724
1.872120
1.721145
1.863563
1.948285
2.126657
2.114707
2.134012
2.083084
2.243912
2.360971
2.265109
2.189940
2.353387
2.194499
2.338159
1.725567
2.334038
1.737200
1.934387
2.182807
1.717142
1.926612
1.123854
1.840412
1.278949
1.947955
1.740264
1.822050
1.961042
2.120703
1.954987
2.100559
2.081713
1.726976
1.828263
2.083652
2.072758
1.946335
1.723063
1.293212
1.720259
1.901561
2.133838
2.156997
2.139296
2.402601
2.374321
2.376028
2.373198
1.857546
1.742498
2.362009
1.936010
1.729892
1.226022
1.574875
1.719496
1.621158
1.118015
1.613240
0.757243
1.777150
0.553143
2.355920
1.312995
1.600523
1.610467
1.470760
0.707399
0.707577
1.333126
0.561706
1.175483
1.170295
1.617339
0.700974
0.696240
0.704707
0.709166
0.695421
0.694849
0.850323
1.618814
0.400649
1.610458
1.615637
1.970226
1.953747
1.723193
1.419390
1.838054
1.965369
1.685009
1.731824
1.723123
1.738362
1.270935
1.622376
1.307465
0.543442
0.996566
0.907283
1.325058
0.626914
0.812088
0.640616
0.784390
0.564418
0.565189
0.707613
0.708104
0.859278
1.463234
1.159069
0.857645
0.730169
0.637273
0.816142
0.803026
0.982513
0.802062
0.726001
0.540760
0.547571
0.694737
0.601708
0.630175
0.622692
0.625223
0.633554
0.632295
0.636064
0.571160
0.552920
0.559813
0.546937
0.563453
0.552699
0.554173
0.554940
0.787450
0.643568
0.633610
0.816368
0.632763
0.796972
0.893093
0.851836
0.853696
0.550319
0.544107
0.703444
0.546200
0.544229
0.555767
0.562260
0.555743
0.574175
0.553536
0.547735
0.560309
0.565029
0.552348
0.572896
0.632437
0.630163
0.808408
0.807912
0.645046
0.629956
0.556280
0.621480
0.621550
0.620100
0.790057
0.628416
0.803180
0.589822
0.565496
0.640067
0.636680
0.629639
0.633560
0.638910
0.641298
0.601658
0.552555
0.551934
0.796149
0.808534
0.975964
0.632238
0.982899
0.715207
0.544289
0.549551
0.698455
0.545367
0.550296
0.554427
0.548488
0.558080
0.546960
0.551383
0.549105
0.553812
0.559831
0.562521
0.555655
0.549778
0.558775
0.563038
0.555582
0.713822
0.565649
0.551527
0.558491
0.543972
0.542537
0.545002
0.557567
0.545836
0.549795
0.559452
0.552584
0.558699
0.611159
0.630915
0.630879
0.632706
0.625353
0.803590
0.632366
0.556320
0.555177
0.554164
0.552201
0.555213
0.553738
0.714402
0.709281
0.551231
0.543376
0.547383
0.542579
0.558559
0.552442
0.547818
0.551201
0.698796
0.559334
0.550419
0.704212
0.708586
0.700476
0.551144
0.699459
0.551476
0.553962
0.552746
0.556752
0.557673
0.701829
0.869772
0.552636
0.703191
0.560550
0.547643
0.540839
0.547118
0.548580
0.554113
0.547633
0.542721
0.559321
0.595661
0.626283
0.623959
0.635905
0.628924
0.643322
0.635490
0.571416
0.553680
0.563297
0.554701
0.559894
0.558947
0.553312
0.557098
0.551362
0.552400
0.547681
0.574489
0.559656
0.563624
0.552774
0.545702
0.548465
0.561229
0.552120
0.552649
0.555619
0.549784
0.546837
0.563440
0.554845
0.562510
0.567804
0.562095
0.552315
0.554119
0.550528
0.540847
0.551768
0.549222
0.545080
0.541843
0.555805
0.546165
0.548267
0.552802
0.550247
0.557686
0.548873
0.547210
0.561335
0.556013
0.560257
0.550474
0.555457
0.563790
0.558611
0.551580
0.549280
0.558368
0.577577
0.628840
0.620187
0.618612
0.622921
0.630295
0.625163
0.594272
0.547357
0.542261
0.550911
0.552436
0.546325
0.552979
0.548960
0.554475
0.553094
0.554591
0.551373
0.549037
0.578224
0.634699
0.649040
0.629634
0.634698
0.625944
0.624159
0.580756
0.558648
0.549035
0.557563
0.547387
0.557590
0.547810
0.590540
0.627772
0.638976
0.623712
0.634355
0.622609
0.629915
0.581087
0.593398
0.634027
0.632968
0.635437
0.634020
0.621800
0.643848
0.563151
0.546946
0.550355
0.556064
0.545926
0.549967
0.548198
0.554278
0.547820
0.547470
0.559350
0.556126
0.561333
0.557686
0.555411
0.549801
0.556604
0.552252
0.606977
0.628929
0.646213
0.634638
0.631319
0.639733
0.632741
0.559206
0.545740
0.548888
0.547920
0.546326
0.548944
0.550341
0.551014
0.557099
0.558447
0.559176
0.551988
0.550043
0.551678
0.550806
0.547140
0.556603
0.614163
0.635362
0.641275
0.632962
0.642087
0.631035
0.637232
0.562011
0.549184
0.547983
0.552728
0.546792
0.551148
0.548553
0.556320
0.559237
0.553040
0.560067
0.628994
0.631895
0.635104
0.633383
0.626801
0.643261
0.617917
0.549902
0.554873
0.561611
0.555887
0.547028
0.558221
0.547887
0.549701
0.547067
0.546789
0.551656
0.547591
0.585473
0.633613
0.633032
0.622579
0.623805
0.631178
0.630678
0.597541
0.551339
0.558327
0.552823
0.555028
0.556843
0.561820
0.551968
0.550720
0.551680
0.546596
0.540188
0.552431
0.548716
0.541849
0.547783
0.559816
0.545140
0.542282
0.551186
0.554013
0.551696
0.549015
0.554701
0.551846
0.555853
0.550417
0.553362
0.553695
0.587650
0.634359
0.635669
0.632921
0.629031
0.626315
0.620075
0.601939
0.546170
0.546033
0.547234
0.555050
0.607735
0.637135
0.623179
0.631654
0.632936
0.632039
0.628338
0.566695
0.552338
0.547308
0.555535
0.550066
0.557713
0.578350
0.637067
0.637697
0.638568
0.629017
0.616049
0.619310
0.589690
0.545435
0.547117
0.560046
0.547646
0.544896
0.548261
0.548006
0.551732
0.552222
0.552961
0.548982
0.549453
0.559099
0.575955
0.644885
0.635028
0.640683
0.642530
0.636662
0.636079
0.596613
0.549322
0.553842
0.552937
0.547243
0.551256
0.576666
0.629489
0.625056
0.629369
0.627658
0.623555
0.638546
0.613289
0.572039
0.561804
0.552676
0.554658
0.553928
0.563048
0.555534
0.556772
0.551014
0.563056
0.547560
0.552115
0.545833
0.391987
0.543687
0.554659
0.550966
0.551612
0.547845
0.554406
0.596941
0.636947
0.629773
0.633349
0.638894
0.632491
0.635549
0.567509
0.550279
0.553555
0.552030
0.549223
0.561278
0.604407
0.630259
0.621108
0.636667
0.627457
0.628900
0.630150
0.553603
0.543746
0.559298
0.547383
0.557997
0.550969
0.553992
0.763392
0.624966
0.636418
0.627805
0.629632
0.647701
0.634560
0.578160
0.554435
0.557738
0.549250
0.568366
0.622989
0.632044
0.628366
0.629980
0.624936
0.640688
0.583348
0.700096
0.701313
0.558938
0.552770
0.555655
0.549287
0.557468
0.561598
0.551196
0.549740
0.559985
0.549823
0.558044
0.552642
0.551118
0.551984
0.553225
0.550015
0.543879
0.543255
0.554187
0.552505
0.549645
0.552836
0.552167
0.547735
0.556598
0.550497
0.599760
0.626380
0.628495
0.637917
0.635451
0.638841
0.637713
0.577521
0.553962
0.553158
0.551648
0.549720
0.549238
0.558661
0.545936
0.556519
0.546084
0.551322
0.547844
0.550055
0.547507
0.549946
0.548590
0.542897
0.564479
0.560011
0.554001
0.604090
0.629086
0.629889
0.640209
0.630716
0.634753
0.641650
0.568130
0.553441
0.552607
0.556283
0.557888
0.549057
0.549845
0.549985
0.550174
0.548851
0.553745
0.551164
0.557267
0.583838
0.627735
0.629726
0.621841
0.621424
0.630426
0.635418
0.599980
0.550928
0.561772
0.556594
0.560612
0.565352
0.549666
0.547549
0.550858
0.547964
0.547217
0.543741
0.558914
0.557693
0.558612
0.553452
0.555220
0.549822
0.549409
0.560243
0.550242
0.561380
0.596093
0.631720
0.629366
0.638220
0.639074
0.635071
0.802291
0.558087
0.593363
0.629931
0.626626
0.627858
0.624706
0.627251
0.631977
0.568546
0.551644
0.547627
0.560667
0.551104
0.548341
0.549988
0.602608
0.640197
0.630050
0.637774
0.647903
0.645448
0.637449
0.568154
0.563580
0.752226
0.626374
0.622155
0.623962
0.621099
0.626449
0.640725
0.565426
0.549812
0.557257
0.548313
0.552043
0.557142
0.712604
0.561688
0.552106
0.555903
0.712866
0.561486
0.557079
0.551716
0.552433
0.555498
0.551785
0.547917
0.552170
0.552612
0.551433
0.544398
0.550836
0.543223
0.698304
0.548493
0.549118
0.543691
0.547730
0.551955
0.557415
0.696843
0.699808
0.604035
0.638682
0.639934
0.633282
0.640649
0.799704
0.642582
0.552317
0.554312
0.556376
0.698309
0.550681
0.546402
0.544888
0.582128
0.640197
0.627011
0.625732
0.625296
0.633258
0.634850
0.592992
0.562335
0.556345
0.551022
0.555769
0.551693
0.552428
0.552925
0.554671
0.555846
0.553542
0.568542
0.557109
0.544806
0.542468
0.548591
0.699056
0.546206
0.549113
0.590990
0.622838
0.631318
0.689542
0.659315
0.632231
0.628764
0.567352
0.547705
0.583802
0.631477
0.633179
0.635663
0.645202
0.631820
0.806155
0.716306
0.549660
0.545324
0.543125
0.690790
0.696582
0.564445
0.550022
0.559076
0.549728
0.564495
0.558050
0.549752
0.556321
0.552648
0.550699
0.549578
0.697810
0.551158
0.706165
0.557111
0.555061
0.566731
0.560937
0.560766
0.546977
0.547757
0.556380
0.549263
0.557415
0.769368
0.631587
0.631631
0.808805
0.632115
0.623360
0.776174
0.561761
0.703514
0.554177
0.556911
0.708642
0.701287
0.561325
0.705702
0.704422
0.554711
0.704691
0.559847
0.705808
0.696752
0.697075
0.554978
0.700068
0.720691
0.803158
0.799735
0.797588
0.792753
0.640424
0.737261
0.705702
0.706539
0.703904
0.711381
0.707918
0.711090
0.553437
0.744797
0.719891
0.739301
0.807916
0.798567
0.796246
0.796707
0.802286
0.719878
0.702589
0.699981
0.700206
0.700899
0.702174
0.699194
0.706108
0.699201
0.701865
0.702568
0.708861
0.700931
0.705916
0.779065
0.816333
0.813675
0.805493
0.818786
0.807905
0.716790
0.749524
0.796444
0.795686
0.797559
0.812087
0.822519
0.817117
0.808919
0.802928
0.799821
0.803295
0.726405
0.699654
0.772429
0.804145
0.804929
0.808977
0.803195
0.628978
0.700991
0.709851
0.713544
0.755191
0.797392
0.809442
0.797629
0.795475
0.797469
0.696842
0.694945
0.698635
0.705873
0.700890
0.699874
0.712124
0.714749
0.713982
0.713436
0.710781
0.727241
0.718370
0.728292
0.716202
0.726617
0.726604
0.717211
0.719703
0.717714
0.710080
0.717359
0.711102
0.708041
0.746437
0.802044
0.802182
0.795085
0.803764
0.799779
0.712664
0.704754
0.698654
0.705313
0.704860
0.700498
0.703189
0.706207
0.715735
0.711537
0.740267
0.709542
0.715154
0.709613
0.702966
0.702467
0.699824
0.697820
0.698008
0.700370
0.704421
0.699943
0.711383
0.703424
0.699517
0.700375
0.702177
0.712680
0.701632
0.703535
0.700507
0.730562
0.799916
0.817957
0.814923
0.811195
0.802682
0.731913
0.710175
0.763658
0.802410
0.793208
0.797553
0.809549
0.796541
0.702116
0.703834
0.703317
0.702403
0.696821
0.705048
0.701789
0.706291
0.708794
0.864776
0.754232
0.804541
0.981206
0.811901
0.814349
0.775422
0.701290
0.701703
0.706511
0.787710
0.796158
0.800351
0.794292
0.796727
0.797666
0.793708
0.805595
0.809556
0.816625
0.792726
0.705948
0.713427
0.703715
0.706185
0.705005
0.699661
0.715757
0.703348
0.703458
0.705654
0.706824
0.701462
0.695956
0.699115
0.696749
0.697925
0.698771
0.699081
0.695904
0.709035
0.697148
0.701294
0.702402
0.699223
0.701974
0.851108
0.700091
0.709561
0.703498
0.709925
0.707146
0.705235
0.709492
0.705628
0.709064
0.698720
0.774680
0.791776
0.789061
0.806915
0.793572
0.780007
0.711131
0.758352
0.803933
0.803854
0.793514
0.803557
0.802998
0.804954
0.807829
0.795843
0.808836
0.790912
0.699289
0.868522
0.706281
0.719410
0.877287
0.865165
0.863441
1.016801
0.961018
0.797173
1.318094
1.656487
0.801513
0.806370
1.138004
0.802132
0.800002
0.809084
0.981874
0.808347
0.808354
0.805164
0.856244
1.189515
1.504621
1.322968
1.493032
0.887385
0.700203
0.849656
0.849200
0.852408
1.000337
0.697237
0.700196
0.700846
0.705682
0.707436
0.694039
0.698983
0.701185
0.700819
0.713289
0.707212
0.926454
1.147751
1.150939
1.330909
1.645423
0.992488
1.323546
1.838796
1.853468
1.868856
1.710889
1.709080
1.708017
2.317238
1.973531
1.895522
1.874856
1.870734
2.085007
2.081493
1.874522
1.870608
1.876408
1.730284
1.730464
2.008366
1.981994
1.895165
1.873637
1.627961
1.963609
1.963366
0.864325
1.716659
1.710731
1.710760
1.606959
1.910970
2.007866
1.754539
1.463592
0.911866
0.698349
1.901531
1.301751
1.616263
1.767595
1.711924
1.735795
1.735131
1.718874
1.929940
2.215301
1.951245
1.718306
1.870379
1.720705
1.869233
1.709706
1.712913
2.003667
2.123592
2.022131
1.872119
1.870922
1.865882
1.988242
2.145298
1.875884
1.880658
1.872383
1.872793
2.006820
2.124434
1.791554
2.138960
2.064287
1.577927
1.874466
1.880365
1.867163
1.869587
1.869795
1.864766
1.864587
1.754103
1.939582
2.131557
2.061825
2.005670
2.669724
2.164435
2.184948
1.877227
2.092750
2.137042
2.063014
1.732145
1.876585
1.725103
1.885417
1.873519
1.881213
1.731671
1.873585
1.730062
1.726567
1.724787
1.867593
1.723228
1.611375
1.765619
1.690906
2.012192
0.692560
0.633089
0.752978
1.717046
0.803039
1.309867
1.314621
1.011215
0.716654
0.722297
0.707072
1.321235
1.307640
2.066231
1.619860
1.007989
1.648616
1.756468
1.952517
1.972022
1.965316
1.926382
1.862946
1.888173
1.874274
1.266403
1.876509
1.573999
1.905911
1.272205
1.619906
1.868080
1.911200
1.994281
2.139637
1.736550
1.724149
1.723973
1.558410
1.727933
1.954382
1.950521
1.903906
1.722117
1.854498
1.709107
1.868921
1.719863
1.716559
1.864071
1.859950
1.826841
1.849623
1.955733
1.961010
1.964961
1.930463
2.144190
2.109682
1.723201
1.736965
1.968123
2.135840
1.883172
1.878555
1.717084
1.874850
1.722585
1.881099
1.866081
1.719372
1.720538
1.713692
1.719389
1.708624
1.730533
1.714939
1.626243
0.558528
0.656396
1.767052
0.811335
2.214220
0.716994
0.858101
1.631712
1.768258
0.552315
1.615107
1.010852
1.597834
0.546770
1.295453
0.693382
1.300185
1.303787
1.006156
1.906674
2.449424
1.852604
1.900852
1.955379
1.903329
1.715929
1.726080
1.724804
1.876720
1.573046
1.885101
1.831017
2.130502
1.882803
1.881404
1.271211
1.724125
1.717335
1.850310
1.975861
2.076079
1.841351
1.959653
1.958794
2.136875
1.746255
1.779774
1.836886
2.007029
0.761728
1.653198
2.023785
1.973165
1.881386
1.715644
1.717679
1.859716
0.856831
1.601546
1.710794
1.707244
0.696182
1.918666
0.549621
1.762416
1.876007
1.721944
1.718853
1.731420
1.731649
1.723107
1.726455
1.725668
1.731425
1.735374
2.110847
1.966305
1.775727
1.722043
1.878727
1.893724
1.271582
2.120980
1.976163
1.717820
1.719317
1.716551
1.862316
1.873611
1.864287
1.871799
1.887670
1.899448
2.078417
1.795860
2.374971
1.965147
2.140146
2.078554
1.727076
1.728291
1.845107
1.967364
1.904525
1.780861
1.967344
1.968372
1.562401
1.710700
1.874315
1.874534
1.717797
1.876532
1.791463
2.128371
1.976191
1.958318
2.139137
2.149161
2.128703
1.729005
1.991425
1.962247
2.065920
1.285807
1.881575
2.077828
2.082964
1.715814
2.076281
1.921208
1.716112
2.174991
1.873574
1.928128
1.455053
2.132247
2.444589
2.258198
2.148712
1.840269
2.086027
1.886434
1.887886
2.463315
1.962024
1.151112
1.861450
1.279177
1.979389
1.743489
1.770811
1.973061
1.959894
1.717399
1.720519
1.722658
1.714714
1.560977
1.611597
1.822749
2.135436
2.139588
2.271948
1.820978
2.076913
1.769098
2.559878
1.751567
1.780638
1.446240
1.970096
1.955217
1.720409
1.875353
1.278175
1.940942
1.268764
1.953293
1.781425
1.873513
1.709439
1.722121
1.673610
1.960597
0.641667
1.729457
0.909521
1.717894
1.481753
1.719819
0.402730
1.551711
1.674714
1.681350
1.908829
1.718839
1.720181
1.717203
1.991391
1.450152
1.955382
1.434446
1.256745
1.714633
0.859021
1.715511
1.858311
1.877009
0.711695
1.716973
1.433166
1.348128
0.632258
0.622941
0.938451
0.977453
0.784940
0.705175
0.555339
1.011656
0.861875
1.160850
1.168690
1.977962
1.148850
1.830945
1.626879
1.721179
0.756985
0.870550
0.797564
0.800008
0.637020
0.807709
0.803241
0.736198
0.556563
0.916831
0.811764
0.807970
0.628758
0.634687
0.647127
0.582927
0.570047
0.557048
0.556286
0.553889
0.549526
0.546987
0.546593
0.548310
0.702064
0.547952
0.590427
0.807974
0.631250
0.641404
0.632001
0.625310
0.614481
0.550856
0.546961
0.553230
0.552426
0.548627
0.554209
0.702176
0.557479
0.702930
0.547018
0.722086
0.548234
0.549672
0.548804
0.541614
0.558695
0.564571
0.554015
0.597126
0.635224
0.635397
0.630901
0.632421
0.630481
0.637058
0.569901
0.560523
0.708047
0.553544
0.701063
0.558359
0.707729
0.564676
0.561839
0.560871
0.548804
0.550767
0.713799
0.547283
0.551050
0.620659
0.632037
0.635158
0.629402
0.633761
0.626447
0.615433
0.560136
0.702602
0.699968
0.554497
0.566224
0.555722
0.552746
0.550939
0.552334
0.706322
0.551126
0.551549
0.558335
0.545916
0.549306
0.543211
0.553081
0.549768
0.566389
0.551894
0.584991
0.800053
0.800504
0.640943
0.628573
0.803423
1.211587
0.871021
0.860227
0.856333
0.736942
0.709782
0.725543
0.713575
0.552789
0.767042
0.629881
0.625659
0.663000
0.623118
0.619379
0.628179
0.732760
0.556369
0.546522
0.555798
0.549132
0.553136
0.548739
0.560656
0.552843
0.557134
0.553051
0.547226
0.703934
0.706075
0.603180
0.558070
0.585371
0.556481
0.551672
0.694742
0.547916
0.548911
0.545699
0.544608
0.693037
0.699259
0.849284
0.548251
0.706814
0.566973
0.557914
0.558068
0.707180
0.552711
0.554501
0.556034
0.728967
0.554508
0.553856
0.552930
0.549240
0.549689
0.716200
0.560556
0.570200
0.560502
0.566367
0.556953
0.558417
0.575305
0.701886
0.553866
0.552481
0.551098
0.553579
0.553255
0.553705
0.555960
0.552816
0.551352
0.558574
0.560791
0.558129
0.587252
0.629381
0.634839
0.628005
0.617485
0.629862
0.629247
0.592601
0.551111
0.554401
0.559656
0.562167
0.558940
0.565294
0.560227
0.559158
0.560255
0.567245
0.561218
0.561071
0.559306
0.563119
0.707089
0.554821
0.552683
0.562239
0.561443
0.551320
0.548772
0.545519
0.544792
0.549708
0.551425
0.555261
0.550374
0.549070
0.545160
0.549907
0.556234
0.559734
0.552219
0.556217
0.550874
0.564323
0.559436
0.563060
0.552541
0.555753
0.563367
0.559535
0.558110
0.550548
0.550457
0.550177
0.548812
0.551168
0.560224
0.550786
0.547797
0.547682
0.558753
0.561200
0.551577
0.548723
0.548221
0.549946
0.554196
0.563338
0.549982
0.558780
0.554642
0.556014
0.549311
0.564028
0.551491
0.548819
0.554152
0.553807
0.546372
0.553664
0.550620
0.547226
0.547413
0.542216
0.544391
0.560184
0.560091
0.554152
0.552823
0.550526
0.561604
0.561939
0.558593
0.555588
0.554382
0.566757
0.552198
0.551229
0.553482
0.399311
0.541705
0.548570
0.545839
0.396950
0.547189
0.543580
0.553280
0.546032
0.555558
0.552908
0.555235
0.395757
0.566226
0.554658
0.608744
0.628257
0.629172
0.628585
0.643276
0.631788
0.635676
0.573631
0.555580
0.549827
0.545889
0.547602
0.547825
0.546833
0.549198
0.554361
0.552564
0.402029
0.543937
0.555569
0.567444
0.562153
0.553488
0.551780
0.623257
0.638973
0.633575
0.640624
0.641448
0.637863
0.633205
0.553630
0.615711
0.636960
0.630855
0.626357
0.450099
0.625234
0.626483
0.590492
0.591937
0.634104
0.625328
0.625122
0.630027
0.627778
0.632169
0.559083
0.547923
0.558476
0.556671
0.550447
0.569405
0.554844
0.556322
0.551723
0.550084
0.543597
0.543620
0.544709
0.551111
0.550531
0.549165
0.545971
0.548132
0.549274
0.552385
0.554937
0.558912
0.550111
0.558736
0.553561
0.556230
0.551260
0.555695
0.565466
0.559409
0.572938
0.562305
0.555148
0.557077
0.557030
0.545069
0.548105
0.542516
0.545590
0.543457
0.550416
0.547578
0.549222
0.551274
0.553908
0.556815
0.557944
0.547534
0.555973
0.557798
0.553021
0.556497
0.551782
0.552409
0.551386
0.571013
0.604432
0.572984
0.571572
0.556075
0.548106
0.542113
0.551690
0.618927
0.623778
0.452619
0.622007
0.624836
0.633128
0.628097
0.573470
0.545088
0.546164
0.562956
0.558685
0.559929
0.564375
0.557134
0.554218
0.556545
0.552362
0.551920
0.557251
0.581773
0.572013
0.550071
0.552575
0.543167
0.557399
0.554204
0.578115
0.548802
0.551780
0.549333
0.550313
0.547483
0.553733
0.552853
0.551311
0.556255
0.555544
0.556653
0.556884
0.557830
0.603448
0.634839
0.635313
0.628205
0.628433
0.629811
0.632676
0.618443
0.633980
0.636821
0.638670
0.628421
0.638762
0.629560
0.575610
0.555495
0.550136
0.560159
0.556143
0.556875
0.560717
0.562199
0.559311
0.552590
0.552089
0.554760
0.562984
0.567039
0.549264
0.545202
0.551458
0.557000
0.547986
0.550607
0.568714
0.562059
0.553517
0.554423
0.559805
0.550466
0.556339
0.613803
0.629761
0.630353
0.626462
0.634681
0.627169
0.634318
0.583742
0.563455
0.555654
0.602167
0.626466
0.624078
0.621206
0.625189
0.635943
0.635604
0.567088
0.558287
0.555896
0.546741
0.546615
0.545273
0.545735
0.561618
0.554618
0.556693
0.559937
0.551917
0.556034
0.555914
0.553719
0.555185
0.550434
0.541481
0.542425
0.545972
0.547180
0.545668
0.558643
0.547384
0.547220
0.541454
0.546352
0.606897
0.621439
0.629460
0.627160
0.629305
0.624830
0.628657
0.553052
0.565698
0.563299
0.572800
0.559060
0.615150
0.623349
0.617406
0.618398
0.631097
0.620409
0.620013
0.558304
0.547206
0.547818
0.554171
0.551363
0.553238
0.548894
0.557431
0.550857
0.545768
0.552229
0.563545
0.560084
0.593706
0.639527
0.637842
0.643103
0.636873
0.624227
0.617694
0.578741
0.543580
0.546056
0.542435
0.543256
0.544746
0.552165
0.557044
0.548033
0.551207
0.558179
0.548638
0.562385
0.551807
0.554976
0.561953
0.556789
0.558015
0.555921
0.554698
0.553284
0.576980
0.634497
0.621136
0.623338
0.628546
0.623935
0.624605
0.590440
0.559486
0.547137
0.547666
0.547212
0.609476
0.626623
0.634742
0.636510
0.628602
0.632585
0.631339
0.575405
0.600768
0.637542
0.628778
0.642979
0.635680
0.626963
0.634354
0.557438
0.545901
0.558279
0.554621
0.549059
0.544505
0.549591
0.547033
0.545911
0.558846
0.551868
0.552969
0.552676
0.550984
0.548757
0.552056
0.552297
0.547053
0.564310
0.553622
0.553969
0.552875
0.546285
0.547126
0.544947
0.545102
0.542126
0.541682
0.545810
0.551503
0.544627
0.543981
0.551024
0.547455
0.547228
0.550836
0.555013
0.551008
0.551717
0.564114
0.704051
0.598355
0.636626
0.634864
0.633301
0.637329
0.798151
0.626259
0.776865
0.617852
0.627390
0.623634
0.792914
0.632709
0.607994
0.707960
0.624928
0.636042
0.801689
0.804038
0.631092
0.808688
0.725004
0.771832
0.635497
0.638126
0.645827
0.815884
0.804422
0.578081
0.546501
0.544805
0.547869
0.542980
0.548889
0.547160
0.553804
0.557171
0.555423
0.703856
0.545996
0.552187
0.557030
0.552062
0.705143
0.703042
0.546648
0.555774
0.564989
0.706126
0.711055
0.708429
0.561580
0.704628
0.551594
0.553898
0.543582
0.547477
0.548552
0.558682
0.706871
0.558313
0.707851
0.558602
0.553621
0.709669
0.705601
0.705664
0.547169
0.717988
0.719036
0.571663
0.636478
0.643195
0.642613
0.647064
0.634459
0.633992
0.589443
0.553808
0.599783
0.626975
0.622748
0.624345
0.622455
0.628701
0.628351
0.713236
0.593481
0.626272
0.624485
0.640299
0.633319
0.634364
0.643535
0.570694
0.551487
0.553711
0.558325
0.557319
0.555207
0.577312
0.634411
0.628224
0.797861
0.624306
0.619021
0.622670
0.578539
0.560705
0.546879
0.545516
0.564436
0.551080
0.558197
0.548771
0.570636
0.629370
0.637001
0.635974
0.814299
0.814963
0.620231
0.554948
0.554168
0.708978
0.556285
0.706848
0.547897
0.693246
0.550491
0.547502
0.699635
0.701313
0.573514
0.624631
0.798028
0.810337
0.800894
0.806151
0.584940
0.707413
0.725350
0.623752
0.819156
0.803588
0.800459
0.626639
0.759562
0.550171
0.700773
0.690523
0.743691
0.797278
0.627040
0.795789
0.801418
0.802610
0.712546
0.707459
0.709330
0.553050
0.709751
0.702434
0.745047
0.811429
0.801286
0.800610
0.817753
0.817727
0.763135
0.799109
0.802912
0.797173
0.627774
0.805527
0.725401
0.696015
0.700525
0.709164
0.703379
0.700301
0.694872
0.709090
0.703995
0.709753
0.710253
0.702259
0.699968
0.702742
0.702682
0.720996
0.702063
0.712879
0.699943
0.713300
0.704645
0.777321
0.798506
0.804978
0.800914
0.798665
0.774504
0.804897
0.792610
0.794825
0.818550
0.806401
0.782785
0.800434
0.633417
0.805377
0.813266
0.630639
0.738498
0.708256
0.706298
0.711179
0.758760
0.813224
0.803831
0.801602
0.801084
0.781343
0.700194
0.699424
0.696060
0.705020
0.709215
0.709299
0.707420
0.697334
0.701725
0.715444
0.716028
0.702677
0.707824
0.703050
0.704839
0.706281
0.707609
0.705620
0.705846
0.716590
0.708293
0.706587
0.705774
0.698415
0.703119
0.700852
0.705370
0.707630
0.711115
0.699096
0.701172
0.702747
0.700170
0.703543
0.703208
0.700043
0.703887
0.703410
0.701162
0.713247
0.708670
0.713018
0.715329
0.559539
0.714095
0.708077
0.700642
0.701805
0.706682
0.696668
0.701338
0.700789
0.705234
0.698709
0.699536
0.694668
0.702254
0.703445
0.704545
0.706533
0.698605
0.700781
0.698362
0.702725
0.697134
0.718354
0.709447
0.702731
0.704390
0.699240
0.701808
0.705128
0.852896
0.693157
0.706897
0.707969
0.697636
0.698863
0.707924
0.711930
0.706165
0.704430
0.713737
0.700306
0.701075
0.703110
0.706616
0.706749
0.794148
0.804528
0.800243
0.796046
0.806570
0.749247
0.701583
0.692791
0.692960
0.695548
0.780760
0.809289
0.797594
0.801449
0.797790
0.793615
0.711968
0.705011
0.704643
0.699605
0.706003
0.702206
0.705583
0.698629
0.708850
0.713042
0.710498
0.702044
0.700642
0.701463
0.699614
0.702845
0.698863
0.692572
0.694988
0.694367
0.697762
0.701938
0.700404
0.709528
0.707080
0.716860
0.709395
0.705479
0.710893
0.715719
0.703944
0.707419
0.705057
0.707065
0.718943
0.701401
0.701189
0.698756
0.702005
0.695332
0.702174
0.704591
0.704322
0.738470
0.799753
0.791475
0.803648
0.795330
0.804212
0.714457
0.767352
0.804569
0.804421
0.802426
0.815667
0.935427
1.004009
0.701711
0.703020
0.703892
1.009610
0.702326
0.848010
0.850696
0.702301
0.697950
0.696203
0.703176
0.698943
0.699768
0.692055
0.698359
0.698152
0.700916
0.705933
1.008353
0.852170
1.005273
2.231556
2.347257
1.493551
2.267125
1.981211
1.988770
0.813074
1.841467
0.798589
0.791389
1.792184
0.700484
0.700194
0.702871
1.018394
1.151682
1.828474
1.768797
1.721000
0.710770
1.881299
1.964070
1.867691
1.728722
1.745340
1.965875
1.857834
1.777682
1.881439
1.732557
1.898082
1.729074
1.577534
1.727581
1.760502
1.742398
1.717819
1.726363
1.859385
1.610399
1.715942
1.715873
1.720840
1.713953
1.869149
1.870690
1.728448
1.811693
1.969979
2.076284
1.724836
1.870577
1.870574
1.885486
2.075971
2.074536
1.865959
1.871075
2.073359
2.002756
2.133638
2.116083
2.364917
1.945746
2.479488
2.220770
1.936739
2.131590
2.394648
2.175760
1.871715
1.737468
2.332040
1.974104
2.254438
2.184204
2.192353
1.744639
1.987618
1.876065
1.868366
1.866844
1.870644
1.725839
1.879722
1.723691
1.873010
1.720839
1.870841
1.720267
1.870088
2.075783
1.863852
1.868024
1.870096
1.931056
1.886628
1.871495
1.865444
2.020866
2.153206
2.288728
2.136829
2.136294
2.119585
1.898183
1.871307
1.981249
2.243233
2.014534
2.073820
1.986555
1.728868
1.828583
2.129406
2.045364
1.877279
1.976545
2.172393
2.148935
2.141541
1.970796
1.913447
1.733591
1.729608
2.101461
1.967515
1.937280
1.721887
1.616689
1.612697
1.726998
1.726500
1.615265
1.802533
1.842776
1.720929
1.611879
1.612915
1.722589
1.616577
1.739914
1.712504
1.811368
1.968031
2.090966
1.871487
1.872355
1.876089
1.882951
1.872957
1.796963
1.960664
2.095235
1.560628
1.605533
0.720510
0.863826
1.608814
1.779109
0.756595
1.767007
1.677410
1.837353
0.806094
2.212798
1.851851
1.904716
1.716392
1.866878
1.727438
2.220729
2.548961
1.803580
1.728010
1.771246
1.971817
2.144011
1.950288
2.131976
1.864484
2.075333
2.077618
1.768153
2.366377
1.981124
2.672290
1.871401
2.026606
1.982078
2.020758
1.892092
1.719788
1.963023
1.452502
1.856687
1.572856
1.722819
1.724063
1.828976
2.037121
1.056706
1.119538
1.619041
1.729465
1.720010
1.714495
1.732105
1.855777
1.958129
2.041661
1.718361
1.723829
0.567252
1.955483
1.966121
1.671205
0.760776
1.478818
0.556346
2.206042
0.718237
0.554405
1.005348
0.850235
0.998293
2.387857
1.783402
1.958435
2.407843
1.777040
1.732764
1.734305
1.828689
1.719859
1.736959
1.749276
1.419004
1.580231
1.876622
1.126912
1.271884
1.632392
1.730682
1.615813
1.729588
1.523293
1.806156
1.792508
1.489630
1.754859
1.746245
1.813070
1.963453
2.151308
1.955330
1.973392
1.578546
1.898434
1.878955
1.731021
1.905367
1.973165
1.966165
1.931486
2.097548
2.138845
1.976606
1.980335
1.795020
1.725888
1.882351
1.737160
1.992417
1.948512
2.108070
1.269323
1.790633
1.779047
1.710923
1.716758
1.731132
1.966106
1.901379
1.883674
1.621467
0.508264
1.721446
0.402677
1.851350
0.929222
2.259339
1.558674
1.767380
0.771227
1.040227
2.010460
1.007722
1.461328
1.729472
1.716612
1.721102
1.717241
1.617113
1.724219
1.845933
1.907291
1.624323
0.553292
1.762856
1.720861
1.864921
1.971524
1.629728
1.725654
1.746909
1.763211
2.161385
2.142980
2.130762
1.720560
1.867767
2.729439
2.227454
2.060673
1.962934
1.962757
1.844938
1.963135
1.965455
2.675664
2.074441
2.015233
2.208097
2.160332
2.123469
2.382893
2.433889
2.278125
2.084464
2.618745
2.012872
1.939865
1.133353
1.765007
1.797983
1.095585
1.724132
1.721468
1.725259
1.734072
1.818383
1.958244
2.073961
1.733476
2.116967
1.747851
1.504531
1.965050
1.971339
1.751781
1.942275
2.142672
2.116192
1.736906
1.882257
1.872108
2.085914
1.875706
1.862921
2.076256
1.729872
2.627503
2.058765
1.717373
2.091921
1.722286
2.082916
2.094354
2.080882
2.097074
2.116558
2.073726
1.726653
1.871406
1.774665
2.131269
2.103802
1.726357
1.124824
2.017278
2.128509
2.011096
1.874438
1.867151
1.868113
2.004775
2.126471
2.015425
1.877285
1.898893
2.146450
2.122757
2.256948
2.380494
2.239593
2.370447
2.146964
2.082448
1.879275
1.943395
2.140052
1.813347
1.129015
1.695826
1.804470
1.809117
1.796826
1.786831
1.743001
1.685964
0.702687
0.628707
1.370851
0.725071
1.048864
1.324323
1.501291
1.604988
1.557234
1.677359
0.631406
1.891961
1.728833
1.810455
0.995604
0.640122
1.851538
1.496693
1.477438
1.613162
0.546032
1.612865
0.549163
1.901916
1.369699
1.482298
0.629571
0.636737
0.982562
1.152695
1.728630
0.633268
0.633147
0.644521
0.802437
0.948494
1.007120
0.565095
0.555460
0.557823
0.559226
0.553014
0.558359
0.560167
0.558335
0.548975
0.550770
0.548609
0.550157
0.550324
0.554409
0.547801
0.547726
0.560646
0.554554
0.560299
0.549914
0.545343
0.955240
0.628300
0.629602
0.628538
0.642297
0.637462
0.619909
0.553432
0.555546
0.553593
0.542956
0.549842
0.548164
0.549844
0.547289
0.545282
0.700189
0.707823
0.774928
0.631315
0.628200
0.624918
0.623562
0.642808
0.645118
0.559570
0.553852
0.552074
0.552467
0.558512
0.549453
0.703692
0.780364
0.797531
0.800010
0.799732
0.623879
0.635328
0.715028
0.851526
0.704221
0.549468
0.546690
0.648820
0.629126
0.628313
0.625997
0.625245
0.630211
0.632104
0.549867
0.550911
0.548322
0.553263
0.549672
0.573200
0.564909
0.549174
0.545175
0.696337
0.544380
0.700277
0.705605
0.700387
0.852165
0.856426
0.701643
0.711722
0.861596
1.008077
0.706564
0.548801
0.558049
0.552038
0.552597
0.595684
0.806455
0.801147
0.641420
0.630828
0.641584
0.617045
0.549224
0.697262
0.546744
0.549450
0.546528
0.545471
0.554969
0.545593
0.553673
0.556873
0.546070
0.797016
0.802257
0.631002
0.624549
0.639651
0.629344
0.598232
0.554940
0.581257
0.628184
0.642534
0.630401
0.811092
0.623520
0.628101
0.560557
0.549829
0.548443
0.571295
0.809121
0.622575
0.632031
0.632343
0.625946
0.798228
0.597251
0.636716
0.633096
0.631188
0.627882
0.629549
0.630707
0.568631
0.562689
0.557982
0.550953
0.550650
0.569786
0.620787
0.624818
0.623180
0.626132
0.621705
0.623850
0.605174
0.556752
0.557782
0.557919
0.556389
0.550785
0.556990
0.555203
0.547854
0.547996
0.554630
0.555145
0.562345
0.557271
0.552605
0.551096
0.544045
0.545069
0.548716
0.547215
0.548868
0.616059
0.800787
0.633204
0.629314
0.630853
0.640141
0.638366
0.703389
0.560145
0.552327
0.546796
0.553626
0.550216
0.603965
0.632403
0.643882
0.628642
0.647834
0.634804
0.632205
0.577052
0.548891
0.544223
0.551483
0.547905
0.553787
0.608935
0.628529
0.637158
0.633878
0.629041
0.631399
0.627944
0.568557
0.551996
0.550984
0.549471
0.559677
0.553177
0.562621
0.571954
0.565044
0.557435
0.552396
0.547357
0.547657
0.554078
0.553266
0.555653
0.549701
0.403402
0.549480
0.549411
0.549827
0.556754
0.549143
0.557187
0.549359
0.555903
0.561865
0.582700
0.561352
0.568063
0.553974
0.563821
0.557110
0.558613
0.552560
0.544056
0.547558
0.544305
0.543382
0.550434
0.550820
0.553668
0.599384
0.623600
0.455015
0.642433
0.633373
0.659639
0.658043
0.631930
0.558247
0.566872
0.558304
0.553616
0.567277
0.584966
0.405811
0.551214
0.549346
0.546072
0.546817
0.575221
0.556534
0.579458
0.555995
0.560766
0.562116
0.562718
0.562419
0.575882
0.554595
0.552151
0.558723
0.549947
0.576969
0.633045
0.633137
0.641970
0.645386
0.648721
0.630657
0.605041
0.585977
0.637738
0.625815
0.625535
0.626706
0.625476
0.630813
0.586749
0.569379
0.550121
0.555038
0.552116
0.560349
0.572597
0.548870
0.565685
0.563335
0.562612
0.560687
0.553619
0.556474
0.558755
0.550073
0.553067
0.545670
0.549983
0.545569
0.549098
0.549537
0.545766
0.565001
0.582252
0.570812
0.560417
0.567951
0.571026
0.559881
0.561956
0.564804
0.562661
0.568919
0.566398
0.565210
0.567721
0.569920
0.566330
0.607576
0.638332
0.637758
0.623644
0.638260
0.665082
0.627385
0.578445
0.573919
0.568695
0.560440
0.554544
0.560969
0.556125
0.560213
0.568115
0.572991
0.563485
0.564085
0.566751
0.559369
0.571414
0.569253
0.577298
0.564551
0.565234
0.556801
0.560407
0.556440
0.558035
0.556557
0.556777
0.563593
0.558305
0.559964
0.561348
0.567446
0.557657
0.562341
0.566115
0.566281
0.565744
0.565314
0.570486
0.564179
0.576758
0.580188
0.565722
0.572740
0.570865
0.560351
0.561982
0.552653
0.549717
0.554886
0.561717
0.555972
0.561691
0.562765
0.557195
0.558693
0.557903
0.553949
0.563212
0.558032
0.555256
0.561101
0.562747
0.562446
0.562670
0.618666
0.632739
0.635448
0.627753
0.627989
0.627324
0.618474
0.574017
0.558833
0.558149
0.561352
0.557187
0.560285
0.554200
0.593139
0.631293
0.628509
0.623573
0.644239
0.635027
0.632550
0.609346
0.569838
0.564044
0.574066
0.560333
0.561365
0.573537
0.566119
0.601722
0.619098
0.624782
0.628974
0.632156
0.624705
0.634680
0.577277
0.551826
0.557529
0.546908
0.550305
0.554981
0.552656
0.552048
0.557003
0.549164
0.550288
0.552590
0.608855
0.635688
0.626921
0.640097
0.634080
0.632819
0.626866
0.570026
0.550814
0.551766
0.544866
0.556334
0.553652
0.551816
0.710046
0.554565
0.549697
0.560107
0.552926
0.558878
0.549222
0.558975
0.707679
0.703708
0.555087
0.563657
0.551082
0.577391
0.625212
0.625309
0.622646
0.621030
0.627573
0.635711
0.589840
0.542198
0.557295
0.580167
0.638573
0.631281
0.634229
0.627639
0.634577
0.633266
0.609911
0.607911
0.631907
0.629763
0.643574
0.644518
0.633259
0.635429
0.580009
0.575480
0.626500
0.616171
0.625223
0.622577
0.627126
0.628156
0.650363
0.628300
0.633153
0.638924
0.628797
0.639036
0.624874
0.592754
0.626190
0.637485
0.641964
0.633512
0.640451
0.636103
0.578414
0.555056
0.548235
0.547085
0.548919
0.557791
0.544462
0.547672
0.548049
0.552805
0.552735
0.561346
0.549510
0.553028
0.558974
0.551350
0.550885
0.556124
0.554072
0.558372
0.561514
0.562498
0.555606
0.556873
0.555852
0.568741
0.552369
0.549017
0.545099
0.542911
0.547293
0.548793
0.566183
0.553030
0.548632
0.552756
0.552482
0.558876
0.562604
0.560229
0.552494
0.558918
0.551110
0.552344
0.550274
0.555973
0.563217
0.549878
0.555104
0.555169
0.557336
0.558789
0.554015
0.557279
0.546333
0.555257
0.574640
0.622498
0.623445
0.634473
0.636977
0.631762
0.635234
0.588671
0.593569
0.629223
0.628356
0.629747
0.634328
0.639382
0.639351
0.578341
0.553648
0.564173
0.549532
0.544321
0.545119
0.543906
0.543398
0.543912
0.548942
0.550784
0.545726
0.550491
0.558049
0.549758
0.554381
0.551342
0.554691
0.552632
0.560491
0.555607
0.551133
0.548431
0.559400
0.550598
0.702943
0.604631
0.632530
0.624703
0.633630
0.621383
0.625838
0.628124
0.715450
0.558144
0.547487
0.549978
0.546125
0.543323
0.701616
0.577170
0.629720
0.638180
0.637922
0.629379
0.639434
0.632736
0.588703
0.706575
0.553819
0.781104
0.630627
0.803886
0.624044
0.633502
0.629464
0.601291
0.555870
0.711423
0.554065
0.558617
0.599324
0.811504
0.629422
0.632786
0.807687
0.630831
0.759705
0.560739
0.559341
0.558345
0.705636
0.560773
0.562915
0.702882
0.546269
0.554727
0.698665
0.555130
0.550559
0.544574
0.548673
0.547735
0.555617
0.549762
0.558013
0.704075
0.709415
0.546932
0.590067
0.820496
0.628490
0.644257
0.640755
0.633781
0.634070
0.571965
0.559835
0.558561
0.774702
0.626059
0.625503
0.797030
0.795249
0.624218
0.650746
0.625512
0.637095
0.626653
0.619899
0.628659
0.628525
0.562836
0.698649
0.550559
0.547945
0.549280
0.768298
0.628999
0.806701
0.655827
0.632168
0.634028
0.636121
0.554672
0.550974
0.542486
0.546994
0.577804
0.629693
0.625139
0.621371
0.626310
0.799962
0.621064
0.571490
0.550262
0.554398
0.553467
0.704607
0.553608
0.702099
0.553401
0.582213
0.643253
0.631864
0.631336
0.632934
0.622976
0.630314
0.588624
0.697102
0.557383
0.546481
0.546135
0.559089
0.706354
0.553507
0.549066
0.555401
0.549920
0.706858
0.564160
0.711836
0.551142
0.716101
0.568134
0.707318
0.555756
0.565643
0.558181
0.699010
0.546421
0.705876
0.550454
0.557899
0.547761
0.550650
0.702423
0.553750
0.549996
0.552313
0.715988
0.606512
0.636574
0.808850
0.638185
0.808936
0.818333
0.605429
0.702783
0.556613
0.707553
0.705586
0.580761
0.744540
0.575517
0.702060
0.543564
0.697919
0.769744
0.796047
0.808230
0.805188
0.627904
0.630815
0.730580
0.756262
0.625085
0.812237
0.807962
0.803589
0.794509
0.806838
0.800925
0.805891
0.798851
0.796216
0.750846
0.699032
0.696627
0.695648
0.692882
0.700696
0.699060
0.693500
0.753533
0.805770
0.628711
0.816260
0.812377
0.797718
0.720494
0.706803
0.725880
0.808457
0.817568
0.818467
0.818491
0.804827
0.731287
0.716488
0.710439
0.699396
0.699147
0.698936
0.709399
0.703527
0.702598
0.695091
0.699831
0.721046
0.813066
0.849980
0.817357
0.807901
0.792685
0.706320
0.702300
0.713693
0.705308
0.716018
0.710987
0.780706
0.806935
0.802279
0.804636
0.631189
0.777932
0.562839
0.704969
0.694599
0.699756
0.694710
0.705389
0.698695
0.696110
0.700785
0.700832
0.701989
0.704412
0.702275
0.795776
0.811367
0.799761
0.809566
0.802017
0.745805
0.701837
0.706128
0.752016
0.796987
0.796438
0.794092
0.793719
0.798467
0.696974
0.697996
0.697926
0.696455
0.707339
0.724877
0.799433
0.805709
0.801400
0.845678
0.799990
0.743158
0.805128
0.797736
0.801163
0.802121
0.815796
0.717372
0.709122
0.698132
0.803498
0.797553
0.794992
0.822971
0.832120
0.805623
0.821292
0.795469
0.799400
0.809747
0.783006
0.758449
0.809391
0.804491
0.802636
0.811930
0.799914
0.712544
0.720477
0.710237
0.784768
0.807111
0.809091
0.798803
0.812477
0.800564
0.703715
0.695176
0.706772
0.712505
0.749645
0.796262
0.798827
0.810834
0.797934
0.808366
0.707653
0.706536
0.710422
0.711196
0.707418
0.770930
0.813811
0.824809
0.807646
0.815840
0.793160
0.741610
0.716203
0.714511
0.703812
0.705915
0.694920
0.698430
0.772521
0.798943
0.814221
0.801598
0.801782
0.787493
0.705903
0.705995
0.702888
0.704597
0.716050
0.724258
0.873671
0.873933
0.718283
1.025094
0.716117
0.880659
0.862799
1.011365
0.854652
0.865638
0.710984
0.714986
0.717757
0.712774
0.714111
0.727966
0.724396
0.716680
0.717781
0.714932
0.722555
0.714835
0.727458
0.796401
0.812652
0.814650
0.824803
0.815772
0.778091
0.710405
0.714547
0.711698
0.864128
0.707586
0.709743
1.168873
1.741277
1.134888
1.488387
0.782254
1.022763
1.480338
1.185408
1.187270
0.720383
1.338188
1.673880
1.153853
0.808162
1.517729
1.393274
1.343218
1.330249
0.873229
1.314994
0.885376
0.961335
0.794247
1.136526
1.320075
1.936901
1.175729
0.723173
0.714805
0.869618
0.862890
0.712890
0.948009
0.985355
1.493337
1.037671
1.810972
1.769547
1.794206
2.034179
1.971113
1.974691
1.954902
2.173377
1.726553
1.869337
1.914351
1.875374
1.799571
1.960018
1.943309
1.575142
1.754879
1.752314
1.753948
1.917974
1.892005
1.992577
1.969272
1.970083
2.162083
1.969419
1.974923
1.984974
1.751704
1.947834
1.905656
1.885985
1.721621
1.724723
1.973041
1.959477
1.947076
1.967229
2.128397
1.973874
1.735489
2.030839
1.976230
1.882035
1.873793
1.906676
1.905060
2.112021
2.120545
2.239433
2.372105
2.496198
1.760158
1.914365
1.902984
2.103146
1.898731
1.744171
1.748709
2.320226
2.487743
2.132135
2.142696
2.067434
1.896336
2.075310
1.925954
2.116119
1.963903
1.791936
2.100346
2.249895
2.156833
1.274661
1.715828
1.878116
1.870691
2.083776
1.713191
2.101163
1.884615
1.986180
2.134806
1.895937
2.475926
1.724386
1.725617
2.013881
2.493697
2.025243
1.730194
1.939142
1.725667
1.806824
2.491646
2.325626
2.203208
1.895980
1.898505
2.336749
2.954303
1.962297
2.281199
1.824221
2.481056
2.481585
2.040727
1.775861
1.573763
2.236126
1.998089
2.483965
1.742220
1.716222
2.081511
1.760641
1.874042
1.869431
1.869953
1.869961
1.720543
1.876210
1.876208
1.727881
1.722150
1.869561
1.869459
1.866439
1.712110
1.869627
1.970818
2.322632
2.071191
2.074465
2.365943
1.883098
1.722814
1.938484
2.156815
1.946880
1.868987
1.886581
1.886803
2.013230
1.959130
2.051615
1.983206
2.122970
2.238600
1.932573
2.127691
2.092172
1.947582
2.023332
1.718725
1.717005
1.716694
1.726966
1.736975
1.881207
0.717592
0.865181
1.814902
2.015073
1.853158
1.744772
1.869203
1.824913
1.982446
2.093696
1.757374
1.901430
1.731574
1.997942
2.152702
2.057473
2.074629
1.719279
1.565776
1.117196
1.947079
2.168870
2.083984
1.874567
1.875479
1.728239
2.001563
1.956487
1.890727
1.720301
1.737953
1.874898
1.730399
1.735656
1.866591
1.846392
1.845140
1.868188
0.802856
0.798954
0.765599
2.205688
0.705055
0.554820
1.004474
1.657346
0.807787
0.807758
2.171887
1.840646
1.679585
2.023824
0.582526
1.626151
1.930928
1.621260
1.725044
1.742266
1.725755
1.723228
1.431364
1.973812
2.029225
1.877030
1.869381
1.759788
1.963999
2.117622
1.904902
1.750509
1.598262
1.904599
1.910338
1.756438
1.816555
1.964141
1.963227
1.732034
1.728904
1.970445
2.149762
2.069586
1.731538
2.010824
1.964970
1.986468
2.155540
2.058565
1.724843
1.866569
1.874130
1.892787
1.873318
1.985806
2.140229
2.060655
1.871839
1.752955
1.875789
1.889857
1.873389
2.337794
1.832527
1.778947
2.031811
2.141913
1.723729
1.726946
1.722090
1.114633
1.925865
1.724064
1.720746
2.075793
1.724845
1.873690
1.945984
1.274163
2.132688
1.912986
1.890794
1.143989
1.906717
1.760526
1.143130
1.910905
1.848242
2.135044
2.041918
1.909643
2.012439
2.147231
2.011472
1.717974
1.820204
1.951269
1.900383
1.871623
1.575125
1.718199
1.914971
1.956386
1.799705
1.896945
1.722238
1.875323
1.725237
2.081652
1.715526
1.724938
1.122435
1.867549
1.877307
1.875548
2.087611
1.874444
2.086891
1.831759
1.717213
1.819250
1.805980
2.193019
2.116149
2.025624
2.043075
2.646606
2.048538
2.256099
2.324927
2.724844
1.792277
2.232311
0.973974
1.770819
1.754037
1.765264
0.983541
1.733236
1.729268
1.732697
1.729279
1.831907
1.960216
2.044170
1.714456
1.710974
1.817208
2.080658
1.717543
1.936812
1.723477
1.719369
1.716326
1.911251
2.414641
2.448454
1.966197
1.883349
2.186514
1.830617
2.161389
1.952486
2.141424
2.083466
1.719527
1.874463
1.727616
1.723985
1.268274
1.725078
1.818229
1.788298
1.956439
1.819320
1.964513
2.146587
2.132910
1.446307
1.744436
1.575130
1.565788
1.722766
2.013496
2.139589
1.406879
1.976968
2.138624
2.152485
2.123608
2.062557
1.715835
1.863847
1.719338
1.869905
1.874873
1.880499
1.723062
1.278379
1.571015
0.559105
0.875554
1.716691
1.575356
1.626409
1.623172
1.827736
0.461330
1.679546
1.799749
0.931573
1.873366
1.528238
1.460713
0.556748
1.759357
1.606068
1.621628
0.698171
0.703755
1.059098
1.308518
1.143151
1.314357
2.149333
2.062654
0.744795
0.548679
0.710037
0.704457
1.012051
0.556002
1.002651
0.554906
0.550752
0.568567
0.709860
0.562640
0.552616
0.548997
0.550267
0.545112
0.547010
0.553404
0.548460
0.696093
0.548618
0.701837
0.547295
0.546401
0.702469
0.552663
0.552773
0.706548
0.558158
1.014402
0.713266
0.554657
0.559828
0.560072
0.557709
0.709972
0.557871
0.704092
0.550018
0.547782
0.548730
0.545902
0.548135
0.698616
0.552648
0.545504
0.558196
0.547741
0.701484
0.547319
0.557232
0.551430
0.706694
0.549258
0.851487
0.553489
0.552093
0.700092
0.556947
0.558031
0.560521
0.547476
0.551183
0.548520
0.553295
0.544721
0.547349
0.715892
0.567890
0.559957
0.559549
0.559292
0.579850
0.573963
0.580997
0.588253
0.638638
0.631569
0.805559
0.805963
0.814114
0.752997
0.554197
0.594788
0.630290
0.627891
0.622155
0.627542
0.627168
0.796827
0.703917
0.698881
0.547291
0.542556
0.557023
0.549827
0.552354
0.558521
0.550936
0.551370
0.549620
0.555368
0.561463
0.567489
0.557733
0.705541
0.703316
0.552090
0.851877
0.552261
0.699319
0.546478
0.556805
0.545831
0.557895
0.543662
0.550232
0.550403
0.564959
0.560327
0.698418
0.551490
0.604684
0.630124
0.628312
0.640475
0.636114
0.806876
0.626287
0.579172
0.554004
0.554855
0.698766
0.556280
0.545597
0.548689
0.546088
0.547130
0.545671
0.546759
0.555825
0.703142
0.698991
0.718742
0.711122
0.561108
0.552819
0.556118
0.551045
0.563369
0.551010
0.551679
0.556456
0.582253
0.564668
0.558138
0.565550
0.549389
0.710755
0.550025
0.556953
0.546312
0.548481
0.549895
0.548088
0.542468
0.545437
0.551849
0.550183
0.559350
0.551719
0.554150
0.549282
0.560727
0.565239
0.554837
0.618962
0.634152
0.636904
0.629233
0.637401
0.644049
0.630495
0.567708
0.550049
0.550476
0.557389
0.552128
0.552573
0.401641
0.548092
0.556982
0.550439
0.559541
0.552153
0.570005
0.549174
0.563453
0.555510
0.556554
0.556221
0.578977
0.557326
0.564083
0.553785
0.549392
0.545522
0.549708
0.551714
0.552536
0.553382
0.548840
0.551648
0.556819
0.569581
0.591880
0.555058
0.551808
0.559194
0.555002
0.592984
0.639123
0.630660
0.640144
0.633211
0.641244
0.639032
0.584408
0.636757
0.626192
0.627441
0.624259
0.460238
0.626528
0.614757
0.556934
0.609442
0.628884
0.637577
0.627926
0.624397
0.628108
0.633531
0.599460
0.564622
0.562275
0.571001
0.560553
0.573107
0.566749
0.566786
0.567102
0.562428
0.565948
0.559900
0.552441
0.558095
0.560863
0.566616
0.560922
0.555387
0.557352
0.558316
0.557921
0.557118
0.561641
0.560392
0.565871
0.568510
0.560528
0.585079
0.631863
0.631584
0.634325
0.635088
0.634801
0.635345
0.599486
0.556057
0.552026
0.548311
0.551921
0.551696
0.556741
0.544952
0.553239
0.558731
0.562429
0.550063
0.554991
0.553222
0.552103
0.550885
0.551871
0.552909
0.562032
0.558981
0.556017
0.553832
0.562261
0.556028
0.560249
0.546223
0.548812
0.552604
0.556437
0.545667
0.549722
0.547385
0.550952
0.546108
0.563004
0.559046
0.559132
0.547940
0.696790
0.547232
0.558640
0.554724
0.556191
0.561020
0.555455
0.560307
0.552634
0.559248
0.556763
0.549569
0.559794
0.550707
0.543557
0.548673
0.546075
0.548451
0.550743
0.554867
0.557713
0.550865
0.601870
0.628912
0.629979
0.633604
0.628797
0.631870
0.631859
0.610420
0.626877
0.657776
0.642961
0.639966
0.640960
0.626808
0.551926
0.552926
0.544842
0.546947
0.546792
0.547858
0.551041
0.556523
0.564360
0.551311
0.595664
0.639043
0.625707
0.635747
0.646278
0.638724
0.642291
0.569523
0.557541
0.553291
0.555691
0.559490
0.547052
0.545844
0.541793
0.540087
0.543204
0.544382
0.544615
0.546800
0.548562
0.545511
0.549209
0.545987
0.559823
0.561748
0.559383
0.608837
0.633870
0.626459
0.635782
0.633829
0.632513
0.637848
0.591265
0.563238
0.554708
0.549543
0.556418
0.564505
0.551780
0.561124
0.551006
0.577386
0.556375
0.553696
0.554776
0.568685
0.588646
0.634460
0.640367
0.636929
0.657847
0.634155
0.632903
0.592473
0.575611
0.566571
0.564384
0.561098
0.568145
0.557107
0.557315
0.559939
0.557119
0.562566
0.559518
0.562043
0.561802
0.558438
0.569548
0.550863
0.550478
0.564999
0.561201
0.552883
0.547901
0.565810
0.552941
0.561618
0.565861
0.554412
0.555000
0.547752
0.545638
0.546064
0.544765
0.553299
0.555000
0.551325
0.542778
0.556478
0.556823
0.602361
0.637156
0.657135
0.637983
0.632103
0.642229
0.635584
0.591093
0.558716
0.562763
0.557631
0.562751
0.554175
0.554878
0.558593
0.547591
0.557551
0.546844
0.550800
0.575686
0.551863
0.579107
0.555468
0.555550
0.552468
0.555066
0.548815
0.558738
0.553051
0.554048
0.552446
0.551257
0.552418
0.561216
0.553277
0.563142
0.554044
0.550534
0.559527
0.551149
0.547711
0.546414
0.544010
0.544573
0.549791
0.546231
0.542896
0.570777
0.623448
0.626327
0.635664
0.802428
0.624637
0.632871
0.559185
0.564069
0.579623
0.571090
0.560447
0.559215
0.555187
0.558491
0.557678
0.551781
0.603071
0.619706
0.621790
0.624578
0.626869
0.640338
0.638251
0.581164
0.547181
0.545555
0.553050
0.556544
0.579342
0.636804
0.629292
0.642195
0.636656
0.634383
0.634046
0.593921
0.565181
0.554606
0.556914
0.556605
0.546966
0.548264
0.547908
0.545277
0.548054
0.551196
0.552596
0.564255
0.552445
0.550713
0.552697
0.554752
0.549666
0.551774
0.561706
0.552272
0.560878
0.563663
0.562327
0.562866
0.562661
0.564266
0.557611
0.566804
0.618855
0.632549
0.629074
0.628036
0.625076
0.620916
0.605907
0.550036
0.557917
0.549306
0.548413
0.553082
0.623707
0.647109
0.629604
0.635200
0.629969
0.633608
0.633277
0.574392
0.707997
0.557512
0.557254
0.552014
0.556764
0.552462
0.548782
0.550729
0.546013
0.553937
0.547102
0.554379
0.600176
0.631325
0.625182
0.627468
0.640330
0.641975
0.633853
0.568364
0.555103
0.549842
0.558710
0.554196
0.709358
0.567278
0.602031
0.624815
0.796919
0.621647
0.790279
0.636359
0.609759
0.549213
0.708279
0.558367
0.707002
0.753476
0.627398
0.631479
0.638621
0.808100
0.636068
0.630037
0.551700
0.551203
0.556651
0.556111
0.554170
0.572540
0.552318
0.695787
0.546988
0.541882
0.542090
0.556606
0.556138
0.554387
0.604080
0.628357
0.633444
0.627535
0.631061
0.629778
0.626442
0.570544
0.712369
0.563227
0.560605
0.557453
0.561496
0.556073
0.552347
0.554640
0.555448
0.550369
0.557859
0.558001
0.700961
0.545842
0.546562
0.547570
0.550158
0.557457
0.553228
0.550362
0.700641
0.548627
0.557562
0.561001
0.561326
0.552055
0.556515
0.562280
0.552532
0.706442
0.700669
0.555616
0.596854
0.633006
0.628706
0.623485
0.633472
0.620353
0.623618
0.629774
0.807583
0.628953
0.629291
0.631698
0.623172
0.630786
0.559820
0.552568
0.554905
0.548732
0.559678
0.557544
0.563452
0.556737
0.550369
0.555383
0.560453
0.553674
0.553703
0.549151
0.549528
0.549998
0.551441
0.550093
0.561962
0.551334
0.552913
0.549373
0.547135
0.548917
0.557487
0.558056
0.552868
0.558421
0.550011
0.574707
0.629979
0.635177
0.637962
0.632979
0.638508
0.626480
0.606558
0.553268
0.783362
0.626190
0.627628
0.623335
0.624355
0.623284
0.599298
0.561870
0.553957
0.550645
0.552243
0.559040
0.551812
0.554503
0.560065
0.555895
0.560314
0.566990
0.556116
0.564562
0.713898
0.560504
0.560752
0.556951
0.547964
0.547749
0.546146
0.574081
0.639729
0.642210
0.802625
0.633530
0.634138
0.631774
0.573169
0.596345
0.799659
0.633632
0.633239
0.659635
0.643767
0.612341
0.558599
0.553944
0.555279
0.547005
0.550100
0.546252
0.546668
0.545546
0.544779
0.548023
0.553947
0.560722
0.552678
0.550599
0.553503
0.554647
0.557279
0.550205
0.563144
0.553693
0.560372
0.571273
0.556883
0.567172
0.557968
0.558775
0.559772
0.552484
0.547102
0.547939
0.698729
0.704183
0.729509
0.800165
0.796112
0.809688
0.624371
0.810893
0.610432
0.562143
0.716736
0.562809
0.854130
0.902136
0.643327
0.638145
0.636849
0.631326
0.634245
0.629478
0.800176
0.624290
0.802669
0.630094
0.627244
0.631894
0.759023
0.707501
0.554132
0.551102
0.549946
0.552382
0.555272
0.559165
0.549485
0.555893
0.579887
0.642261
0.634210
0.636997
0.801309
0.636023
0.636444
0.578890
0.654835
0.628080
0.628638
0.626663
0.619956
0.625319
0.590593
0.544778
0.786068
0.805894
0.805299
0.808881
0.808531
0.613583
0.554531
0.551483
0.555130
0.557515
0.560913
0.578720
0.801820
0.644976
0.643997
0.633093
0.648979
0.635768
0.556742
0.550426
0.550637
0.547474
0.560690
0.702846
0.550380
0.855710
0.701769
1.009246
0.864680
1.046924
0.725510
0.852672
0.890481
0.822816
0.802914
1.319672
1.159106
1.465711
1.311467
2.345557
2.180969
1.905622
1.615481
1.163823
0.549461
1.159365
0.852254
1.159698
0.939724
1.150075
1.317842
1.780884
0.862806
1.011823
0.924395
0.974676
1.144757
1.147920
1.540212
1.724449
1.973683
1.813133
0.554549
1.806610
1.948784
1.816530
1.865252
1.424774
0.606060
1.620989
0.579328
2.403147
1.842176
1.616769
1.459941
1.467269
1.767155
1.512240
1.816809
2.146391
0.860504
0.553217
1.162561
1.168601
1.312953
0.552124
0.707180
0.564858
0.557593
0.849613
0.545285
0.849487
0.856397
0.849821
0.853324
0.876652
0.973958
1.485485
1.492034
1.488038
0.854625
1.459515
1.908450
0.853723
2.064518
0.857077
0.703693
0.706441
0.701530
1.002912
0.562679
0.563162
0.556471
0.549499
0.551972
0.546370
0.571231
0.622567
0.620919
0.635249
0.796137
0.807587
0.628609
0.707020
0.965412
0.628355
0.631327
0.807472
0.635065
0.782834
0.706232
0.549042
0.605111
0.638806
0.969331
0.986348
1.147101
1.331033
1.412115
2.175456
2.634362
2.043721
1.738354
1.836926
1.950478
1.490638
2.202220
1.305970
1.906444
1.913835
2.200439
0.553652
0.585168
0.560330
0.591929
0.824174
0.807728
0.817775
0.985858
0.791557
0.552875
0.855000
1.006238
0.989960
1.301077
1.440415
0.861532
1.002085
1.005715
0.699575
1.301152
1.606384
1.762790
1.781593
1.815942
1.837016
1.854594
0.636464
1.798411
1.661610
0.439114
1.876569
0.705854
2.007677
1.467021
1.459802
1.983147
0.466276
1.307253
1.833616
1.695613
1.614697
1.812718
0.704328
1.639753
1.975103
1.842562
0.606541
0.555399
1.126398
1.855213
1.676325
1.626723
1.617904
1.468801
1.625269
1.619259
1.875387
1.476263
1.634334
1.513212
2.144323
1.955049
1.568418
1.614826
1.719384
1.145169
1.503003
1.249307
0.700051
0.860542
0.712749
0.554549
0.551835
0.550552
0.718755
0.806204
1.161780
1.153420
2.518016
1.975641
1.973354
1.789037
1.975220
2.020502
1.938156
1.794669
1.616402
1.957593
0.577738
0.404113
1.625141
2.061025
1.608600
0.560697
1.104183
1.316715
1.661149
1.511963
2.029953
1.910424
1.466238
1.472417
1.645407
1.846841
1.837410
1.660747
2.687182
0.730814
1.299441
0.694589
0.545816
0.562012
0.553695
0.552615
0.707147
0.548446
0.551280
0.696373
0.713826
0.557793
0.551853
0.554440
0.554399
0.556289
0.567812
0.566801
0.556787
0.559594
0.551553
0.550912
0.557864
0.550977
0.552687
0.546211
0.544245
0.551164
0.701482
0.543100
0.548000
0.547251
0.552328
0.544882
0.627299
0.632447
0.624601
0.636889
0.632969
0.633592
0.650015
0.641692
0.642744
0.634407
0.633704
0.630621
0.626063
0.584960
0.544376
0.548370
0.549808
0.562341
0.550185
0.556811
0.551038
0.551554
0.549823
0.549934
0.549478
0.551563
0.561061
0.552575
0.555476
0.557024
0.551350
0.550390
0.554918
0.572272
0.560165
0.550521
0.550688
0.542213
0.540558
0.555019
0.543298
0.543042
0.549006
0.565830
0.625342
0.625482
0.633538
0.633287
0.632525
0.662711
0.608923
0.559613
0.552049
0.560219
0.585031
0.558796
0.560911
0.550457
0.562050
0.549964
0.548064
0.549076
0.581716
0.621402
0.623830
0.618644
0.626805
0.622762
0.633193
0.584478
0.550998
0.555920
0.555357
0.554102
0.551738
0.557537
0.553022
0.552109
0.549037
0.556667
0.560534
0.559854
0.556849
0.555968
0.551356
0.560517
0.546164
0.548709
0.614938
0.626137
0.627694
0.626027
0.621634
0.632066
0.641787
0.630986
0.626503
0.629909
0.629289
0.628165
0.624572
0.634402
0.639429
0.628977
0.634274
0.628466
0.631693
0.628358
0.606950
0.551937
0.549997
0.542321
0.549851
0.545737
0.557954
0.546729
0.548069
0.547892
0.551974
0.548553
0.549558
0.550346
0.549160
0.553773
0.568055
0.648019
0.637351
0.634469
0.629396
0.623768
0.631086
0.632574
0.634386
0.626105
0.633298
0.625976
0.624158
0.626357
0.570584
0.546751
0.549211
0.606598
0.636762
0.634275
0.637841
0.636994
0.638668
0.640528
0.574040
0.553899
0.557483
0.566482
0.615397
0.633796
0.632779
0.630681
0.621416
0.625038
0.623689
0.562912
0.548543
0.599835
0.625337
0.630188
0.638156
0.622937
0.625649
0.630899
0.572405
0.546247
0.553112
0.562272
0.554280
0.552942
0.555752
0.565811
0.565933
0.559513
0.556057
0.558617
0.568311
0.546718
0.545312
0.549715
0.550654
0.546954
0.547924
0.553595
0.557167
0.551792
0.556973
0.553215
0.550034
0.549393
0.549866
0.616374
0.633019
0.630766
0.633469
0.628169
0.631988
0.633647
0.566472
0.552543
0.543784
0.550997
0.549571
0.540186
0.543769
0.554200
0.547507
0.542814
0.551251
0.550935
0.563506
0.552478
0.556579
0.551602
0.560375
0.549815
0.556453
0.559254
0.558978
0.554533
0.550175
0.560936
0.551289
0.557008
0.551077
0.559413
0.556001
0.547274
0.552073
0.551248
0.551400
0.547348
0.568226
0.551337
0.553695
0.562569
0.562815
0.554327
0.552316
0.548803
0.551854
0.549550
0.554803
0.559369
0.549535
0.554564
